epoch, x, y, z, vx, vy, vz
A.D. 1950-Jan-01, -1.240541573059994E+00,  1.890422224543093E+01,  8.563035319460151E-02, -6.104790721030293E-03, -2.902058874826083E-04, -2.290895470622971E-03
A.D. 1950-Jul-01, -1.954306479805732E+00,  1.881169960635708E+01,  9.592497676294308E-02, -2.719681749453097E-03, -1.251921179881948E-03, -2.819515653662179E-03
A.D. 1951-Jan-01, -2.677549130252777E+00,  1.869004788051031E+01,  1.048202750910845E-01, -2.789370666999351E-03, -1.388772458162724E-03, -2.858585295270334E-03
A.D. 1951-Jul-01, -3.386576660446727E+00,  1.854366395040821E+01,  1.142300349350909E-01, -7.902590729144077E-04, -1.567943144300863E-03,  4.137581032342119E-05
A.D. 1952-Jan-01, -4.101492172435864E+00,  1.836695867097398E+01,  1.228516266475526E-01, -7.660458878685103E-04, -1.730990987675985E-03, -5.450345534999049E-05
A.D. 1952-Jul-01, -4.801778280493981E+00,  1.816448044495850E+01,  1.302059056562811E-01, -3.279176539146930E-03, -1.736064162965427E-03, -3.043747713782172E-03
A.D. 1953-Jan-01, -5.503970982920900E+00,  1.793265303911704E+01,  1.384271409995349E-01, -3.330637173000443E-03, -1.868418807613716E-03, -3.063532105741799E-03
A.D. 1953-Jul-01, -6.187683380337220E+00,  1.767807521451548E+01,  1.473584362801918E-01, -7.370282988509866E-04, -2.239466395637600E-03, -6.600466587155336E-04
A.D. 1954-Jan-01, -6.872489092728322E+00,  1.739183581201754E+01,  1.551866654576841E-01, -7.093798345886607E-04, -2.394635085390083E-03, -7.562866983597959E-04
A.D. 1954-Jul-01, -7.537202973691582E+00,  1.708411522254517E+01,  1.622207111761811E-01, -1.654723078061346E-03, -1.862039071194414E-03,  2.523612284563471E-03
A.D. 1955-Jan-01, -8.199965114538710E+00,  1.674462925866185E+01,  1.696067652388887E-01, -1.515766430104145E-03, -2.030034704794556E-03,  2.461344240104469E-03
A.D. 1955-Jul-01, -8.839594282719426E+00,  1.638492355568710E+01,  1.752052085999530E-01, -4.818565735934074E-03, -1.375676373399336E-03,  2.845498715345889E-03
A.D. 1956-Jan-01, -9.475780328484786E+00,  1.599390861218477E+01,  1.820581623245653E-01, -4.651706178074519E-03, -1.527267750538885E-03,  2.886657420830482E-03
A.D. 1956-Jul-01, -1.008982198393307E+01,  1.558249597861363E+01,  1.900326845189192E-01, -8.687322161990633E-04, -2.591307967686411E-03,  2.022642426004078E-03
A.D. 1957-Jan-01, -1.069492667570701E+01,  1.514203751713462E+01,  1.962831491892429E-01, -7.211554159074564E-04, -2.746133187655138E-03,  1.944259117274429E-03
A.D. 1957-Jul-01, -1.127394592506002E+01,  1.468538505047677E+01,  2.007910021518743E-01, -3.808213486681565E-03, -2.015589405203738E-03,  3.085827505812916E-03
A.D. 1958-Jan-01, -1.184407591009889E+01,  1.419828835954739E+01,  2.064194490762112E-01, -3.612859045868342E-03, -2.156942225562846E-03,  3.105809346134113E-03
A.D. 1958-Jul-01, -1.238532953181394E+01,  1.369691134531391E+01,  2.106173893728435E-01, -5.975182078481073E-03, -2.077205099811130E-03,  6.362871786244869E-04
A.D. 1959-Jan-01, -1.291673522923423E+01,  1.316616484786029E+01,  2.155422542593278E-01, -5.841769917582960E-03, -2.183793342684199E-03,  7.312932861149444E-04
A.D. 1959-Jul-01, -1.341779611780280E+01,  1.262355909619816E+01,  2.205209279149224E-01, -4.627736770630823E-03, -2.987190042149124E-03, -2.527777311625679E-03
A.D. 1960-Jan-01, -1.390701674371137E+01,  1.205243937926375E+01,  2.246996003793772E-01, -4.582828169025544E-03, -3.068476367905284E-03, -2.471083979034241E-03
A.D. 1960-Jul-01, -1.437032226480594E+01,  1.146906784096740E+01,  2.281252866049642E-01, -5.276476258192120E-03, -2.463050914885506E-03,  1.306582632717370E-03
A.D. 1961-Jan-01, -1.481419615619727E+01,  1.086099975725609E+01,  2.316181847970643E-01, -5.105595430712095E-03, -2.556180851166511E-03,  1.392469657605119E-03
A.D. 1961-Jul-01, -1.522616576300211E+01,  1.024576208711942E+01,  2.348544887047076E-01, -4.628796489608873E-03, -3.201534590644583E-03, -2.056336329012062E-03
A.D. 1962-Jan-01, -1.562209575091753E+01,  9.604485076653773E+00,  2.375574899263077E-01, -4.552875624852930E-03, -3.264305063227411E-03, -1.985357514616143E-03
A.D. 1962-Jul-01, -1.598660712535278E+01,  8.958778437598113E+00,  2.411985619995910E-01, -1.170658551155806E-03, -4.199718412014089E-03, -3.020444077721434E-03
A.D. 1963-Jan-01, -1.633213599001646E+01,  8.288017766290785E+00,  2.431273803324210E-01, -1.122459925140795E-03, -4.258354857071029E-03, -3.047449949781416E-03
A.D. 1963-Jul-01, -1.664742342875043E+01,  7.615429033112225E+00,  2.456188747701292E-01,  1.388127548289897E-03, -4.489095387651495E-03, -4.744445545622481E-04
A.D. 1964-Jan-01, -1.694032344222084E+01,  6.918989761960844E+00,  2.468074947257072E-01,  1.516713842054112E-03, -4.562971978800954E-03, -5.696754646363259E-04
A.D. 1964-Jul-01, -1.720220994279359E+01,  6.218476503980414E+00,  2.464353376008366E-01, -1.277547269630686E-03, -4.333972698664956E-03, -3.147778684819508E-03
A.D. 1965-Jan-01, -1.744027432413447E+01,  5.500309522064885E+00,  2.468093723036359E-01, -1.218474462704826E-03, -4.367564615705741E-03, -3.153913112277330E-03
A.D. 1965-Jul-01, -1.764755734414307E+01,  4.785081154113877E+00,  2.479664181749907E-01,  1.789730202727673E-03, -4.763191151117250E-03, -1.157591096021575E-03
A.D. 1966-Jan-01, -1.782891166956943E+01,  4.049561410838463E+00,  2.475727793508369E-01,  1.908612690386879E-03, -4.808140479689688E-03, -1.248375141514551E-03
A.D. 1966-Jul-01, -1.798020532153704E+01,  3.319466885889146E+00,  2.465671899810243E-01,  1.569445435090848E-03, -4.260690241901803E-03,  2.153131169155756E-03
A.D. 1967-Jan-01, -1.810329702576396E+01,  2.571287802012382E+00,  2.454174736688318E-01,  1.792808648318881E-03, -4.312174790432061E-03,  2.079764774716293E-03
A.D. 1967-Jul-01, -1.819569840527834E+01,  1.830791175317414E+00,  2.425265729666508E-01, -1.312087693759879E-03, -3.491129237594183E-03,  2.983598681453096E-03
A.D. 1968-Jan-01, -1.825943982089094E+01,  1.074935160481849E+00,  2.405919393193091E-01, -1.055031372355699E-03, -3.521659583396703E-03,  3.011596176245575E-03
A.D. 1968-Jul-01, -1.829217330660342E+01,  3.254321129233085E-01,  2.396955679370722E-01,  2.618176173912247E-03, -4.496613872108522E-03,  1.579425580875360E-03
A.D. 1969-Jan-01, -1.829575732328848E+01, -4.330040091474492E-01,  2.369509980417828E-01,  2.827855187599073E-03, -4.518048606383471E-03,  1.492604935845012E-03
A.D. 1969-Jul-01, -1.827048164649073E+01, -1.178454994641184E+00,  2.326248133393997E-01,  3.046568619342743E-05, -3.636367987469695E-03,  3.120000763372665E-03
A.D. 1970-Jan-01, -1.821418013349930E+01, -1.934269440042840E+00,  2.291287098255596E-01,  2.902463341965039E-04, -3.642290886938092E-03,  3.125234304637414E-03
A.D. 1970-Jul-01, -1.812871645675161E+01, -2.674932233472184E+00,  2.241667122283875E-01, -2.351710904032923E-03, -3.296298840220793E-03,  1.043696211531254E-03
A.D. 1971-Jan-01, -1.801312516321902E+01, -3.423024447041559E+00,  2.198988615625867E-01, -2.154449140986725E-03, -3.263631433733416E-03,  1.132940854400905E-03
A.D. 1971-Jul-01, -1.786924144082841E+01, -4.153558047145694E+00,  2.156206669805260E-01, -1.387076216876418E-03, -3.835723586205220E-03, -2.274042522255202E-03
A.D. 1972-Jan-01, -1.769547160060390E+01, -4.888969400289532E+00,  2.105978672741841E-01, -1.295811274253804E-03, -3.770138213890673E-03, -2.204844416248232E-03
A.D. 1972-Jul-01, -1.749683850011323E+01, -5.608008778410602E+00,  2.051709167731584E-01, -1.395205538331140E-03, -3.128668025087279E-03,  1.674110918990326E-03
A.D. 1973-Jan-01, -1.726640859827078E+01, -6.325920697044129E+00,  1.995246518202066E-01, -1.187369978641438E-03, -3.075400976288480E-03,  1.755028391170174E-03
A.D. 1973-Jul-01, -1.701128034254858E+01, -7.022216921963188E+00,  1.936106272209501E-01, -1.201858183311537E-03, -3.464734966672627E-03, -1.727067510217524E-03
A.D. 1974-Jan-01, -1.672643035061709E+01, -7.718266134204267E+00,  1.872969013908066E-01, -1.103287136316331E-03, -3.377438669196223E-03, -1.646640051902078E-03
A.D. 1974-Jul-01, -1.641966193235153E+01, -8.390690991762597E+00,  1.820701577523716E-01,  2.076218858091432E-03, -4.183318390050607E-03, -3.161311499865106E-03
A.D. 1975-Jan-01, -1.608276304734045E+01, -9.060873794434748E+00,  1.751641269665103E-01,  2.121045870804935E-03, -4.088370134089368E-03, -3.173850865136296E-03
A.D. 1975-Jul-01, -1.572754640369340E+01, -9.705714442791617E+00,  1.692227223044805E-01,  4.962557900301891E-03, -4.297836996111199E-03, -9.900664872635552E-04
A.D. 1976-Jan-01, -1.534115976479895E+01, -1.034638659437718E+01,  1.618192218352704E-01,  5.062310605005452E-03, -4.217933902070526E-03, -1.081138973921340E-03
A.D. 1976-Jul-01, -1.493465452880334E+01, -1.096455753473276E+01,  1.529561005512931E-01,  1.916247807513118E-03, -3.704184185861677E-03, -3.180899463073757E-03
A.D. 1977-Jan-01, -1.450133367739689E+01, -1.157225746521965E+01,  1.450483401273408E-01,  1.947308856498199E-03, -3.587611858804227E-03, -3.171216671940737E-03
A.D. 1977-Jul-01, -1.405359286937917E+01, -1.215238256352585E+01,  1.383356479766278E-01,  5.167362839051131E-03, -3.955137268245532E-03, -1.632102380924574E-03
A.D. 1978-Jan-01, -1.357610185408141E+01, -1.272395327320126E+01,  1.300155620902712E-01,  5.233745683459662E-03, -3.852267712156593E-03, -1.715155476119923E-03
A.D. 1978-Jul-01, -1.308713963674453E+01, -1.326696053593715E+01,  1.216248234879270E-01,  5.372870360545500E-03, -3.271251005533192E-03,  1.740482747096099E-03
A.D. 1979-Jan-01, -1.256841386642373E+01, -1.379921194632775E+01,  1.129603772189801E-01,  5.531731700812557E-03, -3.181614627030077E-03,  1.659322540676909E-03
A.D. 1979-Jul-01, -1.203964864634584E+01, -1.430237183872908E+01,  1.029706813463377E-01,  2.547989117088638E-03, -2.195104857679949E-03,  3.063804696972671E-03
A.D. 1980-Jan-01, -1.148293806651621E+01, -1.479225894997712E+01,  9.398590982941875E-02,  2.742226868055386E-03, -2.093863361849891E-03,  3.077670483692454E-03
A.D. 1980-Jul-01, -1.091389686805141E+01, -1.525475907765124E+01,  8.626070500633937E-02,  6.086549119951071E-03, -2.957669992170444E-03,  1.113941373693538E-03
A.D. 1981-Jan-01, -1.032256158263645E+01, -1.569935274493359E+01,  7.696590780385268E-02,  6.207347606825659E-03, -2.849980484459604E-03,  1.022693965327505E-03
A.D. 1981-Jul-01, -9.726180608089528E+00, -1.611349760879232E+01,  6.657382111814136E-02,  3.612924602714116E-03, -1.845179282586126E-03,  3.099431769010012E-03
A.D. 1982-Jan-01, -9.104204870103194E+00, -1.651037999768083E+01,  5.707657565600123E-02,  3.788820413267345E-03, -1.733797201784440E-03,  3.092101599700277E-03
A.D. 1982-Jul-01, -8.478152561980844E+00, -1.687683599855527E+01,  4.637676562466688E-02,  7.922346190726519E-04, -1.155256757737421E-03,  1.443767584308149E-03
A.D. 1983-Jan-01, -7.829601349328562E+00, -1.722385829126242E+01,  3.668965656786458E-02,  9.088460376284831E-04, -1.015218145130426E-03,  1.528270513875989E-03
A.D. 1983-Jul-01, -7.178686950504286E+00, -1.754033964623417E+01,  2.716342591913824E-02,  1.073280821614055E-03, -1.381067944793728E-03, -1.941432898860783E-03
A.D. 1984-Jan-01, -6.507777318821851E+00, -1.783576378078026E+01,  1.732780484415642E-02,  1.074383410312572E-03, -1.214827633894110E-03, -1.862091882537885E-03
A.D. 1984-Jul-01, -5.836200817268674E+00, -1.810154875391737E+01,  7.676312044939914E-03,  1.439954375421804E-03, -6.008215490977428E-04,  2.027362671443622E-03
A.D. 1985-Jan-01, -5.147286072076247E+00, -1.834394480571516E+01, -2.152746304473281E-03,  1.549500182469100E-03, -4.593241635987258E-04,  2.099601377043837E-03
A.D. 1985-Jul-01, -4.461056257618265E+00, -1.855641664729616E+01, -1.207531091355031E-02,  9.204505672195282E-04, -6.446156964992397E-04, -1.328222973424953E-03
A.D. 1986-Jan-01, -3.758688625471861E+00, -1.874517565588881E+01, -2.192319758522426E-02,  9.170443903819608E-04, -4.771786591233885E-04, -1.237591275541457E-03
A.D. 1986-Jul-01, -3.061934097801146E+00, -1.890438778579238E+01, -3.041515469921837E-02,  3.698572405476759E-03, -1.208841110563964E-03, -3.199720253468739E-03
A.D. 1987-Jan-01, -2.350468211454867E+00, -1.903927002069104E+01, -4.019978669048721E-02,  3.622680600267680E-03, -1.040122845767664E-03, -3.196313185821848E-03
A.D. 1987-Jul-01, -1.648350952052435E+00, -1.914520552039078E+01, -4.852379681828980E-02,  6.628983240766540E-03, -1.309254714616969E-03, -1.450580859220133E-03
A.D. 1988-Jan-01, -9.319531749194666E-01, -1.922642521822641E+01, -5.814365953421970E-02,  6.591477029305900E-03, -1.164491033272308E-03, -1.534792874169226E-03
A.D. 1988-Jul-01, -2.218149796842395E-01, -1.928064482664529E+01, -6.897245981308357E-02,  3.059339356967434E-03, -4.638164256566517E-04, -3.106091972191733E-03
A.D. 1989-Jan-01,  4.955840087900213E-01, -1.930853028304884E+01, -7.841713079063886E-02,  2.967159506777352E-03, -2.959613074393267E-04, -3.080818668379672E-03
A.D. 1989-Jul-01,  1.200105038554393E+00, -1.930976911607738E+01, -8.623556377139924E-02,  6.241157483914656E-03, -7.281313334157178E-04, -2.035786802152087E-03
A.D. 1990-Jan-01,  1.915000563197861E+00, -1.928509171971273E+01, -9.543154931692328E-02,  6.167460218851508E-03, -5.814772116787703E-04, -2.107475543570255E-03
A.D. 1990-Jul-01,  2.614328834267723E+00, -1.923488081056026E+01, -1.041428831685831E-01,  6.699389906615763E-03, -8.425615680548982E-05,  1.330112510194826E-03
A.D. 1991-Jan-01,  3.323217586509342E+00, -1.915828899754723E+01, -1.130229150606485E-01,  6.716693849301489E-03,  3.634654073160199E-05,  1.242857402313572E-03
A.D. 1991-Jul-01,  4.015514619020746E+00, -1.905768167074553E+01, -1.228016905415943E-01,  3.853220227472050E-03,  1.055298946131440E-03,  3.110448561154838E-03
A.D. 1992-Jan-01,  4.714905019190703E+00, -1.892991448064888E+01, -1.313472896158602E-01,  3.917396047976114E-03,  1.173572137717747E-03,  3.111362849309031E-03
A.D. 1992-Jul-01,  5.401713926909863E+00, -1.877855549693533E+01, -1.384536326548774E-01,  6.799887660946254E-03,  3.308132634213292E-04,  6.667775515504848E-04
A.D. 1993-Jan-01,  6.088169240215966E+00, -1.860041134429936E+01, -1.466783012436061E-01,  6.776998381239409E-03,  4.499662669426222E-04,  5.725011668022770E-04
A.D. 1993-Jul-01,  6.754742183416175E+00, -1.840077736321582E+01, -1.555700226455349E-01,  4.397007050267838E-03,  1.438210057540051E-03,  3.046981914468156E-03
A.D. 1994-Jan-01,  7.424745930268857E+00, -1.817349241246975E+01, -1.633756374569337E-01,  4.440330661698640E-03,  1.547629044089786E-03,  3.026439474771763E-03
A.D. 1994-Jul-01,  8.074888316224623E+00, -1.792652036594345E+01, -1.721952679326889E-01,  1.128554526317285E-03,  2.226999239800885E-03,  1.851498074744338E-03
A.D. 1995-Jan-01,  8.724968158076065E+00, -1.765145320780023E+01, -1.795867883331404E-01,  1.131505798571714E-03,  2.352977678623355E-03,  1.930001340544771E-03
A.D. 1995-Jul-01,  9.354797909293252E+00, -1.735829676712037E+01, -1.867834368654286E-01,  6.588794725229534E-04,  2.087179770705798E-03, -1.520866193231775E-03
A.D. 1996-Jan-01,  9.981564386465218E+00, -1.703709414375706E+01, -1.937488105649452E-01,  5.482168520829412E-04,  2.232560568771378E-03, -1.432778450751547E-03
A.D. 1996-Jul-01,  1.058724258472149E+01, -1.669684158486850E+01, -2.000566843597050E-01,  1.362507420161014E-03,  2.687350375506082E-03,  2.373742782965520E-03
A.D. 1997-Jan-01,  1.118727639904223E+01, -1.633130390971755E+01, -2.064655503067432E-01,  1.360878761862495E-03,  2.797320669759100E-03,  2.436743027387121E-03
A.D. 1997-Jul-01,  1.176453314337860E+01, -1.595116755259467E+01, -2.129703388385542E-01,  1.205541922375198E-04,  2.706847627178635E-03, -8.558493522083622E-04
A.D. 1998-Jan-01,  1.233468655631116E+01, -1.554371509639699E+01, -2.188745775811036E-01,  1.366209331441220E-05,  2.836073639426430E-03, -7.597205975815012E-04
A.D. 1998-Jul-01,  1.288075786597024E+01, -1.512334077254396E+01, -2.233824925319863E-01,  2.338351146136590E-03,  2.082784980906282E-03, -3.130025348568175E-03
A.D. 1999-Jan-01,  1.341813791747895E+01, -1.467664284807541E+01, -2.287371546366882E-01,  2.152469183549153E-03,  2.209293300905281E-03, -3.110520748801695E-03
A.D. 1999-Jul-01,  1.392920521221359E+01, -1.421871358041816E+01, -2.323804473695009E-01,  5.270667007391555E-03,  1.778603743487405E-03, -1.836046346582875E-03
A.D. 2000-Jan-01,  1.443129512068672E+01, -1.373568860596849E+01, -2.371169506993980E-01,  5.112532277063024E-03,  1.875822892812385E-03, -1.913519246185075E-03
A.D. 2000-Jul-01,  1.490993595276384E+01, -1.324130920066211E+01, -2.429758664198344E-01,  1.290923902770935E-03,  2.642360566408157E-03, -2.925642666990711E-03
A.D. 2001-Jan-01,  1.537445852423094E+01, -1.272487200896516E+01, -2.471025711184259E-01,  1.100366685749855E-03,  2.753674654047533E-03, -2.886551211665878E-03
A.D. 2001-Jul-01,  1.581219310978894E+01, -1.220134151202724E+01, -2.494444958918000E-01,  4.385701739602791E-03,  2.164750653665299E-03, -2.355553804360810E-03
A.D. 2002-Jan-01,  1.623759646505005E+01, -1.165452574086918E+01, -2.529349300608632E-01,  4.204217987624708E-03,  2.251330407311191E-03, -2.416559326311560E-03
A.D. 2002-Jul-01,  1.663489970631436E+01, -1.110237777864196E+01, -2.556415074731071E-01,  5.145165458235723E-03,  2.557785242189320E-03,  9.233879990192536E-04
A.D. 2003-Jan-01,  1.701962425544678E+01, -1.052796987283048E+01, -2.584577592996555E-01,  5.055516084240716E-03,  2.611762072419621E-03,  8.337549378188053E-04
A.D. 2003-Jul-01,  1.737656421979624E+01, -9.950312760312071E+00, -2.619758724635018E-01,  2.421681148265056E-03,  3.547631182973462E-03,  3.115636846210086E-03
A.D. 2004-Jan-01,  1.771912487071351E+01, -9.351036481278564E+00, -2.641256380426920E-01,  2.398149039443884E-03,  3.589293644410737E-03,  3.102423854091312E-03
A.D. 2004-Jul-01,  1.803770335907365E+01, -8.747084908220263E+00, -2.649161452917239E-01,  4.794164810826151E-03,  2.701253992441574E-03,  2.384946385807495E-04
A.D. 2005-Jan-01,  1.833665192159805E+01, -8.125635454261328E+00, -2.664568931544675E-01,  4.676145534529661E-03,  2.743839242988893E-03,  1.418388598506827E-04
A.D. 2005-Jul-01,  1.860765859201067E+01, -7.504328648263947E+00, -2.684790769402121E-01,  2.616343078080653E-03,  3.609570380328295E-03,  2.950165224604652E-03
A.D. 2006-Jan-01,  1.886173396305092E+01, -6.863537597026534E+00, -2.693397430405013E-01,  2.579809615649924E-03,  3.634478163223320E-03,  2.916566935720129E-03
A.D. 2006-Jul-01,  1.908935046969223E+01, -6.224999161682224E+00, -2.712678531639529E-01, -9.179193710325446E-04,  4.325010148021407E-03,  2.246176115581853E-03
A.D. 2007-Jan-01,  1.929727255536460E+01, -5.567762464756445E+00, -2.714855903011054E-01, -9.740141378541433E-04,  4.359503051933345E-03,  2.315511398089287E-03
A.D. 2007-Jul-01,  1.948003031572172E+01, -4.914612084445634E+00, -2.717423887647246E-01, -2.020572232678222E-03,  4.131734141392180E-03, -1.042647499729628E-03
A.D. 2008-Jan-01,  1.964064966170406E+01, -4.243951493660910E+00, -2.713458439255990E-01, -2.179496308057867E-03,  4.182843392892888E-03, -9.488424520958316E-04
A.D. 2008-Jul-01,  1.977427976639774E+01, -3.574733174458147E+00, -2.700711896794373E-01, -8.711421582230810E-04,  4.399270462183212E-03,  2.690984651407566E-03
A.D. 2009-Jan-01,  1.988642399445013E+01, -2.893825959145136E+00, -2.689683186999622E-01, -9.203186704584872E-04,  4.411056130955988E-03,  2.742211189079918E-03
A.D. 2009-Jul-01,  1.997382850349288E+01, -2.220615424289782E+00, -2.682196455221305E-01, -2.685502598460749E-03,  4.358824182536693E-03, -3.448451138261182E-04
A.D. 2010-Jan-01,  2.003668611787134E+01, -1.532918733679951E+00, -2.664917269258264E-01, -2.829070068564629E-03,  4.387604609815297E-03, -2.453796080487621E-04
A.D. 2010-Jul-01,  2.007519212582907E+01, -8.545694314898673E-01, -2.636071447375190E-01, -9.417234473545980E-04,  3.574918134502097E-03, -2.974395801184043E-03
A.D. 2011-Jan-01,  2.008822556144971E+01, -1.637369055058694E-01, -2.612519246023314E-01, -1.167972988140288E-03,  3.602318877403937E-03, -2.940066656898595E-03
A.D. 2011-Jul-01,  2.007619074144935E+01,  5.162274219144675E-01, -2.572191703781180E-01,  2.055957775723323E-03,  2.973076852624142E-03, -2.161787129308495E-03
A.D. 2012-Jan-01,  2.003926501341551E+01,  1.206425792565955E+00, -2.542026147161401E-01,  1.850565760568103E-03,  2.971681493085660E-03, -2.228414719456335E-03
A.D. 2012-Jul-01,  1.997814555818480E+01,  1.887175420961497E+00, -2.524238725272748E-01, -2.105102779581597E-03,  3.735169422852860E-03, -2.668634677887745E-03
A.D. 2013-Jan-01,  1.989135800721449E+01,  2.573036530639520E+00, -2.487757608633244E-01, -2.318034774540680E-03,  3.742335847816421E-03, -2.616175509285334E-03
A.D. 2013-Jul-01,  1.978184283181800E+01,  3.244448940436030E+00, -2.434597369284376E-01,  9.733962034662894E-04,  2.972609596546762E-03, -2.606277918781190E-03
A.D. 2014-Jan-01,  1.964608913531385E+01,  3.922456003122667E+00, -2.392021520796495E-01,  7.583659199192082E-04,  2.957261478161773E-03, -2.656354968576819E-03
A.D. 2014-Jul-01,  1.948750498461407E+01,  4.584675597775496E+00, -2.341086844095286E-01,  2.153720344934711E-03,  3.031088435686654E-03,  5.013565643452278E-04
A.D. 2015-Jan-01,  1.930361407365387E+01,  5.251562444088803E+00, -2.292300912072127E-01,  2.032792981202527E-03,  2.981083678125364E-03,  4.091803490521047E-04
A.D. 2015-Jul-01,  1.909827365383184E+01,  5.901062656031799E+00, -2.250608441186281E-01, -2.333850106576965E-04,  3.777900167421726E-03,  3.054658861142044E-03
A.D. 2016-Jan-01,  1.886715228495208E+01,  6.553739229151507E+00, -2.195954390893007E-01, -2.718504740176970E-04,  3.711054884142282E-03,  3.027741586710736E-03
A.D. 2016-Jul-01,  1.861680085385937E+01,  7.190968246034219E+00, -2.130908202314968E-01,  1.649992519801639E-03,  2.769098587126833E-03, -1.938293769951372E-04
A.D. 2017-Jan-01,  1.833940089883817E+01,  7.826354402486817E+00, -2.071372361471440E-01,  1.513544540411869E-03,  2.706980664422344E-03, -2.888276164949859E-04
A.D. 2017-Jul-01,  1.804293697920711E+01,  8.441989687565739E+00, -2.016696694081941E-01, -9.925256758651054E-05,  3.405416963360444E-03,  2.787972373466399E-03
A.D. 2018-Jan-01,  1.772043299220831E+01,  9.057192803714312E+00, -1.951783880952629E-01, -1.397956461570668E-04,  3.321244802525723E-03,  2.739925826501121E-03
A.D. 2018-Jul-01,  1.738144712232008E+01,  9.651146141071086E+00, -1.899787873132098E-01, -3.674564611677537E-03,  3.986592232310268E-03,  2.592312408399344E-03
A.D. 2019-Jan-01,  1.701501144809462E+01,  1.024323369427373E+01, -1.830150868755458E-01, -3.712701087153797E-03,  3.909306899501587E-03,  2.650770326162396E-03
A.D. 2019-Jul-01,  1.663470414501216E+01,  1.081283402455715E+01, -1.765088900196605E-01, -5.235768138724177E-03,  3.704824393317918E-03, -5.458331042576145E-04
A.D. 2020-Jan-01,  1.622565352688883E+01,  1.137882849777356E+01, -1.691371384944275E-01, -5.364310138656467E-03,  3.645438941371755E-03, -4.485702496420534E-04
A.D. 2020-Jul-01,  1.579916399801437E+01,  1.192499045170318E+01, -1.608679469823326E-01, -3.513955455572336E-03,  3.606396703212418E-03,  2.946086213690181E-03
A.D. 2021-Jan-01,  1.534885764905165E+01,  1.246179555456243E+01, -1.530303976298457E-01, -3.534183310049888E-03,  3.507473560527198E-03,  2.983924987232311E-03
A.D. 2021-Jul-01,  1.488734437930694E+01,  1.297401108727704E+01, -1.459696655313641E-01, -5.710710385666293E-03,  3.483556346714291E-03,  1.662624508450909E-04
A.D. 2022-Jan-01,  1.439750128933787E+01,  1.347856971679549E+01, -1.377735979964728E-01, -5.808738514476403E-03,  3.402367837250178E-03,  2.643461461057936E-04
A.D. 2022-Jul-01,  1.389817037236923E+01,  1.395766369592989E+01, -1.288491675237539E-01, -4.320007938683224E-03,  2.540805288227498E-03, -2.759064736049643E-03
A.D. 2023-Jan-01,  1.337081523210152E+01,  1.442674444530510E+01, -1.203301928638434E-01, -4.504102765138723E-03,  2.464001959597628E-03, -2.711069490033882E-03
A.D. 2023-Jul-01,  1.283442393418228E+01,  1.486974506494944E+01, -1.103645606108806E-01, -1.178871802951550E-03,  1.648848989675478E-03, -2.445847708351276E-03
A.D. 2024-Jan-01,  1.227202130076373E+01,  1.530017104585068E+01, -1.015206587390106E-01, -1.348879990004220E-03,  1.547719079804902E-03, -2.502692396227340E-03
A.D. 2024-Jul-01,  1.169926464613395E+01,  1.570544099023122E+01, -9.416013005160143E-02, -5.263411284343528E-03,  2.290372463108244E-03, -2.362049580641879E-03
A.D. 2025-Jan-01,  1.110453843512009E+01,  1.609417164227416E+01, -8.504181232445250E-02, -5.416729184806370E-03,  2.196378734481836E-03, -2.298702845735882E-03
A.D. 2025-Jul-01,  1.050512177042719E+01,  1.645526108256887E+01, -7.455138888294238E-02, -2.123209543074182E-03,  1.270319688640338E-03, -2.808837217975597E-03
A.D. 2026-Jan-01,  9.881477033814205E+00,  1.679983022111572E+01, -6.522031566994733E-02, -2.284855194752797E-03,  1.159670254598454E-03, -2.846969939995580E-03
A.D. 2026-Jul-01,  9.253873070841443E+00,  1.711659582792001E+01, -5.515371352113946E-02, -3.876551061575588E-04,  1.006806499612570E-03,  4.923539280891003E-05
A.D. 2027-Jan-01,  8.604703973673027E+00,  1.741484971648463E+01, -4.562559520054455E-02, -4.578238197562908E-04,  8.651529323326871E-04, -4.536736157265125E-05
A.D. 2027-Jul-01,  7.953613942919459E+00,  1.768491429820987E+01, -3.692255308836252E-02, -2.223802271502923E-03,  1.517549668575690E-03,  2.908166630642107E-03
A.D. 2028-Jan-01,  7.282366654052658E+00,  1.793501051324796E+01, -2.725279248184146E-02, -2.194823565547426E-03,  1.359350146138122E-03,  2.867405175229327E-03
A.D. 2028-Jul-01,  6.610176406217834E+00,  1.815767312391823E+01, -1.702614524237706E-02, -7.160816241034248E-04,  4.032354072941332E-04, -6.456274122061853E-04
A.D. 2029-Jan-01,  5.920365900382102E+00,  1.835788022767753E+01, -7.347812284506452E-03, -7.869841026133761E-04,  2.573389609520101E-04, -7.387038630269612E-04
A.D. 2029-Jul-01,  5.232663255722877E+00,  1.853006710434096E+01,  1.738185580051065E-03, -1.833321218156877E-03,  7.949309526871543E-04,  2.541970023285852E-03
A.D. 2030-Jan-01,  4.527892485410676E+00,  1.867918840697641E+01,  1.145410728366746E-02, -1.796267058605370E-03,  6.289377786759240E-04,  2.481126157727148E-03
A.D. 2030-Jul-01,  3.828371051394942E+00,  1.880015133979147E+01,  1.957780288225583E-02, -5.215196716517868E-03,  1.280697519039473E-03,  2.858740470345212E-03
A.D. 2031-Jan-01,  3.112207327011014E+00,  1.889704177017186E+01,  2.924466415172368E-02, -5.154250488178439E-03,  1.123276886407130E-03,  2.901671413539405E-03
A.D. 2031-Jul-01,  2.404646068569885E+00,  1.896592528824927E+01,  3.795275070354934E-02, -7.036853130678463E-03,  9.741378331367589E-04, -6.530763113872649E-05
A.D. 2032-Jan-01,  1.680750410209959E+00,  1.900962363375687E+01,  4.748032114290471E-02, -7.051829607263170E-03,  8.407990360315646E-04,  3.340934653924982E-05
A.D. 2032-Jul-01,  9.611239384198862E-01,  1.902652762634862E+01,  5.779043021528388E-02, -4.627138050742365E-03,  5.901247471676532E-04,  3.108288779388251E-03
A.D. 2033-Jan-01,  2.332447791488431E-01,  1.901606166362058E+01,  6.720585401545950E-02, -4.537835958330508E-03,  4.236768904429141E-04,  3.131363827374270E-03
A.D. 2033-Jul-01, -4.823735513860209E-01,  1.897857085140082E+01,  7.536784883646325E-02, -6.995594646348407E-03,  4.672634109181408E-04,  6.422008666648526E-04
A.D. 2034-Jan-01, -1.210465215461481E+00,  1.891339452094497E+01,  8.455368545973010E-02, -6.968618657730395E-03,  3.249955520826218E-04,  7.370491912959234E-04
A.D. 2034-Jul-01, -1.923963193875697E+00,  1.882191920038239E+01,  9.396094046596246E-02, -5.837222200233670E-03, -5.201154582404584E-04, -2.506731163558931E-03
A.D. 2035-Jan-01, -2.648163617409804E+00,  1.870146992565892E+01,  1.028588446905662E-01, -5.896378740142850E-03, -6.473797093257301E-04, -2.449003746884626E-03
A.D. 2035-Jul-01, -3.356886114261444E+00,  1.855582435598366E+01,  1.128863637266571E-01, -2.475387946094763E-03, -1.575961456150984E-03, -2.706954799377726E-03
A.D. 2036-Jan-01, -4.072793640941073E+00,  1.837982379395812E+01,  1.214777530845306E-01, -2.532593865305352E-03, -1.715554855111956E-03, -2.753239140723009E-03
A.D. 2036-Jul-01, -4.775459197143868E+00,  1.817808380454796E+01,  1.283060005351943E-01, -6.237641987066041E-03, -9.474583693638391E-04, -2.033487870689526E-03
A.D. 2037-Jan-01, -5.478482485015231E+00,  1.794659463668502E+01,  1.365411979036794E-01, -6.255122212712296E-03, -1.075035314168078E-03, -1.959904902103564E-03
A.D. 2037-Jul-01, -6.161471989401689E+00,  1.769197975801849E+01,  1.457942614153294E-01, -2.971590631430236E-03, -2.071671448362494E-03, -2.981906862057244E-03
A.D. 2038-Jan-01, -6.846811473459186E+00,  1.740590522984958E+01,  1.535920441089860E-01, -3.008155477948612E-03, -2.203131402822684E-03, -3.008589394190940E-03
A.D. 2038-Jul-01, -7.511572782767874E+00,  1.709845236418399E+01,  1.619996138249983E-01, -5.791210425216237E-04, -2.507472651573299E-03, -4.411954837134494E-04
A.D. 2039-Jan-01, -8.174595779050819E+00,  1.675914208006695E+01,  1.693417775116974E-01, -5.303750791910474E-04, -2.659924433179270E-03, -5.365312317117397E-04
A.D. 2039-Jul-01, -8.815508167300841E+00,  1.640004439190754E+01,  1.757698205942775E-01, -1.694826994104887E-03, -2.083397048064846E-03,  2.661687186826833E-03
A.D. 2040-Jan-01, -9.451806468824524E+00,  1.600937639692343E+01,  1.826086933097840E-01, -1.540464341181548E-03, -2.245106023512767E-03,  2.606346483210719E-03
A.D. 2040-Jul-01, -1.006487520915649E+01,  1.559802985981532E+01,  1.894984298545274E-01, -4.770183647776279E-04, -3.110194878021340E-03, -1.122878329089573E-03
A.D. 2041-Jan-01, -1.067011352715908E+01,  1.515813185605719E+01,  1.956991507777636E-01, -4.252858666261864E-04, -3.244941756530699E-03, -1.212724749944208E-03
A.D. 2041-Jul-01, -1.125017514461676E+01,  1.470247844760908E+01,  2.012623255390364E-01, -8.308419630858660E-04, -2.785597246456476E-03,  2.203449403999475E-03
A.D. 2042-Jan-01, -1.182051670311451E+01,  1.421614556361466E+01,  2.068706684256060E-01, -6.665359833086734E-04, -2.932713522427108E-03,  2.130079734471414E-03
A.D. 2042-Jul-01, -1.236344722099766E+01,  1.371585793845030E+01,  2.106906316819245E-01, -3.846852548717091E-03, -2.208617983055321E-03,  3.018573720540152E-03
A.D. 2043-Jan-01, -1.289527757358598E+01,  1.318603821771978E+01,  2.156392940325995E-01, -3.644691570016637E-03, -2.339415817079126E-03,  3.046070315458871E-03
A.D. 2043-Jul-01, -1.339719071277498E+01,  1.264425443395041E+01,  2.192382131429980E-01, -5.799256389848771E-03, -2.323692003024649E-03,  3.789640152475429E-04
A.D. 2044-Jan-01, -1.388717873771099E+01,  1.207411679953533E+01,  2.234551598980405E-01, -5.665146670366480E-03, -2.419397564229001E-03,  4.739035750115636E-04
A.D. 2044-Jul-01, -1.435093120712626E+01,  1.149178237130546E+01,  2.283922621108095E-01, -2.694929631594966E-03, -2.767213098976159E-03,  3.159525127686842E-03
A.D. 2045-Jan-01, -1.479588210006425E+01,  1.088458298919349E+01,  2.319186038666511E-01, -2.472051004960492E-03, -2.883540703689693E-03,  3.165509840305602E-03
A.D. 2045-Jul-01, -1.520967675155838E+01,  1.027003301530593E+01,  2.338786997918658E-01, -5.126780455928394E-03, -2.658503184753648E-03,  1.063015959090040E-03
A.D. 2046-Jan-01, -1.560703132144490E+01,  9.629342839825211E+00,  2.366387928377889E-01, -4.955457652250046E-03, -2.740616000789586E-03,  1.152930449912835E-03
A.D. 2046-Jul-01, -1.597213491853448E+01,  8.983651337399564E+00,  2.392625453413231E-01, -4.198608658440340E-03, -3.429102554652857E-03, -2.233452588154769E-03
A.D. 2047-Jan-01, -1.631926654347634E+01,  8.313023876385810E+00,  2.412258503151980E-01, -4.123272524502066E-03, -3.482039318494252E-03, -2.166426481749332E-03
A.D. 2047-Jul-01, -1.663474223624921E+01,  7.640086702824940E+00,  2.441600199589179E-01, -6.782844976528996E-04, -4.383366611584402E-03, -2.946778547129572E-03
A.D. 2048-Jan-01, -1.692912789986282E+01,  6.943308610606246E+00,  2.453421405778854E-01, -6.224123653603351E-04, -4.434191511304257E-03, -2.981515760793240E-03
A.D. 2048-Jul-01, -1.719384873022593E+01,  6.242566624293645E+00,  2.446910725081971E-01, -4.042392327621430E-03, -3.532624908574424E-03, -1.691795998892173E-03
A.D. 2049-Jan-01, -1.743307295298243E+01,  5.523744418122882E+00,  2.451002310949783E-01, -3.936507041690506E-03, -3.564648762584199E-03, -1.611506342078702E-03
A.D. 2049-Jul-01, -1.763987900377442E+01,  4.807497221111100E+00,  2.463816014940727E-01, -7.555377055062815E-04, -4.485178024885851E-03, -3.124992432294605E-03
A.D. 2050-Jan-01, -1.782199159824117E+01,  4.071221675383351E+00,  2.459743144106545E-01, -6.906971283845559E-04, -4.507442358805886E-03, -3.138231736045822E-03
A.D. 2050-Jul-01, -1.797329006909242E+01,  3.340486647872576E+00,  2.462952064850233E-01,  2.187996636802042E-03, -4.831541701082289E-03, -9.517777434614906E-04
A.D. 2051-Jan-01, -1.809673443137847E+01,  2.591654656877723E+00,  2.451084008787928E-01,  2.317978513736964E-03, -4.864965805275788E-03, -1.045690033600006E-03
A.D. 2051-Jul-01, -1.819029643322522E+01,  1.850963984877730E+00,  2.432152031146153E-01,  1.734636008169704E-03, -4.251593629510385E-03,  2.322735480101657E-03
A.D. 2052-Jan-01, -1.825411572164647E+01,  1.094662706870449E+00,  2.412659163646812E-01,  1.964770614203339E-03, -4.288640509828108E-03,  2.255964199790044E-03
A.D. 2052-Jul-01, -1.828597218226377E+01,  3.444817725938257E-01,  2.391288537346623E-01,  2.539803119956542E-03, -4.923379835386868E-03, -1.602597247158445E-03
A.D. 2053-Jan-01, -1.828957730252976E+01, -4.141293856865627E-01,  2.363393634174375E-01,  2.653525364463022E-03, -4.922923339259345E-03, -1.686442127587973E-03
A.D. 2053-Jul-01, -1.826502110641504E+01, -1.159299197366380E+00,  2.331961750314448E-01,  2.827858013451944E-03, -4.433279389466550E-03,  1.788344944940861E-03
A.D. 2054-Jan-01, -1.820874723107384E+01, -1.915037416058757E+00,  2.296767235896303E-01,  3.041654939318528E-03, -4.440698678647046E-03,  1.706859423031415E-03
A.D. 2054-Jul-01, -1.812478918839859E+01, -2.655225811476980E+00,  2.245469524683168E-01,  9.955877284261976E-05, -3.547225877082440E-03,  3.082545372027152E-03
A.D. 2055-Jan-01, -1.800941048623697E+01, -3.403020064708486E+00,  2.203025016636662E-01,  3.557810263954724E-04, -3.537852333723784E-03,  3.094994530916218E-03
A.D. 2055-Jul-01, -1.786637042955832E+01, -4.133260460820573E+00,  2.146965421034831E-01, -2.108036935961461E-03, -3.248746523776234E-03,  7.958205917674125E-04
A.D. 2056-Jan-01, -1.769312866405290E+01, -4.868234056700977E+00,  2.097182706412217E-01, -1.922947702556155E-03, -3.200605769882668E-03,  8.875689875843522E-04
A.D. 2056-Jul-01, -1.749447446439050E+01, -5.586791205002430E+00,  2.057244786948483E-01,  1.423950678499912E-03, -3.543304822544369E-03,  3.117780286653672E-03
A.D. 2057-Jan-01, -1.726485044634028E+01, -6.304312338726060E+00,  2.001094891528101E-01,  1.670305903072500E-03, -3.511505488661745E-03,  3.109371932620903E-03
A.D. 2057-Jul-01, -1.701145672736132E+01, -7.000315054897246E+00,  1.930198748802895E-01, -1.226068811850275E-03, -3.017147643097540E-03,  1.447806443701620E-03
A.D. 2058-Jan-01, -1.672773425440765E+01, -7.696198331619663E+00,  1.867698034836168E-01, -1.031786424928837E-03, -2.951452341261192E-03,  1.531801912878784E-03
A.D. 2058-Jul-01, -1.642142373111459E+01, -8.368962059709030E+00,  1.804020670691541E-01, -7.873124389011937E-04, -3.385746959931736E-03, -1.922117938638976E-03
A.D. 2059-Jan-01, -1.608579438866933E+01, -9.039357942938080E+00,  1.735426963138821E-01, -7.024862800249196E-04, -3.288178471998811E-03, -1.844818289106701E-03
A.D. 2059-Jul-01, -1.573037638551714E+01, -9.684903622528916E+00,  1.678487017780796E-01,  2.570692857043813E-03, -4.075821452524797E-03, -3.129047469413958E-03
A.D. 2060-Jan-01, -1.534511340537860E+01, -1.032621321727980E+01,  1.604505258762103E-01,  2.606831517751124E-03, -3.972777708445462E-03, -3.149564732239683E-03
A.D. 2060-Jul-01, -1.494110400753085E+01, -1.094484078316462E+01,  1.515535806686622E-01, -5.886020302645778E-04, -2.901399412699511E-03, -1.315713950105028E-03
A.D. 2061-Jan-01, -1.450858975594326E+01, -1.155343182586459E+01,  1.436994479193920E-01, -4.985391859926986E-04, -2.787184076691801E-03, -1.227480877983304E-03
A.D. 2061-Jul-01, -1.406003736171555E+01, -1.213481037513278E+01,  1.369131316385910E-01,  2.376913698821648E-03, -3.567439498972601E-03, -3.199417393800958E-03
A.D. 2062-Jan-01, -1.358297007806686E+01, -1.270732899261934E+01,  1.285991660765329E-01,  2.399857662927290E-03, -3.442733341200252E-03, -3.197333272887517E-03
A.D. 2062-Jul-01, -1.309352130841423E+01, -1.325121759814592E+01,  1.214625282524595E-01,  5.519647759675240E-03, -3.749567892537577E-03, -1.434041485689251E-03
A.D. 2063-Jan-01, -1.257488384006482E+01, -1.378431283247986E+01,  1.127800655126722E-01,  5.584008616635492E-03, -3.639191365438095E-03, -1.520272868024085E-03
A.D. 2063-Jul-01, -1.204688051443197E+01, -1.428786730489483E+01,  1.039463927010788E-01,  5.448575140055244E-03, -2.990817157401359E-03,  1.938281907046150E-03
A.D. 2064-Jan-01, -1.149003619797563E+01, -1.477837692458667E+01,  9.496601145786430E-02,  5.603568441000610E-03, -2.892868152854384E-03,  1.861355294090427E-03
A.D. 2064-Jul-01, -1.092012551502920E+01, -1.524170681355334E+01,  8.589105112899198E-02,  5.537855996069476E-03, -3.276363694848601E-03, -2.029805588110432E-03
A.D. 2065-Jan-01, -1.032862896921758E+01, -1.568666974048089E+01,  7.657603698686570E-02,  5.564182780290895E-03, -3.144918672809719E-03, -2.104958487567071E-03
A.D. 2065-Jul-01, -9.732597267703833E+00, -1.610076793066468E+01,  6.749243633507676E-02,  6.169182451270004E-03, -2.649646122688207E-03,  1.345428947465778E-03
A.D. 2066-Jan-01, -9.110469084333170E+00, -1.649779189542655E+01,  5.799276215776437E-02,  6.284952321551495E-03, -2.535573276725288E-03,  1.259019747504312E-03
A.D. 2066-Jul-01, -8.485733373932467E+00, -1.686397088420715E+01,  4.736468525555608E-02,  3.514078489657907E-03, -1.522297845094510E-03,  3.094798421315084E-03
A.D. 2067-Jan-01, -7.837164788125433E+00, -1.721095826329621E+01,  3.772245775626516E-02,  3.675786067383769E-03, -1.403629214847326E-03,  3.095024547750952E-03
A.D. 2067-Jul-01, -7.187030591702179E+00, -1.752739025721946E+01,  2.697385608383179E-02,  8.168356437421976E-04, -8.853348005008582E-04,  1.221330792066106E-03
A.D. 2068-Jan-01, -6.516368040303700E+00, -1.782272750186926E+01,  1.720789562220241E-02,  9.139419929497972E-04, -7.390984843123954E-04,  1.309045468124358E-03
A.D. 2068-Jul-01, -5.844284372214879E+00, -1.808848400164939E+01,  8.900378734189368E-03,  4.434636095648316E-03, -1.117977515955974E-03,  3.030247106399111E-03
A.D. 2069-Jan-01, -5.155864181267544E+00, -1.833092512282133E+01, -8.795331057953335E-04,  4.570343327830800E-03, -9.961845927374227E-04,  3.008120764966221E-03
A.D. 2069-Jul-01, -4.471194899382866E+00, -1.854350726223514E+01, -1.183807311931658E-02,  1.367621150879147E-03, -3.058775354234879E-04,  1.831759529847634E-03
A.D. 2070-Jan-01, -3.769563192807460E+00, -1.873260216307790E+01, -2.160438723594825E-02,  1.458800229341968E-03, -1.619894841809150E-04,  1.909774094224853E-03
A.D. 2070-Jul-01, -3.073032670794769E+00, -1.889265704129690E+01, -3.132656194215525E-02,  1.066254938095194E-03, -4.058202198541483E-04, -1.538735234556184E-03
A.D. 2071-Jan-01, -2.362368017045923E+00, -1.902831291008646E+01, -4.104821772535517E-02,  1.043939477262083E-03, -2.383222187701641E-04, -1.451622796030951E-03
A.D. 2071-Jul-01, -1.659543088480691E+00, -1.913553352735311E+01, -4.932733012889375E-02,  3.966242392385348E-03, -9.764039522124661E-04, -3.206015803748608E-03
A.D. 2072-Jan-01, -9.437199423549179E-01, -1.921793399335512E+01, -5.893146657454233E-02,  3.878696013451632E-03, -8.102282300028341E-04, -3.209671156382359E-03
A.D. 2072-Jul-01, -2.354637195597819E-01, -1.927310850535214E+01, -6.955837076593779E-02,  8.736767518179280E-04,  3.170770819895771E-04, -8.765925958423377E-04
A.D. 2073-Jan-01,  4.817795217093783E-01, -1.930240451447826E+01, -7.894906825674926E-02,  8.516145571837335E-04,  4.793198168003594E-04, -7.818563336040272E-04
A.D. 2073-Jul-01,  1.187730496870511E+00, -1.930540463457281E+01, -8.705517745589081E-02,  3.273755197118692E-03, -2.417521989223948E-04, -3.163675409273249E-03
A.D. 2074-Jan-01,  1.902877008571998E+00, -1.928213786144052E+01, -9.625028254040933E-02,  3.168084929236981E-03, -7.493939258840186E-05, -3.144648753258543E-03
A.D. 2074-Jul-01,  2.603544325536491E+00, -1.923328246053433E+01, -1.038380522667389E-01,  6.371844457232954E-03, -4.595826608069169E-04, -1.843676289184138E-03
A.D. 2075-Jan-01,  3.313046273780496E+00, -1.915792129687251E+01, -1.127509523918691E-01,  6.294222758056845E-03, -3.157725918679167E-04, -1.920480532595613E-03
A.D. 2075-Jul-01,  4.005467364441776E+00, -1.905808380368909E+01, -1.212783996894632E-01,  6.545219010975609E-03,  2.428163419830821E-04,  1.543213159789744E-03
A.D. 2076-Jan-01,  4.705692396366452E+00, -1.893127128034031E+01, -1.298443693813340E-01,  6.558654616740656E-03,  3.617455263259961E-04,  1.461154148932726E-03
A.D. 2076-Jul-01,  5.393835056807420E+00, -1.878100474396187E+01, -1.384235777700769E-01,  5.792074364442543E-03,  1.279203520192506E-04, -2.369488125038586E-03
A.D. 2077-Jan-01,  6.081114948548679E+00, -1.860347871568598E+01, -1.466885246998049E-01,  5.680032544540026E-03,  2.719795337994356E-04, -2.431759763818098E-03
A.D. 2077-Jul-01,  6.748180470360031E+00, -1.840403023329556E+01, -1.542263836788045E-01,  6.656740679659657E-03,  6.449838575653365E-04,  9.083655473339167E-04
A.D. 2078-Jan-01,  7.418961401859324E+00, -1.817704766942953E+01, -1.620628554549666E-01,  6.630214325301271E-03,  7.609335154211008E-04,  8.177835840856121E-04
A.D. 2078-Jul-01,  8.068402710075366E+00, -1.792989302740671E+01, -1.706272515354245E-01,  4.060847723892420E-03,  1.754430979745988E-03,  3.078608056018753E-03
A.D. 2079-Jan-01,  8.719060446955748E+00, -1.765485499407771E+01, -1.780060837863137E-01,  4.094510374954045E-03,  1.861666853949729E-03,  3.066429041774222E-03
A.D. 2079-Jul-01,  9.348438385532244E+00, -1.736158802547104E+01, -1.863428041750305E-01,  8.728817564429452E-04,  2.481791512150978E-03,  1.659840602607231E-03
A.D. 2080-Jan-01,  9.975446182030577E+00, -1.704021996388565E+01, -1.932659631794504E-01,  8.582111898535227E-04,  2.605208920028215E-03,  1.741955467801763E-03
A.D. 2080-Jul-01,  1.058227604700704E+01, -1.669985212451218E+01, -1.984011645101017E-01,  4.464758932477165E-03,  2.083367702399995E-03,  2.914525703281177E-03
A.D. 2081-Jan-01,  1.118227150587632E+01, -1.633415251052778E+01, -2.047955569315384E-01,  4.474846871756756E-03,  2.177193107721960E-03,  2.880760990129308E-03
A.D. 2081-Jul-01,  1.175824934216999E+01, -1.595381952477866E+01, -2.122186318053613E-01,  1.027046283238213E-03,  2.933245128562640E-03,  2.215132733133903E-03
A.D. 2082-Jan-01,  1.232809067948843E+01, -1.554639118893816E+01, -2.180725985677426E-01,  1.011813085474177E-03,  3.037686910927546E-03,  2.283900969511022E-03
A.D. 2082-Jul-01,  1.287414964989030E+01, -1.512645378527603E+01, -2.239111298697300E-01, -3.021076708133311E-07,  2.875572626519173E-03, -1.086409574459998E-03
A.D. 2083-Jan-01,  1.341114144048946E+01, -1.468008451666112E+01, -2.292284641153654E-01, -1.221795403240860E-04,  2.997637063417780E-03, -9.906291453777726E-04
A.D. 2083-Jul-01,  1.392328994714840E+01, -1.422296988915154E+01, -2.330688038531236E-01,  2.393402311935377E-03,  2.220395532346760E-03, -3.169394674120350E-03
A.D. 2084-Jan-01,  1.442518484315143E+01, -1.374056187685581E+01, -2.378139461207660E-01,  2.199322581751370E-03,  2.337480437318383E-03, -3.157034384623225E-03
A.D. 2084-Jul-01,  1.490234299870114E+01, -1.324648788112274E+01, -2.432666294692947E-01, -5.260725799593959E-04,  3.387716571100893E-03, -3.849851182667426E-04
A.D. 2085-Jan-01,  1.536702411143059E+01, -1.273074320630170E+01, -2.473640178244549E-01, -6.367411128328970E-04,  3.489973223427538E-03, -2.863749375627126E-04
A.D. 2085-Jul-01,  1.580638741697615E+01, -1.220820833443196E+01, -2.502234386087708E-01,  1.303796471886629E-03,  2.744075676723854E-03, -3.017055613676943E-03
A.D. 2086-Jan-01,  1.623227855745577E+01, -1.166195489913504E+01, -2.537337489053375E-01,  1.105218642719895E-03,  2.848206392001936E-03, -2.983524185124786E-03
A.D. 2086-Jul-01,  1.663126277915766E+01, -1.111033665792579E+01, -2.554888174889583E-01,  4.347643315151259E-03,  2.301550858218785E-03, -2.177944389200990E-03
A.D. 2087-Jan-01,  1.701672888843752E+01, -1.053622541894264E+01, -2.583612626517490E-01,  4.165604888740473E-03,  2.379700601674460E-03, -2.245187743511933E-03
A.D. 2087-Jul-01,  1.737406028699993E+01, -9.958418659762755E+00, -2.605655246742384E-01,  4.842705059061665E-03,  2.746155430565181E-03,  1.144046232531499E-03
A.D. 2088-Jan-01,  1.771748461473078E+01, -9.359100832722142E+00, -2.627627573433656E-01,  4.756788099887574E-03,  2.791965404416811E-03,  1.056218942431950E-03
A.D. 2088-Jul-01,  1.803716221442734E+01, -8.755199641734636E+00, -2.651158207189607E-01,  3.344433554152427E-03,  2.623721285919235E-03, -2.624939186272371E-03
A.D. 2089-Jan-01,  1.833687304882534E+01, -8.133361891123446E+00, -2.667140057039494E-01,  3.143197624413819E-03,  2.691795995644306E-03, -2.674632079974690E-03
A.D. 2089-Jul-01,  1.860847352801725E+01, -7.511313407370707E+00, -2.673600003210196E-01,  4.526097967252847E-03,  2.853410959709922E-03,  4.762990775129997E-04
A.D. 2090-Jan-01,  1.886316310192807E+01, -6.869860654925205E+00, -2.682711897904796E-01,  4.411135358686039E-03,  2.887734763726908E-03,  3.840681998871060E-04
A.D. 2090-Jul-01,  1.908993094648982E+01, -6.230199406533639E+00, -2.697515155234937E-01,  2.153015120514428E-03,  3.766508533211690E-03,  3.022030158029948E-03
A.D. 2091-Jan-01,  1.929818367685099E+01, -5.572098393555779E+00, -2.699744714198313E-01,  2.112681124607057E-03,  3.784458945098120E-03,  2.996160150105979E-03
A.D. 2091-Jul-01,  1.948005775335623E+01, -4.917973000844511E+00, -2.712467732492613E-01, -1.344019741854898E-03,  4.422244512086676E-03,  2.080311375661502E-03
A.D. 2092-Jan-01,  1.964059660569677E+01, -4.246398488016389E+00, -2.708157959569293E-01, -1.409181121330231E-03,  4.449927612868293E-03,  2.154651542773973E-03
A.D. 2092-Jul-01,  1.977515711575962E+01, -3.576456649596781E+00, -2.685448294409675E-01,  2.262252539416130E-03,  3.727958033127029E-03,  2.758543951169823E-03
A.D. 2093-Jan-01,  1.988683906152177E+01, -2.894793369768053E+00, -2.674349733348073E-01,  2.210282138066321E-03,  3.725757056163405E-03,  2.712170293974711E-03
A.D. 2093-Jul-01,  1.997240213274723E+01, -2.220824937020348E+00, -2.674369852448333E-01, -1.345442049239997E-03,  4.471728770057248E-03,  2.565535958705801E-03
A.D. 2094-Jan-01,  2.003449242082143E+01, -1.532707137075230E+00, -2.656592029550001E-01, -1.401690687102845E-03,  4.474416613040025E-03,  2.623143826814906E-03
A.D. 2094-Jul-01,  2.007231704998342E+01, -8.543920733804518E-01, -2.641453920325149E-01, -2.939011279616720E-03,  4.341696278500859E-03, -5.907369465992417E-04
A.D. 2095-Jan-01,  2.008448864450824E+01, -1.635894645296890E-01, -2.617425510198657E-01, -3.089939784079294E-03,  4.360294307892870E-03, -4.926289044170845E-04
A.D. 2095-Jul-01,  2.007301303035344E+01,  5.157832733379795E-01, -2.581080433988203E-01, -9.767254781063884E-04,  3.510765663276426E-03, -3.043058353703815E-03
A.D. 2096-Jan-01,  2.003543132522291E+01,  1.205563279342523E+00, -2.550872858174276E-01, -1.205117697355784E-03,  3.526700656028613E-03, -3.015426614924007E-03
A.D. 2096-Jul-01,  1.997247480829190E+01,  1.886160812764986E+00, -2.526676748116961E-01, -3.514698169523650E-03,  4.427167072509347E-03,  1.258263170410461E-04
A.D. 2097-Jan-01,  1.988541896976364E+01,  2.571403792247396E+00, -2.489787022053292E-01, -3.640655993341629E-03,  4.422103971343332E-03,  2.265811147709629E-04
A.D. 2097-Jul-01,  1.977701796753449E+01,  3.241826339838917E+00, -2.443631352130384E-01, -2.160425651111757E-03,  3.628632122064907E-03, -2.788083796978594E-03
A.D. 2098-Jan-01,  1.964132589951778E+01,  3.919232780723835E+00, -2.401081549459472E-01, -2.376151073448089E-03,  3.627295035003363E-03, -2.740799134962300E-03
A.D. 2098-Jul-01,  1.948413805744775E+01,  4.580785413273211E+00, -2.342177955253499E-01,  9.036774175870945E-04,  2.891215974065280E-03, -2.456480653529226E-03
A.D. 2099-Jan-01,  1.930058715200301E+01,  5.247236634314819E+00, -2.293836578680315E-01,  6.953384862826833E-04,  2.865813405628980E-03, -2.513317019137545E-03
A.D. 2099-Jul-01,  1.909548126189237E+01,  5.896659438050128E+00, -2.238373992814912E-01,  1.857633511790345E-03,  2.997497126858087E-03,  7.275472410314871E-04
A.D. 2100-Jan-01,  1.886486671352873E+01,  6.549133904181282E+00, -2.184140288526467E-01,  1.746827553132592E-03,  2.938283887783593E-03
