epoch, x, y, z, vx, vy, vz
A.D. 1950-Jan-01,  3.418176830937778E+00, -3.765248707063710E+00, -6.093105445397013E-02,  7.316958296593135E-03,  9.840674773123080E-03,  2.809882858203369E-05
A.D. 1950-Jul-01,  4.265835427660017E+00, -2.661959234296822E+00, -8.505636330367849E-02,  8.562892784006177E-03,  7.732596622443319E-03, -3.104114191320359E-05
A.D. 1951-Jan-01,  4.805354477095822E+00, -1.326301325640710E+00, -1.025484969625370E-01,  6.362147573563895E-03,  9.331182684712827E-03,  3.321223135260470E-05
A.D. 1951-Jul-01,  4.944817300769371E+00,  9.217118416588362E-02, -1.118322742243830E-01,  3.630171943926351E-03,  5.182976510254888E-03, -8.024917971414317E-05
A.D. 1952-Jan-01,  4.698314646318521E+00,  1.522522832782938E+00, -1.121674700470657E-01,  1.832163907242403E-03,  5.455816452233552E-03, -2.948255367380656E-06
A.D. 1952-Jul-01,  4.067406070194323E+00,  2.819940369887016E+00, -1.033434212163552E-01, -2.036734904794451E-03,  2.472607130555003E-03, -4.552310990185221E-05
A.D. 1953-Jan-01,  3.106037946338080E+00,  3.895973572076218E+00, -8.624825797109022E-02, -3.018795165191475E-03,  1.393153176598054E-03,  1.811237788877446E-05
A.D. 1953-Jul-01,  1.913368950545221E+00,  4.664031189229176E+00, -6.230937325069057E-02, -8.402022028546081E-03, -1.265866246528814E-03, -2.624700296334497E-05
A.D. 1954-Jan-01,  5.545824564291567E-01,  5.072321441755462E+00, -3.362829048650411E-02, -8.204636167443153E-03, -3.467023897985907E-03, -3.546639888886532E-06
A.D. 1954-Jul-01, -8.176238980839390E-01,  5.114399040601687E+00, -2.456759307234721E-03, -1.172922351213406E-02, -2.986009592781754E-03,  5.092556640174639E-05
A.D. 1955-Jan-01, -2.162988481865302E+00,  4.780790014877582E+00,  2.896454941649873E-02, -1.076086759165527E-02, -5.537146033695557E-03,  2.825728891777636E-05
A.D. 1955-Jul-01, -3.327980305985391E+00,  4.131348699184721E+00,  5.819582453988544E-02, -1.043056697678107E-02, -2.854839504428461E-03,  1.550211471912408E-04
A.D. 1956-Jan-01, -4.304340230444945E+00,  3.195862722206298E+00,  8.387320981937095E-02, -9.228509867396708E-03, -4.901966873872465E-03,  1.022425838700943E-04
A.D. 1956-Jul-01, -4.986853518635958E+00,  2.062697779967074E+00,  1.039142719469502E-01, -6.375014695843090E-03, -3.339510403269292E-03,  1.698050209382171E-04
A.D. 1957-Jan-01, -5.370466296118237E+00,  7.924153482011249E-01,  1.177274741245844E-01, -5.062717724030704E-03, -4.410861589811745E-03,  1.061959620413291E-04
A.D. 1957-Jul-01, -5.414771140548655E+00, -5.169383747957602E-01,  1.238747101287977E-01,  6.815401268516504E-04, -2.398585672680580E-03,  1.817285451234247E-04
A.D. 1958-Jan-01, -5.134019211810821E+00, -1.803424896501091E+00,  1.229434460266811E-01,  1.708361168651005E-03, -2.061902749914405E-03,  1.295396844576370E-04
A.D. 1958-Jul-01, -4.552696899169042E+00, -2.974087444965883E+00,  1.141633726978142E-01,  7.547346898839387E-03, -2.758248872865309E-03,  8.574917339114029E-05
A.D. 1959-Jan-01, -3.676290863694155E+00, -3.968611330878265E+00,  9.871644196702055E-02,  8.403149034013010E-03, -1.051584229208089E-03,  6.097283373129810E-05
A.D. 1959-Jul-01, -2.599664690508620E+00, -4.709832827217121E+00,  7.709095847584374E-02,  1.126112389850842E-02, -3.664020314069798E-03, -9.110524565057638E-05
A.D. 1960-Jan-01, -1.326658752484711E+00, -5.157619511363441E+00,  5.047626823399542E-02,  1.196833682875455E-02, -1.138782163378953E-03, -8.762735212676458E-05
A.D. 1960-Jul-01,  1.002533766495759E-02, -5.262455291517677E+00,  2.077425781705958E-02,  1.159417816901779E-02, -1.949099264184626E-03, -2.018448678886244E-04
A.D. 1961-Jan-01,  1.368520053098585E+00, -5.011247531723170E+00, -1.066647298778649E-02,  1.164506038411208E-02,  7.074480413899079E-04, -1.764936323232213E-04
A.D. 1961-Jul-01,  2.599392005122774E+00, -4.405798301476714E+00, -4.065964872178694E-02,  7.558179694710984E-03, -3.594884381411862E-04, -3.059119788584484E-04
A.D. 1962-Jan-01,  3.665827603291397E+00, -3.477349923849065E+00, -6.841880402410162E-02,  6.952797041118475E-03,  1.512253354325410E-03, -2.670466914358600E-04
A.D. 1962-Jul-01,  4.439089593196453E+00, -2.289941915054024E+00, -9.013990651345334E-02,  8.753283288520228E-04,  3.088095223110497E-03, -2.717911604866946E-04
A.D. 1963-Jan-01,  4.873028976549340E+00, -9.169112775941897E-01, -1.056036985927509E-01, -5.338108203108247E-04,  3.455212258196781E-03, -2.326742786248059E-04
A.D. 1963-Jul-01,  4.924012785148290E+00,  5.159044596766080E-01, -1.120422086129523E-01, -5.472071425890281E-03,  6.921364145712971E-03, -9.962623865265935E-05
A.D. 1964-Jan-01,  4.564780998265828E+00,  1.922768830357220E+00, -1.098638314301505E-01, -7.408601452218879E-03,  5.665696796229288E-03, -7.147313878621411E-05
A.D. 1964-Jul-01,  3.850555442538289E+00,  3.161966846120103E+00, -9.868979611982295E-02, -9.470729062779929E-03,  7.287443244741968E-03,  6.738763634796446E-05
A.D. 1965-Jan-01,  2.809580474836337E+00,  4.161125094264949E+00, -7.953173697409920E-02, -1.104996658675536E-02,  4.940380364447189E-03,  7.989893541273970E-05
A.D. 1965-Jul-01,  1.579643893085943E+00,  4.817663688063246E+00, -5.457599956362754E-02, -9.653473593211788E-03,  6.807622411899828E-03,  2.650218756041863E-04
A.D. 1966-Jan-01,  1.984910802236459E-01,  5.126428740000843E+00, -2.487837755157067E-02, -1.063832771114479E-02,  4.311731503983564E-03,  2.593121461580280E-04
A.D. 1966-Jul-01, -1.171575468436689E+00,  5.046595167534917E+00,  5.777114624184425E-03, -6.068264206231561E-03,  3.197741562229398E-03,  3.460188771375348E-04
A.D. 1967-Jan-01, -2.482522782471589E+00,  4.621358509992159E+00,  3.698486845936350E-02, -6.104739240725324E-03,  1.491507785127610E-03,  3.345086588345165E-04
A.D. 1967-Jul-01, -3.612855458491566E+00,  3.880657732090325E+00,  6.474547904616540E-02, -1.347160470443312E-03, -2.674836880644446E-03,  2.698028813626072E-04
A.D. 1968-Jan-01, -4.514685424073287E+00,  2.881917721034323E+00,  8.915410285687163E-02, -2.744629718230518E-04, -3.242279859973797E-03,  2.599072054764344E-04
A.D. 1968-Jul-01, -5.128862967927477E+00,  1.706542170292698E+00,  1.074139236697738E-01,  2.267254062619728E-03, -6.705551779855184E-03,  1.444056090233251E-04
A.D. 1969-Jan-01, -5.419219115236550E+00,  4.130893066656656E-01,  1.193132734049374E-01,  4.003350862350642E-03, -6.321107034268889E-03,  1.304203580529132E-04
A.D. 1969-Jul-01, -5.389915504582044E+00, -8.823077779049543E-01,  1.237333380556966E-01,  4.446734606871464E-03, -1.046325901836426E-02, -7.153628858347327E-05
A.D. 1970-Jan-01, -5.018623128307944E+00, -2.150309825671187E+00,  1.206312786662520E-01,  6.694487980110881E-03, -9.391801557476298E-03, -8.749618390503277E-05
A.D. 1970-Jul-01, -4.358387833523880E+00, -3.257445215504234E+00,  1.106189574770500E-01,  4.307328203620204E-03, -1.039335010584806E-02, -2.388847694183377E-04
A.D. 1971-Jan-01, -3.413846892552148E+00, -4.193840737674203E+00,  9.323616522003729E-02,  6.381995007618864E-03, -9.075040719750798E-03, -2.637203538969216E-04
A.D. 1971-Jul-01, -2.270235179067236E+00, -4.842834535303766E+00,  7.084283901449935E-02,  3.268803686946905E-03, -5.994650500425702E-03, -2.900165262682535E-04
A.D. 1972-Jan-01, -9.680488941122005E-01, -5.201786680702912E+00,  4.304373208690482E-02,  4.390212195530164E-03, -4.676612209391886E-03, -3.214843216635467E-04
A.D. 1972-Jul-01,  3.904470865753102E-01, -5.207352266079092E+00,  1.300039724624994E-02,  2.942259799316595E-03, -4.814795280977284E-04, -2.737413123286453E-04
A.D. 1973-Jan-01,  1.727693743474996E+00, -4.856942750941863E+00, -1.849013523728167E-02,  2.805766853115918E-03,  7.970192466548084E-04, -2.927444354818289E-04
A.D. 1973-Jul-01,  2.934428622430492E+00, -4.168810059732254E+00, -4.795724510152149E-02,  1.953501927213209E-03,  6.991835774578992E-03, -1.281430744879172E-04
A.D. 1974-Jan-01,  3.928758391855672E+00, -3.158109014634995E+00, -7.441985181909810E-02,  2.070177413414378E-04,  7.850267617793514E-03, -1.294063328745441E-04
A.D. 1974-Jul-01,  4.619686170609056E+00, -1.933659106804137E+00, -9.499449306980506E-02,  1.668412744086936E-03,  1.193437239469572E-02,  4.996113928532316E-05
A.D. 1975-Jan-01,  4.948773777635944E+00, -5.260334850414170E-01, -1.081057379133196E-01, -1.165977744453633E-03,  1.223475811192417E-02,  7.775279341245986E-05
A.D. 1975-Jul-01,  4.880972531801489E+00,  8.874169731274230E-01, -1.128838065476688E-01,  1.127535219676753E-03,  1.179324688252138E-02,  1.692772793355425E-04
A.D. 1976-Jan-01,  4.418523810297354E+00,  2.264718236273423E+00, -1.080873745762723E-01, -1.636170013656078E-03,  1.143837331112529E-02,  2.228130641237030E-04
A.D. 1976-Jul-01,  3.601142628875218E+00,  3.437917953359354E+00, -9.498334096172460E-02, -1.279291027951032E-03,  8.331520893301143E-03,  2.312979802388788E-04
A.D. 1977-Jan-01,  2.493593158919972E+00,  4.354819923856686E+00, -7.384100573400522E-02, -3.064265682230422E-03,  7.229591085107348E-03,  2.834491547141401E-04
A.D. 1977-Jul-01,  1.199514604732583E+00,  4.918807450364188E+00, -4.767419636300001E-02, -2.839121778577241E-03,  9.403802959048870E-04,  1.744507221381713E-04
A.D. 1978-Jan-01, -1.932950820941347E-01,  5.122017898845606E+00, -1.725350748989551E-02, -2.911326422445099E-03, -3.940699614077407E-04,  2.147311241495371E-04
A.D. 1978-Jul-01, -1.562553120204768E+00,  4.960523102246517E+00,  1.398562860421835E-02, -5.022733261435342E-03, -6.030382011687848E-03,  6.025405236835560E-05
A.D. 1979-Jan-01, -2.834661244980979E+00,  4.439485274099714E+00,  4.460109080501885E-02, -3.565919103602798E-03, -7.423349385794220E-03,  7.061858565321061E-05
A.D. 1979-Jul-01, -3.902098599858134E+00,  3.643484337967136E+00,  7.215199156862437E-02, -6.655698583312698E-03, -9.650499080022445E-03, -3.098616556968595E-05
A.D. 1980-Jan-01, -4.731061488145778E+00,  2.582506725684759E+00,  9.499984785682604E-02, -4.398996798151486E-03, -1.092727915565834E-02, -5.721219592579887E-05
A.D. 1980-Jul-01, -5.250152673676895E+00,  1.378132669824450E+00,  1.119482133074219E-01, -5.159739438990319E-03, -1.044181031089550E-02, -8.448065310990123E-05
A.D. 1981-Jan-01, -5.452264995356174E+00,  6.680724525788277E-02,  1.217772245006631E-01, -2.748293804916602E-03, -1.113774578983314E-02, -1.319843095000850E-04
A.D. 1981-Jul-01, -5.311155582773227E+00, -1.220127912353023E+00,  1.244964527543485E-01, -3.109817975734823E-03, -7.131592645331830E-03, -7.112426364408732E-05
A.D. 1982-Jan-01, -4.855987962926775E+00, -2.458700554474296E+00,  1.193353263418764E-01, -1.309350225989255E-03, -7.245880701691464E-03, -1.361176911356917E-04
A.D. 1982-Jul-01, -4.102612852073252E+00, -3.531783995012475E+00,  1.071542744888296E-01,  1.473182676798964E-03, -2.011544845062459E-03, -1.542644491750732E-05
A.D. 1983-Jan-01, -3.095472551229640E+00, -4.397934831642083E+00,  8.817151228933240E-02,  2.233841180905630E-03, -1.212535744524880E-03, -7.490893274155937E-05
A.D. 1983-Jul-01, -1.905214872669885E+00, -4.987981357214472E+00,  6.373569365856985E-02,  7.105621672840645E-03,  2.403193545933475E-03,  1.604837972752458E-05
A.D. 1984-Jan-01, -5.771125103590709E-01, -5.251177100517636E+00,  3.515133567828724E-02,  6.801836409956779E-03,  4.234854189111539E-03, -1.295334332916862E-05
A.D. 1984-Jul-01,  7.743231001065245E-01, -5.171782948403879E+00,  4.235155387011824E-03,  9.541529219356077E-03,  5.701731726130233E-03, -6.426887774689487E-07
A.D. 1985-Jan-01,  2.088545226989880E+00, -4.722596269383852E+00, -2.695999596724551E-02,  8.279491270786849E-03,  7.931810041173206E-03,  4.640407055773548E-06
A.D. 1985-Jul-01,  3.224652335162887E+00, -3.955975596662499E+00, -5.618591149337759E-02,  1.032085641147243E-02,  6.447268852043868E-03, -4.667315024842823E-05
A.D. 1986-Jan-01,  4.148093089972309E+00, -2.873200039303869E+00, -8.125493615200158E-02,  8.500025716289635E-03,  8.592780361588172E-03,  2.594157501407859E-06
A.D. 1986-Jul-01,  4.727752148926418E+00, -1.590474736629282E+00, -9.993847760564636E-02,  6.365699116367854E-03,  5.114491767219699E-03, -1.104353267126915E-04
A.D. 1987-Jan-01,  4.954604794544997E+00, -1.634811360114641E-01, -1.108928193483033E-01,  4.538422963618196E-03,  6.168275457671262E-03, -3.694399333189339E-05
A.D. 1987-Jul-01,  4.774435478324191E+00,  1.262408982831752E+00, -1.126945717132398E-01, -9.583320997973415E-04,  3.071378222054979E-03, -1.256396729637264E-04
A.D. 1988-Jan-01,  4.210875278783758E+00,  2.597639677182369E+00, -1.056478639653162E-01, -2.284480324938646E-03,  2.420498739020304E-03, -5.968057532816106E-05
A.D. 1988-Jul-01,  3.313324031061456E+00,  3.719423160780150E+00, -8.993955059503798E-02, -6.678249218724838E-03,  7.859661901384320E-04, -5.956293623647121E-05
A.D. 1989-Jan-01,  2.141114015785333E+00,  4.547813650098706E+00, -6.719767008537499E-02, -7.142838617852204E-03, -1.111097506900234E-03, -1.870680876035434E-05
A.D. 1989-Jul-01,  8.288728121188754E-01,  5.028395846096362E+00, -3.921365101174083E-02, -1.154098217074164E-02, -9.055483418748837E-04,  2.735673198504620E-05
A.D. 1990-Jan-01, -5.754619041207266E-01,  5.128955837945698E+00, -8.279762745646168E-03, -1.115396368920219E-02, -3.572034212031783E-03,  2.313265298979546E-05
A.D. 1990-Jul-01, -1.904739328592358E+00,  4.867238176238668E+00,  2.307861246397170E-02, -1.171635982937561E-02, -1.234233043472685E-03,  1.484261913550003E-04
A.D. 1991-Jan-01, -3.136772917991777E+00,  4.260544349683761E+00,  5.312441685769813E-02, -1.088425195418527E-02, -3.698588483297698E-03,  1.080128436313049E-04
A.D. 1991-Jul-01, -4.130429957280185E+00,  3.375682655046188E+00,  7.914892051205491E-02, -7.168381179353439E-03, -1.340491952243169E-03,  2.399222979365665E-04
A.D. 1992-Jan-01, -4.882443080000479E+00,  2.265384916446405E+00,  1.006082255617714E-01, -6.195991677596035E-03, -2.761283654143068E-03,  1.859178638833021E-04
A.D. 1992-Jul-01, -5.315851098288787E+00,  1.016349576491286E+00,  1.153185741460305E-01, -1.826936885126359E-03, -2.309769740035987E-03,  2.168651070140547E-04
A.D. 1993-Jan-01, -5.425732743295588E+00, -3.004627803158728E-01,  1.232921099528050E-01, -7.453918231916510E-04, -2.543569221095737E-03,  1.625384226430531E-04
A.D. 1993-Jul-01, -5.208935361319437E+00, -1.591426310722323E+00,  1.232456489736451E-01,  5.351017619488274E-03, -3.398760932541798E-03,  1.391773499096926E-04
A.D. 1994-Jan-01, -4.665831633479989E+00, -2.793560248314969E+00,  1.161608337142630E-01,  6.431115206545878E-03, -2.184354444079282E-03,  1.064058916539096E-04
A.D. 1994-Jul-01, -3.860853936341800E+00, -3.815279049636435E+00,  1.017874003633257E-01,  9.944474860489940E-03, -5.018925285451560E-03, -3.308808075121860E-05
A.D. 1995-Jan-01, -2.790365909596790E+00, -4.611116066092110E+00,  8.118468633985594E-02,  1.104353003880733E-02, -2.806980825095522E-03, -4.086067813669282E-05
A.D. 1995-Jul-01, -1.575790368267007E+00, -5.103016471160378E+00,  5.576247790425341E-02,  1.037843585874908E-02, -5.279195603919208E-03, -2.208606442927528E-04
A.D. 1996-Jan-01, -2.267980017558801E-01, -5.274882206893174E+00,  2.626662452775919E-02,  1.120545165332006E-02, -2.821161598470131E-03, -2.111573826358470E-04
A.D. 1996-Jul-01,  1.116240642410997E+00, -5.084569682745049E+00, -4.531359670207450E-03,  8.794935089164022E-03, -2.463527290955261E-03, -2.973449235429231E-04
A.D. 1997-Jan-01,  2.398824227488132E+00, -4.542731483031043E+00, -3.553672329443846E-02,  8.772233484275140E-03, -2.657047801788126E-04, -2.708850469551645E-04
A.D. 1997-Jul-01,  3.486785396500637E+00, -3.670986165041579E+00, -6.307940089141910E-02,  3.208594790528619E-03,  1.384715193661918E-03, -3.093464606884309E-04
A.D. 1998-Jan-01,  4.326797018744348E+00, -2.521356216441789E+00, -8.674459404645764E-02,  2.217445826220844E-03,  2.421058968379630E-03, -2.776215631054780E-04
A.D. 1998-Jul-01,  4.829358305427992E+00, -1.186694778561699E+00, -1.029251159842615E-01, -2.814695391083602E-03,  6.360610759165672E-03, -1.737496937231041E-04
A.D. 1999-Jan-01,  4.943387401008517E+00,  2.560247827957579E-01, -1.115451385016397E-01, -4.736381332183077E-03,  5.880422218249589E-03, -1.445985363237745E-04
A.D. 1999-Jul-01,  4.674438309369322E+00,  1.656401554906084E+00, -1.109248989767236E-01, -6.713592911222917E-03,  9.873085455807534E-03,  5.161583315586950E-05
A.D. 2000-Jan-01,  4.007912355557243E+00,  2.947090470178483E+00, -1.013813187724716E-01, -8.989666369560558E-03,  8.162297467189515E-03,  7.291196655644145E-05
A.D. 2000-Jul-01,  3.035694589757130E+00,  3.984204615109862E+00, -8.387553841580159E-02, -8.814487326317257E-03,  8.849329330112865E-03,  2.080728484642979E-04
A.D. 2001-Jan-01,  1.805758175911101E+00,  4.723631016340754E+00, -5.939715107757733E-02, -1.044517531164042E-02,  6.485898249280427E-03,  2.155292813748645E-04
A.D. 2001-Jul-01,  4.634308205824743E-01,  5.081977536620238E+00, -3.114031662400047E-02, -6.605233912173995E-03,  5.684983574606811E-03,  3.313418911146437E-04
A.D. 2002-Jan-01, -9.376493896713064E-01,  5.082183927289465E+00,  2.995080796564905E-04, -7.259296438309056E-03,  3.732069551370025E-03,  3.309134495755920E-04
A.D. 2002-Jul-01, -2.256484952295337E+00,  4.712532718993601E+00,  3.075988978877879E-02, -2.822301282072178E-03, -4.677627540782504E-04,  3.007679808223515E-04
A.D. 2003-Jan-01, -3.433579118469037E+00,  4.023038586059867E+00,  6.006476560128381E-02, -2.191055598534434E-03, -1.489033490871737E-03,  2.979753089243530E-04
A.D. 2003-Jul-01, -4.380492408962670E+00,  3.077126956885520E+00,  8.467933517511862E-02,  1.045434281835545E-04, -7.100961480260585E-03,  1.428852882849806E-04
A.D. 2004-Jan-01, -5.047751607779709E+00,  1.918949312731761E+00,  1.044748967337551E-01,  1.910209588591460E-03, -7.250381898431237E-03,  1.352425553022008E-04
A.D. 2004-Jul-01, -5.402638710124769E+00,  6.559578254936695E-01,  1.175276700132454E-01,  2.560552967977790E-03, -1.021325144599845E-02,  3.998778088277503E-07
A.D. 2005-Jan-01, -5.419646468670635E+00, -6.660665701826398E-01,  1.234116021515435E-01,  4.835226200615015E-03, -9.617036828499773E-03, -1.522878870321116E-05
A.D. 2005-Jul-01, -5.118782744811454E+00, -1.916497918153260E+00,  1.220241033998534E-01,  2.813901120235226E-03, -1.141029147150925E-02, -1.778968399268784E-04
A.D. 2006-Jan-01, -4.495243374971321E+00, -3.082464995085635E+00,  1.128492944826927E-01,  5.170561833465196E-03, -1.046758667690991E-02, -2.045731503369985E-04
A.D. 2006-Jul-01, -3.607610410004084E+00, -4.030154026253272E+00,  9.744086262402589E-02,  2.324700285462694E-03, -8.104615994493788E-03, -2.584498006042799E-04
A.D. 2007-Jan-01, -2.485192354309171E+00, -4.753466115411095E+00,  7.522588976618903E-02,  3.968466749271941E-03, -7.024408307591121E-03, -2.956510626043703E-04
A.D. 2007-Jul-01, -1.213501836275574E+00, -5.157962972626176E+00,  4.901754227103548E-02,  2.524099527407858E-03, -1.406199963447345E-03, -2.214561254470238E-04
A.D. 2008-Jan-01,  1.460017276156047E-01, -5.233153619304143E+00,  1.883015291834924E-02,  2.790857798269875E-03, -2.120759010370015E-04, -2.571112477896172E-04
A.D. 2008-Jul-01,  1.489725516290551E+00, -4.952234591703773E+00, -1.217813180181733E-02,  2.820801612091128E-03,  4.496574272547135E-03, -1.649607504630612E-04
A.D. 2009-Jan-01,  2.732149864528618E+00, -4.312927997886362E+00, -4.267711338617605E-02,  1.719629154557536E-03,  5.654491504337425E-03, -1.799295113922315E-04
A.D. 2009-Jul-01,  3.766367641314660E+00, -3.378558569225157E+00, -6.968734368618247E-02,  3.436205965857133E-03,  1.048927394661951E-02, -1.086477242434012E-05
A.D. 2010-Jan-01,  4.520105928820833E+00, -2.160622691093859E+00, -9.157276581153254E-02,  9.547001838116960E-04,  1.138433463436343E-02,  5.031497435615110E-06
A.D. 2010-Jul-01,  4.912709890534721E+00, -8.080735456177470E-01, -1.064055122535865E-01,  3.384599240658950E-03,  1.201003611645735E-02,  1.074668978707293E-04
A.D. 2011-Jan-01,  4.917923289059475E+00,  6.443946320407739E-01, -1.124579261980189E-01,  4.816243272144380E-04,  1.235114852896897E-02,  1.570112506728689E-04
A.D. 2011-Jul-01,  4.520881511504757E+00,  2.011972800593689E+00, -1.098502670657023E-01,  1.405200804937140E-03,  8.473625589023849E-03,  1.413631356347273E-04
A.D. 2012-Jan-01,  3.760898175536979E+00,  3.246046162551869E+00, -9.787612573495193E-02, -7.012428258712724E-04,  7.997603313508198E-03,  2.073075416022983E-04
A.D. 2012-Jul-01,  2.700448322785418E+00,  4.206336680466793E+00, -7.842702127280485E-02, -1.793232171056585E-03,  3.606267343200385E-03,  1.620181129943678E-04
A.D. 2013-Jan-01,  1.424958557152531E+00,  4.845975695830331E+00, -5.247677612217375E-02, -2.603600245097802E-03,  2.401369544148526E-03,  2.149366956152252E-04
A.D. 2013-Jul-01,  5.023368420288882E-02,  5.117593734228215E+00, -2.300803878602449E-02, -5.040568553691021E-03, -3.473904755150203E-03,  7.947591255026132E-05
A.D. 2014-Jan-01, -1.340152147192000E+00,  5.010213556257853E+00,  8.538049283573162E-03, -4.203085118609246E-03, -5.046550160850732E-03,  1.046402364988555E-04
A.D. 2014-Jul-01, -2.620676602577946E+00,  4.568261087387315E+00,  3.932491597155813E-02, -7.680461561302108E-03, -7.977295142500535E-03,  2.828332813950908E-06
A.D. 2015-Jan-01, -3.742218844935324E+00,  3.794915942669330E+00,  6.755240775063329E-02, -5.776151046542040E-03, -9.629926334085093E-03, -1.042695965815828E-05
A.D. 2015-Jul-01, -4.598717346664439E+00,  2.800161000468429E+00,  9.142591663187860E-02, -8.056445554597847E-03, -8.531121555239492E-03, -1.682771932395960E-05
A.D. 2016-Jan-01, -5.184215284713401E+00,  1.599784026882438E+00,  1.094127356502094E-01, -5.916115173573168E-03, -9.898432855243161E-03, -6.486941121167928E-05
A.D. 2016-Jul-01, -5.435141236650183E+00,  3.176200758122334E-01,  1.206971861754288E-01, -5.222929648401447E-03, -7.687589133729243E-03, -3.770241775411191E-05
A.D. 2017-Jan-01, -5.363124038592853E+00, -1.000537601083377E+00,  1.244758044688823E-01, -3.254104520290390E-03, -8.303065532439131E-03, -1.003116395565107E-04
A.D. 2017-Jul-01, -4.957286312165367E+00, -2.239153963347946E+00,  1.208549697512369E-01, -5.940628771749068E-04, -3.427939525377259E-03,  9.208160620389562E-06
A.D. 2018-Jan-01, -4.254801993653241E+00, -3.356602944757218E+00,  1.097603778341854E-01,  5.309639549022606E-04, -3.088645265314592E-03, -5.534348770869888E-05
A.D. 2018-Jul-01, -3.297071126241735E+00, -4.262754078287458E+00,  9.194468040821970E-02,  5.659312412343800E-03,  4.895832427077996E-04,  3.397552223490987E-05
A.D. 2019-Jan-01, -2.122062841686495E+00, -4.902735387202918E+00,  6.837357797745286E-02,  5.863815489686212E-03,  2.013005330797771E-03, -7.479227782188113E-06
A.D. 2019-Jul-01, -8.334904041170338E-01, -5.233748052183169E+00,  4.039361412474111E-02,  1.068709707182170E-02,  2.559757714016741E-03, -9.214347049004757E-06
A.D. 2020-Jan-01,  5.363488395407772E-01, -5.208273534626482E+00,  9.739258756127210E-03,  1.016516248641459E-02,  5.010041118994964E-03, -1.100418099783033E-05
A.D. 2020-Jul-01,  1.847857992686290E+00, -4.832094918103821E+00, -2.153815281410375E-02,  1.140513770947146E-02,  4.728403166399583E-03, -5.586225332916149E-05
A.D. 2021-Jan-01,  3.047639292448523E+00, -4.099094921911158E+00, -5.133067457852006E-02,  1.009373975866777E-02,  7.221751106238736E-03, -2.382447125522436E-05
A.D. 2021-Jul-01,  3.990929960342872E+00, -3.079099098944067E+00, -7.710593708786288E-02,  8.756393854991884E-03,  4.290321480344030E-03, -1.351807829346011E-04
A.D. 2022-Jan-01,  4.654353402545308E+00, -1.806615524911370E+00, -9.719324700288148E-02,  7.147002886955127E-03,  6.038187953278742E-03, -7.205874142021401E-05
A.D. 2022-Jul-01,  4.933410289680770E+00, -4.058448644373592E-01, -1.092599867898972E-01,  1.966008148976663E-03,  3.408308111249309E-03, -1.663067431195127E-04
A.D. 2023-Jan-01,  4.826907863834328E+00,  1.039542414272449E+00, -1.129186612598055E-01,  4.436161646842522E-04,  3.542429828338544E-03, -9.819040738569874E-05
A.D. 2023-Jul-01,  4.334410663630763E+00,  2.391765383524107E+00, -1.070962547894793E-01, -5.961244293011849E-03,  2.835045243972076E-03, -1.056096473422429E-04
A.D. 2024-Jan-01,  3.481208353678598E+00,  3.559204393794034E+00, -9.295023066709827E-02, -7.035954303300724E-03,  1.210834362120955E-03, -6.095010577100310E-05
A.D. 2024-Jul-01,  2.365695105336167E+00,  4.441155459321238E+00, -7.129218762773332E-02, -1.052990107639373E-02,  1.100675555082334E-03, -4.356714791489421E-06
A.D. 2025-Jan-01,  1.046927059782592E+00,  4.980213554047642E+00, -4.412661506623220E-02, -1.076662832924199E-02, -1.453153365383354E-03,  9.399221454417591E-06
A.D. 2025-Jul-01, -3.170618460814389E-01,  5.147523693538912E+00, -1.377679530805175E-02, -1.230537948652701E-02,  6.969224599370587E-04,  1.334599830040162E-04
A.D. 2026-Jan-01, -1.693934354112016E+00,  4.941443527571360E+00,  1.782010164173891E-02, -1.197441495864447E-02, -2.040001980836636E-03,  1.084863635074306E-04
A.D. 2026-Jul-01, -2.920693825936738E+00,  4.393755469296258E+00,  4.771290244648990E-02, -8.992951525077435E-03,  1.372080425842060E-04,  2.477135330683949E-04
A.D. 2027-Jan-01, -3.982168486099833E+00,  3.548835191796614E+00,  7.498390659936073E-02, -8.322002954183972E-03, -1.786225119661204E-03,  2.027750405895804E-04
A.D. 2027-Jul-01, -4.766938985022410E+00,  2.477064689729357E+00,  9.669485699973487E-02, -2.454288730316713E-03, -1.716339570258364E-03,  2.662798593677161E-04
A.D. 2028-Jan-01, -5.264443722395854E+00,  1.244041077975506E+00,  1.130299584488602E-01, -1.461318201914531E-03, -2.244139350550023E-03,  2.234976211846376E-04
A.D. 2028-Jul-01, -5.434741688193770E+00, -6.164138279512732E-02,  1.219239076212334E-01,  2.956153929285059E-03, -3.483360410310853E-03,  1.860603834178523E-04
A.D. 2029-Jan-01, -5.268390325507251E+00, -1.369559449140116E+00,  1.237357916092087E-01,  4.143319267716107E-03, -2.816690086457385E-03,  1.492755390893986E-04
A.D. 2029-Jul-01, -4.798638985545575E+00, -2.582693447760144E+00,  1.176898093775744E-01,  8.192233443845112E-03, -5.915884365552316E-03,  2.340911984031730E-05
A.D. 2030-Jan-01, -4.015024198151877E+00, -3.651075024902604E+00,  1.046796660650219E-01,  9.580152389061389E-03, -4.115957854852250E-03,  6.880730662607978E-06
A.D. 2030-Jul-01, -3.011817781583116E+00, -4.477360356545554E+00,  8.536233569451890E-02,  9.699145978218171E-03, -6.990118960842950E-03, -1.724311540033159E-04
A.D. 2031-Jan-01, -1.789031161571740E+00, -5.037551746638548E+00,  6.034733946929616E-02,  1.099996775278606E-02, -4.710807908181593E-03, -1.739750279784370E-04
A.D. 2031-Jul-01, -4.791891673610720E-01, -5.254861773313376E+00,  3.209453036005153E-02,  7.610063816366974E-03, -5.015133425084762E-03, -3.085797800600770E-04
A.D. 2032-Jan-01,  8.888941344393695E-01, -5.133748266794241E+00,  9.221399914820744E-04,  8.260230507248483E-03, -2.954386333978060E-03, -3.024280040818997E-04
A.D. 2032-Jul-01,  2.179839726595426E+00, -4.648893981085119E+00, -2.969197926352754E-02,  4.927187580261518E-03, -7.736849309475047E-04, -3.251371335096501E-04
A.D. 2033-Jan-01,  3.323086986445307E+00, -3.829475494607258E+00, -5.876342098592845E-02,  4.495600306769694E-03,  7.392336292055030E-04, -3.046476812468205E-04
A.D. 2033-Jul-01,  4.208885568845106E+00, -2.728892352313549E+00, -8.256882007349459E-02, -3.944246594135747E-04,  4.995568681294321E-03, -2.295784942665823E-04
A.D. 2034-Jan-01,  4.771484052255235E+00, -1.407719057788078E+00, -1.007409109138921E-01, -2.036072762347113E-03,  5.232184039297043E-03, -2.056561845047256E-04
A.D. 2034-Jul-01,  4.963961495447090E+00,  4.582016765557047E-03, -1.104827952700414E-01, -4.368319168689434E-03,  9.973434359122780E-03, -2.387814794004479E-05
A.D. 2035-Jan-01,  4.744669820108189E+00,  1.440284479895580E+00, -1.115858251535652E-01, -6.825617547702264E-03,  8.946872959899266E-03,  9.241751068459043E-07
A.D. 2035-Jul-01,  4.160145037866631E+00,  2.730044776101966E+00, -1.038617220754218E-01, -5.663162029764117E-03,  1.121788402859660E-02,  1.889982053607903E-04
A.D. 2036-Jan-01,  3.222315278793228E+00,  3.831286082137187E+00, -8.741928789520020E-02, -8.004170880674930E-03,  9.477983558192698E-03,  2.132236237373300E-04
A.D. 2036-Jul-01,  2.043718578456715E+00,  4.611376305410118E+00, -6.450686912383786E-02, -6.353970871145911E-03,  8.118587724936510E-03,  2.968090518808275E-04
A.D. 2037-Jan-01,  6.938543789641571E-01,  5.052852275898372E+00, -3.606814083754122E-02, -7.685259457103103E-03,  6.128519826040171E-03,  3.093015308975265E-04
A.D. 2037-Jul-01, -6.905571775522674E-01,  5.104103359547278E+00, -5.866818295271811E-03, -3.703992658866396E-03,  2.078310536437456E-03,  3.088934249329393E-04
A.D. 2038-Jan-01, -2.040959073888039E+00,  4.800568420699062E+00,  2.570581707177770E-02, -3.648638378536388E-03,  7.187201513466052E-04,  3.165666184211046E-04
A.D. 2038-Jul-01, -3.243550882167706E+00,  4.169377817896647E+00,  5.471346743522541E-02, -1.426452147556976E-03, -5.188503592009405E-03,  1.873359866281987E-04
A.D. 2039-Jan-01, -4.236233642111316E+00,  3.251566139457555E+00,  8.080090680373719E-02,  2.299522825036618E-05, -5.804853520095549E-03,  1.864766822630276E-04
A.D. 2039-Jul-01, -4.955783445705126E+00,  2.146210641060370E+00,  1.013372998604554E-01, -5.703015640577376E-04, -1.053925044013400E-02,  8.244388906099122E-06
A.D. 2040-Jan-01, -5.363909284298050E+00,  8.793818145411767E-01,  1.157276707588032E-01,  1.799100439730326E-03, -1.061996330257644E-02, -7.735857994923616E-06
A.D. 2040-Jul-01, -5.443328849288782E+00, -4.205148129871940E-01,  1.230418304737328E-01,  1.127409881682932E-03, -1.184115128115164E-02, -1.161533125647786E-04
A.D. 2041-Jan-01, -5.186805220445407E+00, -1.717468997482815E+00,  1.226566222017942E-01,  3.642317683033766E-03, -1.132263473642459E-02, -1.430742739090508E-04
A.D. 2041-Jul-01, -4.621705333355060E+00, -2.877352345517936E+00,  1.153328629685019E-01,  9.745981632511746E-04, -9.748635850674205E-03, -2.146290894279051E-04
A.D. 2042-Jan-01, -3.767495558006069E+00, -3.891906300219654E+00,  1.003644154760382E-01,  3.025679517535757E-03, -8.999132771631734E-03, -2.558046473556285E-04
A.D. 2042-Jul-01, -2.685731242689707E+00, -4.642928535308224E+00,  7.987831414281803E-02,  1.716963410382353E-03, -3.840875676271664E-03, -2.054020900439346E-04
A.D. 2043-Jan-01, -1.427616914071474E+00, -5.115880501312500E+00,  5.363406748412945E-02,  2.581091564098611E-03, -2.829806942848657E-03, -2.502369725827536E-04
A.D. 2043-Jul-01, -8.470265132193015E-02, -5.252560118972183E+00,  2.448153597815556E-02,  3.895786427752519E-03,  3.387487334553534E-03, -1.177624255072297E-04
A.D. 2044-Jan-01,  1.272451060977704E+00, -5.030221044371441E+00, -6.815010249589811E-03,  3.212385989929918E-03,  4.755109560223398E-03, -1.456447521072418E-04
A.D. 2044-Jul-01,  2.532530326143990E+00, -4.465085613353437E+00, -3.738475833254475E-02,  4.607386772561806E-03,  8.446963006646829E-03, -5.219509286088217E-05
A.D. 2045-Jan-01,  3.614898612066399E+00, -3.558912791471207E+00, -6.535132731131789E-02,  2.667230361515265E-03,  9.753321201266723E-03, -5.049656980082437E-05
A.D. 2045-Jul-01,  4.412693900144393E+00, -2.415250011161890E+00, -8.835588941725542E-02,  5.447555284883554E-03,  1.132971935102302E-02,  5.127140333767932E-05
A.D. 2046-Jan-01,  4.879062970879928E+00, -1.051418553727345E+00, -1.043998146191147E-01,  2.696022647474448E-03,  1.234063154189163E-02,  9.175692307803303E-05
A.D. 2046-Jul-01,  4.946527356779630E+00,  3.623416659078709E-01, -1.124065282235599E-01,  3.794449172421761E-03,  9.462767408308601E-03,  8.952404184068935E-05
A.D. 2047-Jan-01,  4.624760498085357E+00,  1.778082611894345E+00, -1.110376233975444E-01,  1.336100181797087E-03,  9.660487467080038E-03,  1.566635191077597E-04
A.D. 2047-Jul-01,  3.925747213364141E+00,  3.027596125000319E+00, -1.010525192812540E-01, -5.133324305842436E-04,  4.195349717524706E-03,  6.950247772122242E-05
A.D. 2048-Jan-01,  2.912992179760749E+00,  4.052665972729976E+00, -8.265104045875374E-02, -1.745167904006637E-03,  3.307266916594183E-03,  1.348864696722437E-04
A.D. 2048-Jul-01,  1.674671213001668E+00,  4.754257568165008E+00, -5.796152822124941E-02, -4.302118054388487E-03, -8.229952398662838E-04,  7.564045920981842E-05
A.D. 2049-Jan-01,  3.005578805073328E-01,  5.092094825261466E+00, -2.864712127307264E-02, -4.176976959841631E-03, -2.384753383936408E-03,  1.162486077771214E-04
A.D. 2049-Jul-01, -1.080102859584449E+00,  5.065351641320170E+00,  2.581217022678217E-03, -8.139024575125864E-03, -5.869934588778335E-03,  2.163256130272839E-05
A.D. 2050-Jan-01, -2.403708783816982E+00,  4.663805614371100E+00,  3.378810076962945E-02, -6.730117007232510E-03, -7.801079283090889E-03,  2.300283947875483E-05
A.D. 2050-Jul-01, -3.539729585236700E+00,  3.965483855595211E+00,  6.266435013134787E-02, -9.573728795479467E-03, -7.438635246263333E-03,  1.223784659738877E-05
A.D. 2051-Jan-01, -4.467135811256577E+00,  2.981326545145651E+00,  8.742163810484957E-02, -7.644109851481754E-03, -9.259549029671606E-03, -2.558158264727790E-05
A.D. 2051-Jul-01, -5.085064549772561E+00,  1.829091507438995E+00,  1.065789952716014E-01, -7.308109793856052E-03, -5.858164439570947E-03,  5.290684592257211E-05
A.D. 2052-Jan-01, -5.407315645607016E+00,  5.406638614306204E-01,  1.191106303713005E-01, -5.582015537652718E-03, -7.013806814646260E-03, -9.632131742587346E-06
A.D. 2052-Jul-01, -5.386269392006129E+00, -7.691758930117474E-01,  1.242833757901084E-01, -2.871956532776034E-03, -4.318341452467269E-03,  4.251900551830012E-05
A.D. 2053-Jan-01, -5.043167542920957E+00, -2.041895869630633E+00,  1.219086311892644E-01, -1.502306629086770E-03, -4.488408126682399E-03, -2.396927365371547E-05
A.D. 2053-Jul-01, -4.393505699963606E+00, -3.181479976465254E+00,  1.120528689191264E-01,  3.738066250554423E-03, -1.041359453023236E-03,  6.365835149766651E-05
A.D. 2054-Jan-01, -3.469215439353998E+00, -4.131469239207432E+00,  9.540991643940600E-02,  4.347459208076780E-03,  6.499652544058874E-05,  1.347726871825413E-05
A.D. 2054-Jul-01, -2.347304718940061E+00, -4.824681001080620E+00,  7.273579329644100E-02,  9.721011495879721E-03,  6.795424407301677E-04,  1.404233390907338E-05
A.D. 2055-Jan-01, -1.052713674548757E+00, -5.206450678902624E+00,  4.547964619201869E-02,  9.722228191821555E-03,  2.925218860291712E-03, -2.042186114432636E-06
A.D. 2055-Jul-01,  2.788330250532181E-01, -5.251276092161635E+00,  1.532104468479868E-02,  1.215563280788676E-02,  1.055455590518791E-03, -9.753028136127920E-05
A.D. 2056-Jan-01,  1.624438219349341E+00, -4.931366791616728E+00, -1.602842521199196E-02,  1.168436410201584E-02,  3.759994720409087E-03, -7.630078610482694E-05
A.D. 2056-Jul-01,  2.831437324407879E+00, -4.267616015615108E+00, -4.603956480778476E-02,  1.057921757802069E-02,  2.839166607856486E-03, -1.504408727771281E-04
A.D. 2057-Jan-01,  3.850044855160535E+00, -3.282934039786518E+00, -7.288907980647047E-02,  9.397144821042940E-03,  5.118558555049073E-03, -1.014179207677292E-04
A.D. 2057-Jul-01,  4.551264066687836E+00, -2.060141549795833E+00, -9.374652208492304E-02,  4.808388027664890E-03,  2.896802483725958E-03, -2.055406317501884E-04
A.D. 2058-Jan-01,  4.914341011506513E+00, -6.655355573316527E-01, -1.077286474281286E-01,  3.365667128485072E-03,  3.833538064707274E-03, -1.420947139665734E-04
A.D. 2058-Jul-01,  4.880349535932901E+00,  7.721735631138936E-01, -1.126101910573187E-01, -3.165361140901303E-03,  3.496924699747768E-03, -1.604623343803784E-04
A.D. 2059-Jan-01,  4.448723199048739E+00,  2.157038459907861E+00, -1.088430497503694E-01, -4.575788140418923E-03,  2.597238543771285E-03, -1.081961101213456E-04
A.D. 2059-Jul-01,  3.676339827541268E+00,  3.358659938890196E+00, -9.602577929414211E-02, -9.642910687098187E-03,  4.337569855397562E-03, -1.676949942151029E-05
A.D. 2060-Jan-01,  2.586601480270993E+00,  4.302318318847278E+00, -7.570940045735318E-02, -1.071203083301315E-02,  1.974986768769631E-03,  4.625573331898340E-06
A.D. 2060-Jul-01,  1.315590126185634E+00,  4.905230802756046E+00, -4.951518548341637E-02, -1.212927577303828E-02,  2.755425189859461E-03,  1.055784591701208E-04
A.D. 2061-Jan-01, -7.895814896474369E-02,  5.140798707205307E+00, -1.940467739344488E-02, -1.239203727786837E-02, -7.424949319232789E-05,  9.695248914929076E-05
A.D. 2061-Jul-01, -1.433511810656414E+00,  4.998100328065433E+00,  1.168370981305101E-02, -1.027947190447273E-02,  2.023555234079637E-03,  2.461604218194451E-04
A.D. 2062-Jan-01, -2.721056822728388E+00,  4.507530719232719E+00,  4.251467004082695E-02, -1.004187118929474E-02, -3.094121437574758E-04,  2.129882946177353E-04
A.D. 2062-Jul-01, -3.800921557893291E+00,  3.711290409048476E+00,  6.973528956931833E-02, -4.618677501785956E-03, -3.539868940102976E-04,  2.932904392860308E-04
A.D. 2063-Jan-01, -4.652214132037083E+00,  2.671623741095578E+00,  9.319006564988576E-02, -3.858711212423942E-03, -1.434465003842678E-03,  2.559995555890089E-04
A.D. 2063-Jul-01, -5.203324746680394E+00,  1.468395866008163E+00,  1.099940766436929E-01,  1.757357021811762E-03, -4.242337089397858E-03,  2.099947633608520E-04
A.D. 2064-Jan-01, -5.431867381343637E+00,  1.651783367599747E-01,  1.206634419044317E-01,  3.109702179772584E-03, -3.937628166051782E-03,  1.818801279427521E-04
A.D. 2064-Jul-01, -5.334960765427957E+00, -1.139427134858699E+00,  1.236211982148932E-01,  6.126003781471366E-03, -6.267273245023005E-03,  8.176133242758357E-05
A.D. 2065-Jan-01, -4.902124863944497E+00, -2.385409218893125E+00,  1.192599103077896E-01,  7.679434471133421E-03, -4.950697901084404E-03,  6.017004480045607E-05
A.D. 2065-Jul-01, -4.194591055808580E+00, -3.467255502484837E+00,  1.076411649732733E-01,  8.475972288135196E-03, -8.295515141413360E-03, -1.175181218589756E-04
A.D. 2066-Jan-01, -3.203486339973733E+00, -4.355752722407861E+00,  8.924511919397905E-02,  1.014849501642698E-02, -6.324695988449682E-03, -1.273901479386771E-04
A.D. 2066-Jul-01, -2.038386866764893E+00, -4.949779291741260E+00,  6.579682674237194E-02,  7.458294310734864E-03, -7.178673354062266E-03, -2.764571032620682E-04
A.D. 2067-Jan-01, -7.165338236300389E-01, -5.244638230133845E+00,  3.744518418353079E-02,  8.679701596845118E-03, -5.174651674529684E-03, -2.811429069064000E-04
A.D. 2067-Jul-01,  6.321073230202839E-01, -5.176468683707778E+00,  7.502424552333175E-03,  4.394042086587733E-03, -2.361920333017996E-03, -3.207063535687297E-04
A.D. 2068-Jan-01,  1.953892182425226E+00, -4.760819515538201E+00, -2.387076970538757E-02,  4.495659169052532E-03, -8.351900548454309E-04, -3.220669570565156E-04
A.D. 2068-Jul-01,  3.127095856517788E+00, -4.002270306538158E+00, -5.290050917390105E-02,  1.578243981992057E-03,  2.963846618967071E-03, -2.708093908244808E-04
A.D. 2069-Jan-01,  4.070018426390186E+00, -2.940732632142601E+00, -7.851625488328708E-02,  4.329906498223683E-04,  3.788466561523857E-03, -2.571882234407284E-04
A.D. 2069-Jul-01,  4.700464272944004E+00, -1.669362068888197E+00, -9.746949052091819E-02, -1.992317660359365E-03,  9.197444426479162E-03, -9.344850884712063E-05
A.D. 2070-Jan-01,  4.953750884531726E+00, -2.450236899305488E-01, -1.091513113636187E-01, -4.359378299791981E-03,  8.902376739214757E-03, -7.177006013713740E-05
A.D. 2070-Jul-01,  4.819703853787288E+00,  1.168768582684448E+00, -1.120244131440133E-01, -3.647084580134089E-03,  1.212699753476912E-02,  1.186984281281785E-04
A.D. 2071-Jan-01,  4.281880288588579E+00,  2.520085274285031E+00, -1.056453129032195E-01, -6.380581824315328E-03,  1.095895079013217E-02,  1.486013559395357E-04
A.D. 2071-Jul-01,  3.413446396378148E+00,  3.636170805832723E+00, -9.130151774383884E-02, -3.604450325181492E-03,  9.821637581647115E-03,  2.577285325490776E-04
A.D. 2072-Jan-01,  2.259631693906102E+00,  4.494170095951177E+00, -6.903002395422765E-02, -5.547193300247160E-03,  8.309224626568357E-03,  2.913093771958774E-04
A.D. 2072-Jul-01,  9.396507809814515E-01,  4.988692689652347E+00, -4.196476503044577E-02, -3.887392265852713E-03,  4.784523718451137E-03,  3.002102995547938E-04
A.D. 2073-Jan-01, -4.597981915147711E-01,  5.119677549323668E+00, -1.114695693462432E-02, -4.506343441732570E-03,  3.250387935922182E-03,  3.202509816714331E-04
A.D. 2073-Jul-01, -1.816479226662201E+00,  4.877521902053432E+00,  1.964540555929178E-02, -2.490461781579327E-03, -2.801168580602591E-03,  2.171295763713346E-04
A.D. 2074-Jan-01, -3.056168568605706E+00,  4.294850635415963E+00,  4.985657182691326E-02, -1.539328750249230E-03, -3.802619667928069E-03,  2.263895310291081E-04
A.D. 2074-Jul-01, -4.087088413408838E+00,  3.441570284552149E+00,  7.625906201941367E-02, -2.118393582610067E-03, -9.150345798369687E-03,  6.029227678403871E-05
A.D. 2075-Jan-01, -4.858146745921945E+00,  2.343626768474739E+00,  9.808915129135444E-02,  1.431479820711324E-05, -9.687129283924147E-03,  5.133015221814559E-05
A.D. 2075-Jul-01, -5.320530309753723E+00,  1.129116313831720E+00,  1.137573454102075E-01, -2.393251936786611E-03, -1.168833164009449E-02, -8.236041680290196E-05
A.D. 2076-Jan-01, -5.458164765732604E+00, -1.883158158312511E-01,  1.222852635319124E-01,  1.775193012826742E-04, -1.190178331528271E-02, -1.140679758747374E-04
A.D. 2076-Jul-01, -5.261602745216730E+00, -1.471432601606567E+00,  1.235900784987621E-01, -6.774869007282133E-04, -1.084005205291193E-02, -1.668870460903991E-04
A.D. 2077-Jan-01, -4.745126999768258E+00, -2.686814456958728E+00,  1.170542415441349E-01,  1.663091841370821E-03, -1.049669773576319E-02, -2.093566990775205E-04
A.D. 2077-Jul-01, -3.941264651455172E+00, -3.711547072524950E+00,  1.039666584115994E-01,  4.062791450433792E-04, -5.921758073104719E-03, -1.785891464751328E-04
A.D. 2078-Jan-01, -2.891200246827939E+00, -4.529103173731545E+00,  8.384848209571000E-02,  1.780150959074371E-03, -5.216619200616639E-03, -2.303704704887078E-04
A.D. 2078-Jul-01, -1.664218200920558E+00, -5.051151524327836E+00,  5.897663805915589E-02,  3.282104047760987E-03,  8.767626104680114E-04, -1.151275757153947E-04
A.D. 2079-Jan-01, -3.220304642272542E-01, -5.247769392029469E+00,  2.979083073008905E-02,  3.239320340004813E-03,  2.135815224787611E-03, -1.559471994013830E-04
A.D. 2079-Jul-01,  1.028329888297790E+00, -5.102278501591881E+00, -1.084188031779116E-03,  6.830324584903236E-03,  6.569492076402062E-03, -3.713113911480437E-05
A.D. 2080-Jan-01,  2.321630959221427E+00, -4.584440552664494E+00, -3.209624654428937E-02,  5.421901261514087E-03,  8.357849422646889E-03, -4.439933391184843E-05
A.D. 2080-Jul-01,  3.433694547744210E+00, -3.749879749904407E+00, -6.070236902515453E-02,  7.051751424115037E-03,  9.936819823464327E-03,  8.992013434006250E-06
A.D. 2081-Jan-01,  4.298502824605637E+00, -2.613348127708562E+00, -8.470729048227028E-02,  4.676315213453604E-03,  1.148868324667219E-02,  3.605793456755379E-05
A.D. 2081-Jul-01,  4.812362721021230E+00, -1.305981636258021E+00, -1.022453699529287E-01,  6.185038706142991E-03,  9.582402056018808E-03,  4.140859975264164E-05
A.D. 2082-Jan-01,  4.959208740217780E+00,  1.359116641368047E-01, -1.114806897112950E-01,  3.644163578038660E-03,  1.049478368145202E-02,  1.036708868356255E-04
A.D. 2082-Jul-01,  4.695264936076856E+00,  1.540965721477742E+00, -1.119327984790940E-01,  1.899860946031705E-03,  5.750751279011545E-03,  2.920207032980892E-05
A.D. 2083-Jan-01,  4.058664692377497E+00,  2.843016406965671E+00, -1.031260882179218E-01,  1.520106442835422E-04,  5.461941337719097E-03,  1.014811343000992E-04
A.D. 2083-Jul-01,  3.099175025338132E+00,  3.906334747509887E+00, -8.621109791798699E-02, -4.267167010212539E-03,  6.829248390397395E-04,  7.198189302170254E-06
A.D. 2084-Jan-01,  1.887762395169012E+00,  4.668388426853587E+00, -6.237351896190432E-02, -4.691183244657753E-03, -8.506795285576315E-04,  5.808076978902661E-05
A.D. 2084-Jul-01,  5.412408695181742E-01,  5.074894922140929E+00, -3.381968597381620E-02, -7.864890986268046E-03, -3.531388467027996E-03,  2.265668060988612E-05
A.D. 2085-Jan-01, -8.598154812501375E-01,  5.098699380560267E+00, -2.683330685134004E-03, -7.065629245575093E-03, -5.570250421818762E-03,  4.061907001012346E-05
A.D. 2085-Jul-01, -2.175192704489717E+00,  4.775693239554222E+00,  2.858270143015716E-02, -1.058249078823862E-02, -5.834763588814937E-03,  2.779794030365449E-05
A.D. 2086-Jan-01, -3.368994159094694E+00,  4.106427814006822E+00,  5.796497494340934E-02, -9.015448228763974E-03, -8.026912873914742E-03,  3.290405058190063E-06
A.D. 2086-Jul-01, -4.312013216071548E+00,  3.185043998544838E+00,  8.343938717306514E-02, -9.298160218779734E-03, -5.193530135165906E-03,  7.757889948386950E-05
A.D. 2087-Jan-01, -5.005809851860815E+00,  2.039663586563945E+00,  1.036774332192887E-01, -7.680495728800211E-03, -6.867797158355829E-03,  2.229626744943983E-05
A.D. 2087-Jul-01, -5.366524565601257E+00,  7.818011248758859E-01,  1.172287409408248E-01, -4.013784567904489E-03, -3.295650429510609E-03,  1.300611005246683E-04
A.D. 2088-Jan-01, -5.413462203968640E+00, -5.378049657239468E-01,  1.238195210058412E-01, -2.752643875050055E-03, -3.835717124495987E-03,  6.671482133230245E-05
A.D. 2088-Jul-01, -5.126193476508383E+00, -1.818302924943604E+00,  1.226854828681945E-01,  1.481418036593837E-03, -2.098930580806742E-03,  9.818843949497877E-05
A.D. 2089-Jan-01, -4.525337976208379E+00, -2.992539362168799E+00,  1.142355007353560E-01,  2.390370749185668E-03, -1.489538388123300E-03,  4.195750003626743E-05
A.D. 2089-Jul-01, -3.660368380254708E+00, -3.980012770265365E+00,  9.861230357097153E-02,  8.188168857844215E-03, -9.022900118600459E-04,  4.828820743910348E-05
A.D. 2090-Jan-01, -2.549504368426484E+00, -4.721303280822984E+00,  7.700080959414070E-02,  8.633880177781838E-03,  1.006440845570500E-03,  2.010673391918755E-05
A.D. 2090-Jul-01, -1.305843476510970E+00, -5.162109767238304E+00,  5.049668718885327E-02,  1.189347247391066E-02, -8.222454889563618E-04, -7.183165683874650E-05
A.D. 2091-Jan-01,  5.531596109962240E-02, -5.262739626863765E+00,  2.059398707514193E-02,  1.196340519666611E-02,  1.836509791163771E-03, -6.600941346676737E-05
A.D. 2091-Jul-01,  1.377365833544748E+00, -5.007257687391133E+00, -1.035862330938627E-02,  1.090025224102308E-02, -5.169618536405472E-04, -2.041900897137267E-04
A.D. 2092-Jan-01,  2.635307318356137E+00, -4.396652781109971E+00, -4.100272016509551E-02,  1.049860183733316E-02,  1.979553336388243E-03, -1.704746693714772E-04
A.D. 2092-Jul-01,  3.679679604192522E+00, -3.466209957850255E+00, -6.824964091496206E-02,  7.234513784721112E-03,  1.682700439446218E-03, -2.307170665384755E-04
A.D. 2093-Jan-01,  4.458794019656549E+00, -2.268625721037784E+00, -9.070195678935619E-02,  6.105554929513827E-03,  3.302877549898722E-03, -1.767162902557322E-04
A.D. 2093-Jul-01,  4.877148666225612E+00, -9.025483834833692E-01, -1.054607382490651E-01, -2.555404461470038E-04,  3.312818295746814E-03, -2.126146863451752E-04
A.D. 2094-Jan-01,  4.911236484043488E+00,  5.443076718512225E-01, -1.123791561126737E-01, -1.735974009663311E-03,  3.212435849325204E-03, -1.589343226705867E-04
A.D. 2094-Jul-01,  4.559406958057980E+00,  1.935949270678427E+00, -1.097958107732534E-01, -7.355119822048121E-03,  5.353721132071397E-03, -7.869090909359906E-05
A.D. 2095-Jan-01,  3.822558571993896E+00,  3.183638886130252E+00, -9.866886153618584E-02, -8.870564683046705E-03,  3.552647663652949E-03, -4.579878602749550E-05
A.D. 2095-Jul-01,  2.808455038891246E+00,  4.163393613261348E+00, -7.966882846824312E-02, -1.075764977772090E-02,  6.406368451633732E-03,  1.154410396166535E-04
A.D. 2096-Jan-01,  1.543713076046500E+00,  4.832882761340578E+00, -5.427363655012131E-02, -1.192515968409926E-02,  3.755728358187509E-03,  1.201157023841032E-04
A.D. 2096-Jul-01,  1.836079425782184E-01,  5.126639147336179E+00, -2.501651791913955E-02, -1.085065392332404E-02,  4.137266874102175E-03,  2.259966994889446E-04
A.D. 2097-Jan-01, -1.212506667808989E+00,  5.051190545411436E+00,  6.482368493003277E-03, -1.116338305212633E-02,  1.547878740714336E-03,  2.067059629114525E-04
A.D. 2097-Jul-01, -2.495760989011068E+00,  4.613055661084285E+00,  3.680166494793096E-02, -6.351092548610233E-03,  1.480345746090347E-03,  3.059113474328105E-04
A.D. 2098-Jan-01, -3.633880512986110E+00,  3.865571468661542E+00,  6.543260827139420E-02, -5.965047603220273E-03, -9.165374618481577E-05,  2.768076322445263E-04
A.D. 2098-Jul-01, -4.522187004329061E+00,  2.866033403548224E+00,  8.895153258809402E-02, -4.592973281838464E-04, -3.060618364762154E-03,  2.536937329905549E-04
A.D. 2099-Jan-01, -5.128943501088125E+00,  1.678140875976964E+00,  1.075950674517179E-01,  7.224484850944917E-04, -3.313921979607244E-03,  2.278987912183772E-04
A.D. 2099-Jul-01, -5.422234753679605E+00,  3.996682513048564E-01,  1.189933294637642E-01,  4.003498237912149E-03, -7.791395006079094E-03,  9.092210555788261E-05
A.D. 2100-Jan-01, -5.373455425866109E+00, -9.211350183400532E-01,  1.235279199555273E-01,  5.873320197981630E-03, -6.968174995189088E-03
