julian, epoch, x, y, z, vx, vy, vz, LT, RG, RR
2433282.500000000, A.D. 1950-Jan-01, -1.394397543745443E+00,  9.087707693947288E-01,  5.334744571998534E-02, -7.539534581704529E-03, -9.983087523741866E-03, -2.138902550391468E-04,  9.617677061077657E-03,  1.665249161919758E+00,  8.583459495083934E-04

2433463.500000000, A.D. 1950-Jul-01, -1.005835634190558E+00, -1.178402997724223E+00,  4.327270865821446E-04,  9.619007051574374E-03, -8.193327252841208E-03,  4.046943156777187E-06,  8.948026664971537E-03,  1.549302790065805E+00, -1.297158362267874E-05

2433647.500000000, A.D. 1951-Jan-01,  1.264691804647276E+00, -5.481250291516018E-01, -4.240348851343616E-02,  6.995591875974695E-03,  1.380599872430922E-02, -6.051005402579491E-05,  7.964530796685094E-03,  1.379015759214715E+00,  9.299531856578646E-04

2433828.500000000, A.D. 1951-Jul-01,  2.183247462862433E-01,  1.530216160136270E+00,  2.669951967586132E-02, -1.284501389256571E-02,  2.704678406218546E-03,  5.651705724891810E-04,  8.928622690052422E-03,  1.545943095956014E+00,  8.728962873083256E-04

2434012.500000000, A.D. 1952-Jan-01, -1.607449031307010E+00,  4.054876344746295E-01,  4.764874970439466E-02, -2.928233786477868E-03, -1.051444892670439E-02, -1.778820030524147E-06,  9.578628834017741E-03,  1.658488170988889E+00,  2.673656584513587E-04

2434194.500000000, A.D. 1952-Jul-01, -4.413228150598781E-01, -1.422228001680220E+00, -1.912190914623519E-02,  1.230858768641328E-02, -2.133469137472490E-03,  8.698917246405868E-05,  8.601187574064435E-03,  1.489249463073627E+00, -1.611176957046368E-03

2434378.500000000, A.D. 1953-Jan-01,  1.387989750049896E+00,  1.116304438583751E-01, -3.160227518441391E-02, -1.104002879383369E-03,  1.499622550274753E-02,  3.789629619200529E-04,  8.044315606298993E-03,  1.392830070768298E+00,  9.313019540384543E-05

2434559.500000000, A.D. 1953-Jul-01, -3.735524129233195E-01,  1.557115910800800E+00,  4.229528706405370E-02, -1.348005013560478E-02, -3.612533725729409E-03,  4.826168240994248E-04,  9.251544386328032E-03,  1.601855254440198E+00, -3.553480062947179E-04

2434743.500000000, A.D. 1954-Jan-01, -1.635628315575749E+00, -1.567853920100874E-01,  3.690934065590511E-02,  2.584065634844925E-03, -1.190264854536877E-02, -2.021635935089022E-04,  9.492295773908496E-03,  1.643540065008630E+00, -1.440714028740913E-03

2434924.500000000, A.D. 1954-Jul-01,  1.772943613704928E-01, -1.432367956832146E+00, -3.469424083096657E-02,  1.488523365828368E-02,  3.090261002762918E-03, -3.257608094086958E-04,  8.338206335222973E-03,  1.443715673074205E+00, -1.230173539331945E-03

2435108.500000000, A.D. 1955-Jan-01,  1.236274849932597E+00,  7.333977375663892E-01, -1.536969570248788E-02, -8.213787142848145E-03,  1.402151545069641E-02,  9.310902259894142E-04,  8.302463737021239E-03,  1.437527034037744E+00,  7.967757491370111E-05

2435289.500000000, A.D. 1955-Jul-01, -8.974067086505336E-01,  1.376175710958508E+00,  5.115646585969343E-02, -1.193667387926915E-02, -7.408686824714652E-03,  3.308635568662753E-05,  9.493334875380491E-03,  1.643719979851310E+00,  3.151929448658763E-04

2435473.500000000, A.D. 1956-Jan-01, -1.462755803134597E+00, -6.803999333567389E-01,  2.231647749425772E-02,  6.112422559441327E-03, -1.302261818905543E-02, -2.057495531373764E-04,  9.318287633101335E-03,  1.613411489386247E+00, -5.267387018201317E-05

2435655.500000000, A.D. 1956-Jul-01,  7.686655282948065E-01, -1.172934072950614E+00, -4.338594620576448E-02,  1.332142420300250E-02,  7.842071351794924E-03, -3.288345461851005E-04,  8.103246464701196E-03,  1.403033632599525E+00,  7.524792385662812E-04

2435839.500000000, A.D. 1957-Jan-01,  8.429646590299731E-01,  1.225434934811678E+00,  4.417767386535737E-03, -1.143150990138899E-02,  1.018337225788798E-02,  8.058352419569382E-04,  8.590391325800403E-03,  1.487380150633691E+00,  1.913607132799286E-03

2436020.500000000, A.D. 1957-Jul-01, -1.317577394151928E+00,  1.008368824042655E+00,  5.329974084250494E-02, -8.084495364303657E-03, -9.521582124424827E-03, -1.930518131890690E-04,  9.587462609789803E-03,  1.660017691850069E+00,  6.267355816726654E-04

2436204.500000000, A.D. 1958-Jan-01, -1.081754013032260E+00, -1.121871055024784E+00,  3.540022339370031E-03,  9.162746903904090E-03, -9.675052242248300E-03, -1.442162101037603E-04,  9.000916835456989E-03,  1.558460439206586E+00,  6.043222403565477E-04

2436385.500000000, A.D. 1958-Jul-01,  1.196479655813225E+00, -6.816773557403131E-01, -4.333876121776565E-02,  7.957703680212402E-03,  1.222614436286845E-02, -2.575559679488671E-04,  7.957075273616486E-03,  1.377724875411607E+00,  8.696271499212539E-04

2436569.500000000, A.D. 1959-Jan-01,  3.098879011247802E-01,  1.504931040280175E+00,  2.395608448799496E-02, -1.207765998691787E-02,  3.040939108335484E-03,  2.056276436259018E-04,  8.875191948298259E-03,  1.536691849801478E+00,  5.457235848575482E-04

2436750.500000000, A.D. 1959-Jul-01, -1.575703503464511E+00,  5.235021872481099E-01,  4.946117728848681E-02, -2.474857582548512E-03, -1.083315416539885E-02, -4.484036164027809E-04,  9.593868689756034E-03,  1.661126870212704E+00, -1.079819211835929E-03

2436934.500000000, A.D. 1960-Jan-01, -5.496585399380466E-01, -1.395928983490156E+00, -1.595518053835560E-02,  1.331527376743931E-02, -3.599958687839898E-03, -5.798557741047445E-04,  8.665196307011064E-03,  1.500332231627615E+00, -1.522539817812887E-03

2437116.500000000, A.D. 1960-Jul-01,  1.388704292226638E+00, -3.757285161356751E-02, -3.494032758950430E-02,  5.266230253327545E-04,  1.517090610824081E-02,  1.136327437131671E-04,  8.025959511038336E-03,  1.389651811397058E+00,  1.132219488623320E-04

2437300.500000000, A.D. 1961-Jan-01, -2.825163492449523E-01,  1.568214555079295E+00,  4.029779024480962E-02, -1.293396897445808E-02, -3.148694767040147E-03,  1.084575710764886E-04,  9.205995580057099E-03,  1.593968723109667E+00, -8.026510484580351E-04

2437481.500000000, A.D. 1961-Jul-01, -1.651734957344660E+00, -3.000663383120326E-02,  4.025807397337181E-02,  2.102913590340779E-03, -1.277750832228752E-02, -5.533825745763963E-04,  9.544032211893887E-03,  1.652497951559485E+00, -1.883405658460713E-03

2437665.500000000, A.D. 1962-Jan-01,  7.683623590504250E-02, -1.449436705613529E+00, -3.261785692589921E-02,  1.571982486301795E-02,  2.445976723036705E-03, -6.780137125514343E-04,  8.385118807371117E-03,  1.451838315832136E+00, -1.594751214626849E-03

2437846.500000000, A.D. 1962-Jul-01,  1.297380530617620E+00,  5.952987886514595E-01, -2.001891333768742E-02, -5.686587299776926E-03,  1.578721027321322E-02,  6.144411375702760E-04,  8.245000278467260E-03,  1.427577544614223E+00,  1.406675992581711E-03

2438030.500000000, A.D. 1963-Jan-01, -8.184946295459445E-01,  1.418385971412116E+00,  5.001355066629823E-02, -1.199266053413471E-02, -5.942195082482947E-03, -2.069516981633794E-05,  9.462431246447755E-03,  1.638369182371451E+00,  8.463092889954421E-04

2438211.500000000, A.D. 1963-Jul-01, -1.520490003959122E+00, -5.614085215912612E-01,  2.613106175992331E-02,  4.280863277208622E-03, -1.249425383167127E-02, -4.149724496074303E-05,  9.362313334897131E-03,  1.621034303351906E+00,  3.110892734345228E-04

2438395.500000000, A.D. 1964-Jan-01,  6.690396690758672E-01, -1.239121275595845E+00, -4.231886773036833E-02,  1.425186539368524E-02,  7.964157358924423E-03, -4.313125566423464E-04,  8.136773775561571E-03,  1.408838706523000E+00, -2.237593689305320E-04

2438577.500000000, A.D. 1964-Jul-01,  9.467183892513390E-01,  1.126811384397891E+00, -9.044540593130753E-05, -9.513575767498433E-03,  1.148903253618607E-02,  5.542259835761854E-04,  8.499984796158638E-03,  1.471726745267515E+00,  2.676614674795120E-03

2438761.500000000, A.D. 1965-Jan-01, -1.260278660412212E+00,  1.075521484881702E+00,  5.319815952803958E-02, -8.480981477806768E-03, -8.186388250024629E-03, -1.552552067711923E-04,  9.573919118955618E-03,  1.657672709104457E+00,  1.131408044415677E-03

2438942.500000000, A.D. 1965-Jul-01, -1.179168883812912E+00, -1.032781091858764E+00,  7.403332347975479E-03,  7.993161036069715E-03, -8.835883633449827E-03,  3.244464674248561E-05,  9.053262416103670E-03,  1.567523795539776E+00, -1.910739938349764E-04

2439126.500000000, A.D. 1966-Jan-01,  1.142435773073123E+00, -7.712792616522944E-01, -4.391559062190582E-02,  8.432087889499505E-03,  1.239222668808111E-02, -1.509951654420367E-05,  7.965107294935500E-03,  1.379115576792519E+00,  5.504578580247282E-05

2439307.500000000, A.D. 1966-Jul-01,  4.361958113518081E-01,  1.461362151929131E+00,  2.020527101771265E-02, -1.284085130992911E-02,  3.994974301619214E-03,  5.889070502348475E-04,  8.808857172736766E-03,  1.525206339453355E+00,  1.631764220025563E-04

2439491.500000000, A.D. 1967-Jan-01, -1.546322239364690E+00,  6.064866650833315E-01,  5.044471422626496E-02, -3.938608332305591E-03, -1.041183589934945E-02, -5.151752542445045E-05,  9.597589491150129E-03,  1.661771107003338E+00, -1.365294904284175E-04

2439672.500000000, A.D. 1967-Jul-01, -6.809248737747409E-01, -1.353861088299142E+00, -1.196338388737061E-02,  1.282760334488760E-02, -4.692984319714761E-03, -3.289665605489495E-04,  8.752800704093480E-03,  1.515500462781098E+00, -1.568491620502785E-03

2439856.500000000, A.D. 1968-Jan-01,  1.377231594236296E+00, -1.567674700390098E-01, -3.724056173786581E-02,  3.903305012913193E-04,  1.550966118056974E-02,  7.207024761000820E-04,  8.008479923669437E-03,  1.386625314662773E+00, -1.385142900979426E-03

2440038.500000000, A.D. 1968-Jul-01, -1.501317070369738E-01,  1.578581914321737E+00,  3.719975688474870E-02, -1.462710687810675E-02, -1.522154854810442E-03,  6.051501076880844E-04,  9.160788132603057E-03,  1.586141296226096E+00, -1.162205180157625E-04

2440222.500000000, A.D. 1969-Jan-01, -1.654464131252684E+00,  5.863177713038029E-02,  4.217416550627424E-02,  5.439846047370180E-04, -1.280302319818495E-02, -1.772237996239679E-04,  9.564488375842456E-03,  1.656039826552284E+00, -1.001268966188583E-03

2440403.500000000, A.D. 1969-Jul-01, -7.028292115884996E-02, -1.463428487933609E+00, -2.900211863343672E-02,  1.547901719162619E-02,  1.934289047445710E-05, -4.696301431827134E-04,  8.463457551660468E-03,  1.465402248936277E+00, -7.524194899583305E-04

2440587.500000000, A.D. 1970-Jan-01,  1.330630093411468E+00,  4.974225448259716E-01, -2.281454732110343E-02, -5.323768143116038E-03,  1.555649396980105E-02,  7.951714064035225E-04,  8.205558674622264E-03,  1.420748442604398E+00,  4.476818152319119E-04

2440768.500000000, A.D. 1970-Jul-01, -6.981787098197646E-01,  1.470695248350001E+00,  4.786594481653176E-02, -1.270549128401184E-02, -4.922437311985555E-03,  1.201765636659154E-04,  9.406631888888219E-03,  1.628707823103346E+00,  1.005122397524422E-03

2440952.500000000, A.D. 1971-Jan-01, -1.555634925607797E+00, -4.779575990554167E-01,  2.878858670461266E-02,  3.499874740731705E-03, -1.361472797655248E-02, -9.492762311548768E-05,  9.400571643107819E-03,  1.627658524073783E+00,  6.512437748730672E-04

2441133.500000000, A.D. 1971-Jul-01,  5.360863073094631E-01, -1.308226383502764E+00, -4.017422922420559E-02,  1.450812955764063E-02,  5.295514742171369E-03, -5.908399372874383E-04,  8.168753083676619E-03,  1.414375752079756E+00,  6.176675741062593E-04

2441317.500000000, A.D. 1972-Jan-01,  1.023414150929047E+00,  1.042437632413601E+00, -3.514953016313076E-03, -8.554046352745245E-03,  1.056028980189942E-02,  3.628886700793343E-04,  8.437131112296409E-03,  1.460843967262966E+00,  1.542146818860100E-03

2441499.500000000, A.D. 1972-Jul-01, -1.171463118959900E+00,  1.162418856444628E+00,  5.278065843399260E-02, -8.585747102958036E-03, -8.150833514846068E-03, -2.055474569088758E-04,  9.536304654364865E-03,  1.651159966449653E+00,  3.466378715260612E-04

2441683.500000000, A.D. 1973-Jan-01, -1.245046383769494E+00, -9.666113977689477E-01,  1.044420293240940E-02,  7.512488520259758E-03, -1.020376834933734E-02, -1.017307930228937E-04,  9.103703110028909E-03,  1.576257330961295E+00,  3.226755012440001E-04

2441864.500000000, A.D. 1973-Jul-01,  1.054598501983878E+00, -8.915159886756766E-01, -4.434215419835454E-02,  9.374310667281142E-03,  1.120781734259064E-02, -2.099968299856724E-04,  7.979720370465104E-03,  1.381645752387333E+00, -6.984616733107614E-05

2442048.500000000, A.D. 1974-Jan-01,  5.242691385826387E-01,  1.422080387045857E+00,  1.726236246064572E-02, -1.190524763949629E-02,  4.349023842491661E-03,  2.782780883281279E-04,  8.754186057917102E-03,  1.515740329360013E+00, -3.436517267171257E-05

2442229.500000000, A.D. 1974-Jul-01, -1.499147978589872E+00,  7.204558470791832E-01,  5.196895730696485E-02, -3.920260967752619E-03, -1.096440272897866E-02, -4.399954828115083E-04,  9.610993638376458E-03,  1.664091963151152E+00, -1.229008313375429E-03

2442413.500000000, A.D. 1975-Jan-01, -7.694649456301329E-01, -1.316208517917074E+00, -9.029934491909516E-03,  1.321071990243599E-02, -5.299468526183103E-03, -6.629252805426858E-04,  8.805653650341083E-03,  1.524651666744891E+00, -2.088341982932161E-03

2442594.500000000, A.D. 1975-Jul-01,  1.351221313625308E+00, -3.078386716054988E-01, -4.010061124927478E-02,  2.948648176437553E-03,  1.647180259147590E-02,  3.720965978665624E-04,  8.007317721574213E-03,  1.386424085607902E+00, -7.943477603813207E-04

2442778.500000000, A.D. 1976-Jan-01, -4.249327546400029E-02,  1.576151192965017E+00,  3.438713411452198E-02, -1.360232218348142E-02,  6.727166070292419E-05,  1.144152984176630E-04,  9.108563234189172E-03,  1.577098835373775E+00,  4.362262722810269E-04

2442960.500000000, A.D. 1976-Jul-01, -1.650945170574268E+00,  1.879036997504822E-01,  4.497984702017691E-02, -4.374661643693892E-04, -1.316394812289728E-02, -4.422583280272043E-04,  9.600139716714109E-03,  1.662212664871850E+00, -1.065576417284210E-03

2443144.500000000, A.D. 1977-Jan-01, -1.700944107034882E-01, -1.463817325911855E+00, -2.658159739273267E-02,  1.614871176866596E-02, -5.773749641570336E-04, -7.810444553371468E-04,  8.512572996188451E-03,  1.473906324537706E+00, -1.276114156822863E-03

2443325.500000000, A.D. 1977-Jul-01,  1.366885757590744E+00,  3.496957644734435E-01, -2.681944564143797E-02, -2.536923629619616E-03,  1.650032934210345E-02,  4.424135092895974E-04,  8.150202015404954E-03,  1.411163734178144E+00,  1.623160491860684E-03

2443509.500000000, A.D. 1978-Jan-01, -6.128424309796840E-01,  1.501739320733528E+00,  4.633433213273547E-02, -1.270387716502451E-02, -3.384342508568904E-03,  5.484908324763513E-05,  9.371557048305513E-03,  1.622634802714546E+00,  1.667421489941621E-03

2443690.500000000, A.D. 1978-Jul-01, -1.593965485339210E+00, -3.532600292025522E-01,  3.200011298397946E-02,  1.911350292680366E-03, -1.238316126299018E-02,  5.649791080740551E-05,  9.431162583626461E-03,  1.632955181233043E+00,  8.142645109117416E-04

2443874.500000000, A.D. 1979-Jan-01,  4.414605632896476E-01, -1.349995351230417E+00, -3.877086701338752E-02,  1.455837553708008E-02,  5.148149687909030E-03, -4.527537212328817E-04,  8.206273943142424E-03,  1.420872287509584E+00, -3.557503591713690E-04

2444055.500000000, A.D. 1979-Jul-01,  1.108898368331070E+00,  9.296340029385657E-01, -7.668800178628451E-03, -8.132611700937225E-03,  1.126589476976435E-02,  6.246342694165834E-04,  8.357424046110697E-03,  1.447043116566700E+00,  1.002132413376162E-03

2444239.500000000, A.D. 1980-Jan-01, -1.095617018790239E+00,  1.228365645215985E+00,  5.220630845552263E-02, -9.534244431410139E-03, -6.329408722076764E-03,  1.294549253318411E-04,  9.511183329728152E-03,  1.646810343923139E+00,  1.626058887274904E-03

2444421.500000000, A.D. 1980-Jul-01, -1.328058829125142E+00, -8.673743978832420E-01,  1.416944505097702E-02,  6.840468803053314E-03, -9.330798409611105E-03,  1.543249887064883E-06,  9.161580361328211E-03,  1.586278466377707E+00, -6.248760800571842E-04

2444605.500000000, A.D. 1981-Jan-01,  9.853607889481831E-01, -9.714887987725369E-01, -4.435703195272519E-02,  9.690104199832352E-03,  1.120960482609531E-02, -1.807599743984146E-05,  7.995899905573419E-03,  1.384447152050503E+00, -9.685851917851467E-04

2444786.500000000, A.D. 1981-Jul-01,  6.455136227903880E-01,  1.359553934480484E+00,  1.306847987953567E-02, -1.287036208895225E-02,  5.763094484208801E-03,  7.157189121523298E-04,  8.692578213202679E-03,  1.505073261717082E+00, -3.078939287933662E-04

2444970.500000000, A.D. 1982-Jan-01, -1.458680939373477E+00,  7.980855874055669E-01,  5.257479198005662E-02, -5.366535129779008E-03, -1.048326885092936E-02, -7.095755539091500E-05,  9.607961066967301E-03,  1.663566889688456E+00, -3.259345065188643E-04

2445151.500000000, A.D. 1982-Jul-01, -8.925465816279384E-01, -1.255436179068600E+00, -4.595588739799711E-03,  1.250965203066642E-02, -6.915611832224053E-03, -4.209497345544161E-04,  8.896511627784737E-03,  1.540383237874896E+00, -1.610899995458620E-03

2445335.500000000, A.D. 1983-Jan-01,  1.322144264186371E+00, -4.095300766679509E-01, -4.146016718869364E-02,  3.315877820829722E-03,  1.570673617423222E-02,  6.185909982638344E-04,  7.997579611136727E-03,  1.384737984053263E+00, -1.497726601116652E-03

2445516.500000000, A.D. 1983-Jul-01,  9.388414889711898E-02,  1.562998081494753E+00,  3.051069325914986E-02, -1.431475438684059E-02,  1.341865928287559E-03,  3.717912560918601E-04,  9.045111039655940E-03,  1.566112428458944E+00,  4.883103756352721E-04

2445700.500000000, A.D. 1984-Jan-01, -1.639592758500525E+00,  2.890393362947378E-01,  4.689268752878790E-02, -2.606112990343052E-03, -1.403459383377672E-02,  5.019682439083993E-05,  9.619328339527238E-03,  1.665535071920354E+00,  1.313500793882618E-04

2445882.500000000, A.D. 1984-Jul-01, -3.157485093978811E-01, -1.452346662311920E+00, -2.239005895713834E-02,  1.508708280621458E-02, -3.110044334849643E-03, -4.967723677133976E-04,  8.584971939636612E-03,  1.486441813007042E+00, -1.585925753699079E-04

2446066.500000000, A.D. 1985-Jan-01,  1.383652233488920E+00,  2.470213336009034E-01, -2.930510381569746E-02, -2.065048191060196E-03,  1.607112507181494E-02,  6.515998101056388E-04,  8.119425370560393E-03,  1.405834923311587E+00,  7.778345719472138E-04

2446247.500000000, A.D. 1985-Jul-01, -4.859740451392667E-01,  1.534736751125380E+00,  4.372886728909586E-02, -1.272009775808434E-02, -2.606781093462926E-03,  1.166040203308467E-04,  9.301095057328682E-03,  1.610434687169367E+00,  1.357405919615123E-03

2446431.500000000, A.D. 1986-Jan-01, -1.616230974106216E+00, -2.670749053567182E-01,  3.439437511739474E-02,  1.174058911935710E-03, -1.339931212879546E-02,  5.222046996496961E-05,  9.463243694697164E-03,  1.638509853425161E+00,  1.027070863603373E-03

2446612.500000000, A.D. 1986-Jul-01,  3.025241858892350E-01, -1.395530249140170E+00, -3.622928540484149E-02,  1.439336414939448E-02,  3.028757893996755E-03, -5.662280212865353E-04,  8.249773756020770E-03,  1.428404046631804E+00,  1.037042355382723E-04

2446796.500000000, A.D. 1987-Jan-01,  1.164714252509344E+00,  8.447786498973195E-01, -1.074662799358866E-02, -6.799005060543434E-03,  1.124288606227777E-02,  3.522901698479903E-04,  8.310177655184714E-03,  1.438862657564637E+00,  1.094660475105425E-03

2446977.500000000, A.D. 1987-Jul-01, -9.965490066571292E-01,  1.302383577214611E+00,  5.155195115583951E-02, -8.937854132635890E-03, -6.441767794348277E-03, -2.813980619774533E-04,  9.476023203852765E-03,  1.640722556843665E+00,  3.064811004709879E-04

2447161.500000000, A.D. 1988-Jan-01, -1.389094118884555E+00, -7.836110189486436E-01,  1.741511048790200E-02,  7.365965884645492E-03, -1.057425219021858E-02, -5.306944639341542E-04,  9.211783334956881E-03,  1.594970841805798E+00, -1.225828967117255E-03

2447343.500000000, A.D. 1988-Jul-01,  8.809361725458679E-01, -1.075897203233186E+00, -4.422111106635796E-02,  1.094676928438168E-02,  1.021915283682071E-02, -2.649848709473456E-04,  8.035153089957123E-03,  1.391243630241913E+00, -9.629046752796311E-04

2447527.500000000, A.D. 1989-Jan-01,  7.280555272776682E-01,  1.306421916853943E+00,  9.971978653095140E-03, -1.178185172073206E-02,  6.115303354486762E-03,  4.014281928477865E-04,  8.638025775639007E-03,  1.495627799953636E+00, -3.909213929971289E-04

2447708.500000000, A.D. 1989-Jul-01, -1.395351524244418E+00,  9.068325626590056E-01,  5.358643335748424E-02, -5.910093141273959E-03, -1.081976795793373E-02, -3.831137169362479E-04,  9.616233995889043E-03,  1.664999302927751E+00, -9.523067826146011E-04

2447892.500000000, A.D. 1990-Jan-01, -9.734565958774873E-01, -1.204913588714382E+00, -1.575724149712477E-03,  1.277168453643414E-02, -7.410798191577596E-03, -7.894544995248780E-04,  8.946344977720009E-03,  1.549011614944366E+00, -2.260838532067615E-03

2448073.500000000, A.D. 1990-Jul-01,  1.269348145877956E+00, -5.543123064830501E-01, -4.335584138055345E-02,  6.191467046732789E-03,  1.594224123268847E-02,  1.992682080560773E-04,  8.003598562580221E-03,  1.385780133190030E+00, -7.118681451405923E-04

2448257.500000000, A.D. 1991-Jan-01,  1.866870240230332E-01,  1.546149666863825E+00,  2.781712894387727E-02, -1.380221577870789E-02,  2.931385053579543E-03,  1.842916265717287E-04,  8.996108406739483E-03,  1.557627885582553E+00,  1.258832046780651E-03

2448438.500000000, A.D. 1991-Jul-01, -1.614071872027129E+00,  4.161043694409656E-01,  4.872158958938005E-02, -4.251556147424846E-03, -1.263269109429857E-02,  1.497946817267003E-04,  9.631003077200505E-03,  1.667556490086360E+00,  9.673420195132822E-04

2448622.500000000, A.D. 1992-Jan-01, -4.287340392925114E-01, -1.433732290461048E+00, -1.924874430998554E-02,  1.524398401851579E-02, -3.045385831657266E-03, -7.571738501006678E-04,  8.643563767419203E-03,  1.496586673506171E+00, -1.439791113816496E-03

2448804.500000000, A.D. 1992-Jul-01,  1.392710684701479E+00,  9.489020547353737E-02, -3.250238211597729E-02,  4.683614597150945E-04,  1.623709070391098E-02,  3.135671726714165E-04,  8.064459481869799E-03,  1.396317874704641E+00,  1.563283863877132E-03

2448988.500000000, A.D. 1993-Jan-01, -3.969561538144341E-01,  1.553165815210039E+00,  4.185699438746748E-02, -1.266001765808790E-02, -1.012967799164073E-03,  1.109942214546024E-05,  9.261832401462224E-03,  1.603636569041554E+00,  2.153000009048923E-03

2449169.500000000, A.D. 1993-Jul-01, -1.635673044890044E+00, -1.417002738824531E-01,  3.706500171709375E-02,  1.497198151038091E-04, -1.183774062645618E-02,  1.448246378742709E-04,  9.484658637278910E-03,  1.642217735792218E+00,  8.755759465871934E-04

2449353.500000000, A.D. 1994-Jan-01,  2.035365360356096E-01, -1.421328507199971E+00, -3.440771240755511E-02,  1.423682214042983E-02,  2.855433304391927E-03, -4.193294016518006E-04,  8.295031252505450E-03,  1.436240139236400E+00, -7.981723226839439E-04

2449534.500000000, A.D. 1994-Jul-01,  1.233164712034481E+00,  7.188051484053162E-01, -1.484388867205527E-02, -6.774828122988812E-03,  1.203719365346906E-02,  6.934305628935090E-04,  8.244229022026515E-03,  1.427444005701093E+00,  2.014962351382027E-04

2449718.500000000, A.D. 1995-Jan-01, -9.219298883260000E-01,  1.350614998308080E+00,  5.068908307406327E-02, -1.010935088928292E-02, -5.516965508213122E-03,  1.156095247593936E-04,  9.449081551922239E-03,  1.636057754416517E+00,  1.145849840329879E-03

2449899.500000000, A.D. 1995-Jul-01, -1.457482256365678E+00, -6.754011186306684E-01,  2.130960267733381E-02,  6.420388141292413E-03, -1.109894644460727E-02, -2.460775369944571E-04,  9.278429604297478E-03,  1.606510285629884E+00, -1.161900288994405E-03

2450083.500000000, A.D. 1996-Jan-01,  7.891333425413957E-01, -1.151577588564192E+00, -4.368301413498259E-02,  1.045972401834254E-02,  9.920984999430810E-03,  3.501760436937196E-04,  8.066665813645410E-03,  1.396699889209486E+00, -2.281065370485929E-03

2450265.500000000, A.D. 1996-Jul-01,  8.420571999420869E-01,  1.224297197031591E+00,  5.302472408381511E-03, -1.247756646598650E-02,  8.066267299332646E-03,  8.537056727683866E-04,  8.582023933734311E-03,  1.485931381607966E+00, -4.218159010184829E-04

2450449.500000000, A.D. 1997-Jan-01, -1.344067111974293E+00,  9.779545944465621E-01,  5.378742485579677E-02, -7.300954779260051E-03, -1.028596238271813E-02,  4.504764421175371E-05,  9.605096224485412E-03,  1.663070857589260E+00, -1.466010710115958E-04

2450630.500000000, A.D. 1997-Jul-01, -1.085551572163080E+00, -1.126052800183187E+00,  3.139990096829194E-03,  1.148197936719503E-02, -9.324150097074909E-03, -4.912092593276574E-04,  9.033521776647907E-03,  1.564105809772452E+00, -1.257164193999698E-03

2450814.500000000, A.D. 1998-Jan-01,  1.223213166597342E+00, -6.497962631166074E-01, -4.416019377699799E-02,  6.530262239600928E-03,  1.495393797350367E-02,  4.853958338981925E-04,  8.003701045018361E-03,  1.385797877474138E+00, -1.263204009607147E-03

2450995.500000000, A.D. 1998-Jul-01,  3.210993006169798E-01,  1.510336086586887E+00,  2.351639227071631E-02, -1.368343464403069E-02,  4.187879326439073E-03,  3.533763161920219E-04,  8.918965384249021E-03,  1.544270985290062E+00,  1.256045171671819E-03

2451179.500000000, A.D. 1999-Jan-01, -1.591316405070692E+00,  5.006038783110009E-01,  4.999054986502536E-02, -5.109866063305902E-03, -1.329452049898651E-02,  2.232427171110948E-04,  9.639046295546046E-03,  1.668949130172317E+00,  8.911507076330800E-04

2451360.500000000, A.D. 1999-Jul-01, -5.657666546770476E-01, -1.397120984192717E+00, -1.488560168229843E-02,  1.418817743409079E-02, -5.447424281385553E-03, -8.046606074540031E-04,  8.706027392557646E-03,  1.507401914936268E+00, -2.683485062776666E-04

2451544.500000000, A.D. 2000-Jan-01,  1.390364729632571E+00, -2.560075093315035E-02, -3.470981964575477E-02,  1.622650411635587E-03,  1.449726329203144E-02,  2.571739847383370E-04,  8.033939589568044E-03,  1.391033519162796E+00,  1.348643713928285E-03

2451726.500000000, A.D. 2000-Jul-01, -2.668255578575208E-01,  1.567214829025447E+00,  3.901020902879138E-02, -1.232879927274832E-02, -7.741938777499752E-04,  1.795256465019870E-05,  9.184490665318372E-03,  1.590245262546539E+00,  1.306094726474819E-03

2451910.500000000, A.D. 2001-Jan-01, -1.645337295698797E+00, -5.324301107837775E-02,  3.920784173942184E-02, -5.634898126601860E-04, -1.275528336352944E-02,  1.087194679589083E-04,  9.510346116008445E-03,  1.646665384861171E+00,  9.780512595021769E-04

2452091.500000000, A.D. 2001-Jul-01,  6.300003770499091E-02, -1.443813306881199E+00, -3.158095446599151E-02,  1.412435240561425E-02,  1.314682448409342E-03, -5.611680472378740E-04,  8.348697490697046E-03,  1.445532160335092E+00, -6.852833052479900E-04

2452275.500000000, A.D. 2002-Jan-01,  1.274972728843968E+00,  6.257585929631776E-01, -1.774652897126214E-02, -5.339068336890232E-03,  1.190877399220800E-02,  3.521604531019676E-04,  8.203359306609247E-03,  1.420367633837669E+00,  4.496029685654431E-04

2452456.500000000, A.D. 2002-Jul-01, -8.129652266807366E-01,  1.412512420548307E+00,  4.964595458753954E-02, -9.984429633866561E-03, -5.731111969484224E-03, -2.439327210067785E-04,  9.417050416584740E-03,  1.630511735254367E+00,  5.898140520674624E-06

2452640.500000000, A.D. 2003-Jan-01, -1.499536131425097E+00, -5.944265950581478E-01,  2.400175339796779E-02,  6.480899766811233E-03, -1.138336874463903E-02, -6.539745088358429E-04,  9.317269219929454E-03,  1.613235156611691E+00, -1.839448368105904E-03

2452821.500000000, A.D. 2003-Jul-01,  6.670565302168804E-01, -1.237946588286337E+00, -4.278433960170713E-02,  1.252266975345980E-02,  9.607995352368476E-03, -7.561558009221511E-05,  8.125451655310499E-03,  1.406878342171035E+00, -2.514518251680392E-03

2453005.500000000, A.D. 2004-Jan-01,  9.270095008100180E-01,  1.148947817882646E+00,  1.540849376765489E-03, -1.068821708575803E-02,  9.390342996034510E-03,  2.147579523403113E-04,  8.526335875007503E-03,  1.476289293135371E+00,  5.969468335241756E-04

2453187.500000000, A.D. 2004-Jul-01, -1.264528420872330E+00,  1.078000989881762E+00,  5.405403656978967E-02, -8.169991188276498E-03, -9.994494552473712E-03, -2.102535026326900E-04,  9.602031720814015E-03,  1.662540255226746E+00, -2.732288822328022E-04

2453371.500000000, A.D. 2005-Jan-01, -1.157150842141139E+00, -1.065020583153403E+00,  6.130702978769614E-03,  1.163494691076296E-02, -9.687149541279045E-03, -8.826581904409336E-04,  9.083009332847076E-03,  1.572674314512504E+00, -2.004093440467955E-03

2453552.500000000, A.D. 2005-Jul-01,  1.144166081743293E+00, -7.843953599857935E-01, -4.496187299040066E-02,  9.236934327608831E-03,  1.432333178138885E-02,  5.677286109305162E-05,  8.016148292598368E-03,  1.387953051584184E+00, -4.820916999492106E-04

2453736.500000000, A.D. 2006-Jan-01,  4.116515093418321E-01,  1.478751827174879E+00,  2.056469965565157E-02, -1.305426572974005E-02,  5.801084353503557E-03,  1.926057406515432E-04,  8.866101330618985E-03,  1.535117858142617E+00,  2.090078464354958E-03

2453917.500000000, A.D. 2006-Jul-01, -1.547003681359706E+00,  6.207503824910030E-01,  5.102741234038147E-02, -6.295305241797430E-03, -1.131555376567490E-02,  3.056014521330365E-04,  9.631714059304098E-03,  1.667679592821524E+00,  1.637197048681213E-03

2454101.500000000, A.D. 2007-Jan-01, -6.583239535098856E-01, -1.366297871687755E+00, -1.205466295918010E-02,  1.365881922003019E-02, -5.414487719980362E-03, -6.624846017187207E-04,  8.759589141905671E-03,  1.516675844352522E+00, -1.045799468907742E-03

2454282.500000000, A.D. 2007-Jul-01,  1.372262485441337E+00, -1.750785555584061E-01, -3.709755105260994E-02,  2.430212458919755E-03,  1.429052047118805E-02,  4.820936407061629E-04,  7.992643513457787E-03,  1.383883325233799E+00,  5.889522609634436E-04

2454466.500000000, A.D. 2008-Jan-01, -1.615730696359046E-01,  1.571932735838863E+00,  3.646046451936828E-02, -1.262673810357292E-02,  1.370179403363313E-03,  3.228600063708746E-04,  9.128987779045767E-03,  1.580635235690509E+00,  2.660792461058595E-03

2454648.500000000, A.D. 2008-Jul-01, -1.647752564736076E+00,  7.083235414161257E-02,  4.151491724440519E-02, -1.053396833564676E-03, -1.133566175681403E-02,  1.511552930484382E-04,  9.528431213540186E-03,  1.649796722430181E+00,  5.692100808041047E-04

2454832.500000000, A.D. 2009-Jan-01, -3.786758136131033E-02, -1.453217258215219E+00, -2.937916231838737E-02,  1.380287142541569E-02,  1.139444768573105E-03, -3.386061718134720E-04,  8.397646331606851E-03,  1.454007389414250E+00, -1.491460228675332E-03

2455013.500000000, A.D. 2009-Jul-01,  1.324340091689766E+00,  4.893376686605662E-01, -2.180262798063363E-02, -5.402123051016242E-03,  1.305909780890921E-02,  7.482678061020976E-04,  8.155153338745834E-03,  1.412021029239252E+00, -5.525794931729913E-04

2455197.500000000, A.D. 2010-Jan-01, -7.313200571025991E-01,  1.450031896682674E+00,  4.841112688211980E-02, -1.108076614671285E-02, -4.777939369135880E-03,  1.911134370043339E-04,  9.383689165546405E-03,  1.624735413697781E+00,  7.291489139410878E-04

2455378.500000000, A.D. 2010-Jul-01, -1.552494150591160E+00, -4.781416767955047E-01,  2.793074526529884E-02,  5.266280009372669E-03, -1.237870897686961E-02, -3.560577820018470E-04,  9.383462570486695E-03,  1.624696179979402E+00, -1.395360702085107E-03

2455562.500000000, A.D. 2011-Jan-01,  5.765069649421579E-01, -1.288902723164280E+00, -4.158540348066025E-02,  1.225786141281160E-02,  8.311672339191138E-03,  2.365431622135930E-04,  8.158335891396131E-03,  1.412572071148855E+00, -2.588208736223162E-03

2455743.500000000, A.D. 2011-Jul-01,  1.028675025994314E+00,  1.044439316947084E+00, -3.408189092157950E-03, -1.037073096774222E-02,  1.062620181800868E-02,  4.678427546088276E-04,  8.466676272698745E-03,  1.465959553208131E+00,  2.924477167253903E-04

2455927.500000000, A.D. 2012-Jan-01, -1.193898939554609E+00,  1.151904359729237E+00,  5.392321861745539E-02, -1.024264227187291E-02, -1.014514822488085E-02,  3.704723521471597E-04,  9.586640281833399E-03,  1.659875310178120E+00,  3.388304738763177E-04

2456109.500000000, A.D. 2012-Jul-01, -1.254371741129744E+00, -9.692703543263311E-01,  1.085501871575485E-02,  9.633697086218385E-03, -1.145657572870104E-02, -5.101087409792595E-04,  9.155701921799543E-03,  1.585260646124818E+00, -6.215100425098282E-04

2456293.500000000, A.D. 2013-Jan-01,  1.083281356002475E+00, -8.697341905102007E-01, -4.517861742015153E-02,  9.458721961687700E-03,  1.313389068841003E-02,  2.921885073418334E-04,  8.027715285731556E-03,  1.389955814361375E+00, -8.559533288190961E-04

2456474.500000000, A.D. 2013-Jul-01,  5.395938940850210E-01,  1.421017293171145E+00,  1.612223997446371E-02, -1.228616193266357E-02,  6.579188892914003E-03,  2.655468813187409E-04,  8.779379919270996E-03,  1.520102511229778E+00,  1.791908388866928E-03

2456658.500000000, A.D. 2014-Jan-01, -1.512550786551076E+00,  7.016043747261715E-01,  5.191778137233697E-02, -7.113752351180738E-03, -1.188437764479043E-02,  3.051547546905714E-04,  9.634482169777275E-03,  1.668158876292605E+00,  1.461265686444297E-03

2456839.500000000, A.D. 2014-Jul-01, -7.850419198322544E-01, -1.309332240760814E+00, -7.781599144494250E-03,  1.244394353429994E-02, -7.068978389847698E-03, -7.052036702966219E-04,  8.817274625977206E-03,  1.526663776302723E+00, -3.326786179039799E-04

2457023.500000000, A.D. 2015-Jan-01,  1.352626142979751E+00, -2.783770278367764E-01, -3.869897513939937E-02,  3.911287512554532E-03,  1.340863879369287E-02,  1.547230316445989E-04,  7.978976009717585E-03,  1.381516870319127E+00,  1.123305214762087E-03

2457204.500000000, A.D. 2015-Jul-01, -3.197733707085004E-02,  1.567287959218194E+00,  3.349914883656327E-02, -1.167146353967963E-02,  1.342320025964620E-03, -6.554932691122948E-05,  9.055851208535901E-03,  1.567972031054524E+00,  1.578362650708455E-03

2457388.500000000, A.D. 2016-Jan-01, -1.643934769260629E+00,  1.703975720422245E-01,  4.352125478502186E-02, -7.458318839786296E-04, -1.228298173524137E-02, -3.914869825833796E-04,  9.548751908505296E-03,  1.653315141695601E+00, -5.346405421751504E-04

2457570.500000000, A.D. 2016-Jul-01, -1.785049362609727E-01, -1.455196929482494E+00, -2.625172163913959E-02,  1.406441759760353E-02, -1.375437460185901E-04, -5.582188765371803E-04,  8.468870149288274E-03,  1.466339411164357E+00, -1.565640605368859E-03

2457754.500000000, A.D. 2017-Jan-01,  1.350319207585900E+00,  3.887087008196086E-01, -2.449237986087296E-02, -3.856181613508865E-03,  1.282001104405561E-02,  3.838799312604634E-04,  8.116722641683885E-03,  1.405366960313046E+00, -1.659555140517631E-04

2457935.500000000, A.D. 2017-Jul-01, -6.131313110030902E-01,  1.497527200278758E+00,  4.677919197427802E-02, -1.139767588549227E-02, -4.639023519487074E-03, -9.220110535260773E-05,  9.349752597271738E-03,  1.618859479049640E+00,  2.279071294657720E-05

2458119.500000000, A.D. 2018-Jan-01, -1.581904431740122E+00, -3.933639805951873E-01,  3.039370274967601E-02,  5.322231248047021E-03, -1.253026451893694E-02, -7.190792259651231E-04,  9.416186288312334E-03,  1.630362116082058E+00, -2.154222006605034E-03

2458300.500000000, A.D. 2018-Jul-01,  4.419103643029781E-01, -1.353953469870899E+00, -3.972418964739940E-02,  1.432362198109829E-02,  7.371440377201320E-03, -2.190965935018605E-04,  8.228953937893767E-03,  1.424799206869860E+00, -2.556238673253409E-03

2458484.500000000, A.D. 2019-Jan-01,  1.091664586623122E+00,  9.655390978210977E-01, -6.655535501727830E-03, -9.107804790215586E-03,  1.195118927238790E-02,  2.722048918621302E-04,  8.417293628313297E-03,  1.457409213385529E+00,  1.094312340436935E-03

2458665.500000000, A.D. 2019-Jul-01, -1.096868038860769E+00,  1.238337698902615E+00,  5.307761426844181E-02, -1.134661726418172E-02, -8.026987834062669E-03,  4.213165354496261E-04,  9.559166775602403E-03,  1.655118420033480E+00,  1.527372681416158E-03

2458849.500000000, A.D. 2020-Jan-01, -1.324077936104355E+00, -8.881305026460324E-01,  1.421037889127551E-02,  9.455145038307734E-03, -1.096775541401242E-02, -7.489049957710771E-04,  9.208574714473868E-03,  1.594415286390875E+00, -1.749351656807897E-03

2459031.500000000, A.D. 2020-Jul-01,  9.819440684723254E-01, -9.866625143407994E-01, -4.487415612776619E-02,  1.152301249964024E-02,  1.187553431540790E-02, -7.516361969977313E-05,  8.043807951642576E-03,  1.392742173089287E+00, -2.863544132769625E-04

2459215.500000000, A.D. 2021-Jan-01,  6.255019918903320E-01,  1.375550072687273E+00,  1.301182161840305E-02, -1.151881485836758E-02,  8.174567446859436E-03,  1.660799840146576E-04,  8.727647255716982E-03,  1.511145278201459E+00,  2.674558342614371E-03

2459396.500000000, A.D. 2021-Jul-01, -1.451707104218173E+00,  8.119277332951808E-01,  5.231985282426318E-02, -7.644863454375632E-03, -9.764263652410751E-03,  3.322475727511012E-04,  9.611367536562545E-03,  1.664156701615240E+00,  1.915450194029353E-03

2459580.500000000, A.D. 2022-Jan-01, -8.700708652776896E-01, -1.265795934909536E+00, -4.868361434223657E-03,  1.178468047379217E-02, -6.951128109408489E-03, -5.342827691332825E-04,  8.871178034089350E-03,  1.535996862100190E+00, -9.454422643252942E-04

2459761.500000000, A.D. 2022-Jul-01,  1.310749098142426E+00, -4.220862503530061E-01, -4.053627474213956E-02,  4.191952672840411E-03,  1.332102927445209E-02,  4.542282247195619E-04,  7.956524748368039E-03,  1.377629554919687E+00, -1.062969587903559E-04

2459945.500000000, A.D. 2023-Jan-01,  6.140606829595430E-02,  1.558130982982564E+00,  3.100334392072784E-02, -1.233782447909058E-02,  2.610559372483225E-03,  3.016362618970349E-04,  9.007779667221286E-03,  1.559648701691520E+00,  2.128253546944047E-03

2460126.500000000, A.D. 2023-Jul-01, -1.630455805389439E+00,  2.926665361198079E-01,  4.578826003696393E-02, -1.758047567319417E-03, -1.224387151826860E-02, -9.815870352426541E-05,  9.570883259482190E-03,  1.657147066331080E+00, -4.353549148175868E-04

2460310.500000000, A.D. 2024-Jan-01, -2.904218457699118E-01, -1.447327293520404E+00, -2.348595609109948E-02,  1.282761328066063E-02, -3.461965001059139E-04,  2.024341933952569E-05,  8.526771400075222E-03,  1.476364701963242E+00, -2.184307789286064E-03

2460492.500000000, A.D. 2024-Jul-01,  1.378730820542480E+00,  2.439558473845004E-01, -2.845433156834715E-02, -3.591878094754265E-03,  1.428436358318433E-02,  7.627008427671207E-04,  8.088247480804276E-03,  1.400436639042206E+00, -1.063369174824730E-03

2460676.500000000, A.D. 2025-Jan-01, -5.257796266599134E-01,  1.523403960528964E+00,  4.516070153094355E-02, -1.244385706829049E-02, -3.647821564139293E-03,  2.905349737920511E-04,  9.311388258560250E-03,  1.612216899715649E+00,  6.194833144809566E-04

2460857.500000000, A.D. 2025-Jul-01, -1.618318954488423E+00, -2.690751314463032E-01,  3.420533038489182E-02,  3.505188297739643E-03, -1.366904204061246E-02, -3.664465906028410E-04,  9.477003786021532E-03,  1.640892339383083E+00, -1.223144112498445E-03

2461041.500000000, A.D. 2026-Jan-01,  3.450152595829005E-01, -1.388370873917911E+00, -3.802531647723240E-02,  1.387826556084725E-02,  6.005205080752408E-03,  3.553464255096451E-05,  8.265360280852735E-03,  1.431102769748502E+00, -2.481016543373217E-03

2461222.500000000, A.D. 2026-Jul-01,  1.175101080090596E+00,  8.435533876552629E-01, -1.145901445929309E-02, -7.999652349388073E-03,  1.282087590123389E-02,  4.223396523784615E-04,  8.354714330966665E-03,  1.446573943933435E+00,  9.746156377332825E-04

2461406.500000000, A.D. 2027-Jan-01, -1.026592363736423E+00,  1.292459824327767E+00,  5.253521771490843E-02, -1.212636523176893E-02, -8.270108022502307E-03,  4.989569571517672E-04,  9.537659964805401E-03,  1.651394631178039E+00,  1.081670221961390E-03

2461587.500000000, A.D. 2027-Jul-01, -1.402460798535095E+00, -7.783390024278737E-01,  1.854996384721158E-02,  7.657482093581921E-03, -1.253566281771319E-02, -7.035777752023772E-04,  9.264356267668293E-03,  1.604073562928723E+00, -6.205292105795751E-04

2461771.500000000, A.D. 2028-Jan-01,  8.942598732874719E-01, -1.071028351337416E+00, -4.425221729328264E-02,  1.197323122975503E-02,  9.245982292562930E-03, -8.008194673280544E-05,  8.062509215324327E-03,  1.395980196520008E+00,  5.788154278879280E-04

2461953.500000000, A.D. 2028-Jul-01,  7.420137056086062E-01,  1.297854096257367E+00,  8.695421784384795E-03, -1.053183498269700E-02,  8.265714956793933E-03,  1.999634329827641E-04,  8.634516197081294E-03,  1.495020135263419E+00,  1.949582357082517E-03

2462137.500000000, A.D. 2029-Jan-01, -1.406569806554843E+00,  8.867306293361239E-01,  5.282709536608605E-02, -8.375835826434004E-03, -1.025330937515516E-02,  3.331044456426641E-04,  9.608075175062051E-03,  1.663586646892607E+00,  1.627129701050469E-03

2462318.500000000, A.D. 2029-Jul-01, -9.832712605629098E-01, -1.193146188255024E+00, -8.045019671718293E-04,  1.087890771693287E-02, -8.000862805787776E-03, -6.136779078608990E-04,  8.929520740572853E-03,  1.546098588583497E+00, -7.439529718921746E-04

2462502.500000000, A.D. 2030-Jan-01,  1.273881666535577E+00, -5.215871504513091E-01, -4.165263803191717E-02,  5.671517951935790E-03,  1.226348672550778E-02,  1.693514587032087E-04,  7.953798005519820E-03,  1.377157434030835E+00,  5.963818582672022E-04

2462683.500000000, A.D. 2030-Jul-01,  1.909246969822629E-01,  1.535590916216653E+00,  2.771741096823599E-02, -1.181701790740367E-02,  2.578739375162247E-03, -1.098948456298090E-05,  8.938554525698542E-03,  1.547662739990742E+00,  1.100642635187149E-03

2462867.500000000, A.D. 2031-Jan-01, -1.614594097538413E+00,  3.785831401210218E-01,  4.717965753511254E-02, -1.672821389807736E-03, -1.221582013493785E-02, -4.243378435028536E-04,  9.581905560681416E-03,  1.659055518623445E+00, -1.171628131750084E-03

2463048.500000000, A.D. 2031-Jul-01, -4.284968151941982E-01, -1.428447008355152E+00, -1.993328916550165E-02,  1.398687236373682E-02, -9.843023823719169E-04, -4.179414583153013E-04,  8.613983188945346E-03,  1.491464955112023E+00, -3.070119418720225E-03

2463232.500000000, A.D. 2032-Jan-01,  1.389838721773795E+00,  1.248083790299235E-01, -3.131303686906054E-02, -1.132281511531882E-03,  1.469635034975873E-02,  1.578034988991733E-04,  8.061368497471359E-03,  1.395782687346371E+00,  1.831213925145501E-04

2463414.500000000, A.D. 2032-Jul-01, -3.983303635092709E-01,  1.554297513924131E+00,  4.274115307564037E-02, -1.286495690934490E-02, -2.837431183611885E-03,  6.050245894183561E-05,  9.270264029436705E-03,  1.605096460170042E+00,  4.466252902924256E-04

2463598.500000000, A.D. 2033-Jan-01, -1.634987121317869E+00, -1.820383499097137E-01,  3.640568922432767E-02,  3.557202500680392E-03, -1.369561752186978E-02, -6.868569148274218E-04,  9.503573246370351E-03,  1.645492698835532E+00, -2.034562756558199E-03

2463779.500000000, A.D. 2033-Jul-01,  2.012359634325631E-01, -1.429458727410344E+00, -3.520729507346340E-02,  1.548104829352839E-02,  4.455041036450250E-03, -4.007079022105161E-04,  8.339751918037635E-03,  1.443983282442917E+00, -2.242993960013144E-03

2463963.500000000, A.D. 2034-Jan-01,  1.225187384643118E+00,  7.543727002587616E-01, -1.458694118994306E-02, -6.630852113088429E-03,  1.404618323816200E-02,  2.177857469556328E-04,  8.310276658402359E-03,  1.438879799440390E+00,  1.715809751717172E-03

2464144.500000000, A.D. 2034-Jul-01, -9.164872318282660E-01,  1.363016512059132E+00,  5.091047120850745E-02, -1.260294397944995E-02, -5.738130578384783E-03,  4.952006332113760E-04,  9.490768416025702E-03,  1.643275611189052E+00,  2.284754539006252E-03

2464328.500000000, A.D. 2035-Jan-01, -1.450449066280392E+00, -7.008721889625716E-01,  2.126452541465582E-02,  6.902399421542525E-03, -1.202487110792954E-02, -6.384836512039150E-04,  9.304638764064611E-03,  1.611048260970465E+00, -9.914402635765975E-04

2464509.500000000, A.D. 2035-Jul-01,  7.756982003956994E-01, -1.164399871552359E+00, -4.306176657031294E-02,  1.205739405215104E-02,  8.130387106945258E-03,  1.082456389370244E-04,  8.084465419293299E-03,  1.399781795391136E+00, -8.485900024554308E-05

2464693.500000000, A.D. 2036-Jan-01,  8.317933743923835E-01,  1.229082734029031E+00,  5.037030672350606E-03, -1.001036926580150E-02,  1.039416810705722E-02,  3.379200206298322E-04,  8.571441203249996E-03,  1.484099038625569E+00,  2.998745853305504E-03

2464875.500000000, A.D. 2036-Jul-01, -1.331911562996673E+00,  9.867285294524610E-01,  5.282398947571949E-02, -8.410455525351253E-03, -8.431498821954649E-03,  2.925928924207891E-04,  9.578331019867433E-03,  1.658436606067228E+00,  1.747331458968988E-03

2465059.500000000, A.D. 2037-Jan-01, -1.059869507280789E+00, -1.137405551265651E+00,  2.154127678895338E-03,  1.009189258335533E-02, -7.790630215406733E-03, -4.878598242051515E-04,  8.979063333135478E-03,  1.554676622574482E+00, -1.180974905443855E-03

2465240.500000000, A.D. 2037-Jul-01,  1.210421525154186E+00, -6.552272841373923E-01, -4.299317692704348E-02,  5.780666005897570E-03,  1.252219383117630E-02,  4.903185846124805E-04,  7.953229469064436E-03,  1.377058994995105E+00, -8.924242536474552E-04

2465424.500000000, A.D. 2038-Jan-01,  2.830890496329218E-01,  1.512665523525798E+00,  2.495840030486454E-02, -1.239149492530061E-02,  3.838388520450869E-03,  3.211462310518070E-04,  8.889270078951567E-03,  1.539129402562184E+00,  1.498455393809237E-03

2465605.500000000, A.D. 2038-Jul-01, -1.585761776797680E+00,  4.992647794324660E-01,  4.923739585504436E-02, -3.047405158250467E-03, -1.256182238006642E-02, -9.868931353062157E-05,  9.606008445885682E-03,  1.663228803828527E+00, -8.682365667050171E-04

2465789.500000000, A.D. 2039-Jan-01, -5.247575592852706E-01, -1.405392536407463E+00, -1.709583854320809E-02,  1.292295680371022E-02, -2.082522958451544E-03, -9.209588741331371E-05,  8.664800069357836E-03,  1.500263625204695E+00, -2.568270354092964E-03

2465970.500000000, A.D. 2039-Jul-01,  1.391845587715952E+00, -2.669171975307752E-02, -3.480079723678045E-02, -6.372893133015315E-05,  1.505431183382556E-02,  3.947850548795955E-04,  8.042619625900615E-03,  1.392536420865198E+00, -3.621198925334446E-04

2466154.500000000, A.D. 2040-Jan-01, -2.942186650802565E-01,  1.569921199823502E+00,  4.052675410443350E-02, -1.457931467418252E-02, -2.361675219322999E-03,  6.767234652492515E-04,  9.227933010029221E-03,  1.597767071364006E+00,  3.813371321156921E-04

2466336.500000000, A.D. 2040-Jul-01, -1.652494986504749E+00, -5.308475089944455E-02,  3.979768339702858E-02,  1.150277026790226E-03, -1.450765281014230E-02, -2.520222911086169E-04,  9.551704280696637E-03,  1.653826329094188E+00, -6.897470233623153E-04

2466520.500000000, A.D. 2041-Jan-01,  1.006692679925792E-01, -1.447943858497768E+00, -3.310157672251442E-02,  1.487921729688431E-02,  3.042602667149022E-03, -1.117756133129318E-04,  8.384993373709645E-03,  1.451816597666896E+00, -2.000209935465955E-03

2466701.500000000, A.D. 2041-Jul-01,  1.286859363866985E+00,  6.167028705434400E-01, -1.897785325083404E-02, -5.038674573945951E-03,  1.416999695224462E-02,  3.066845057087205E-04,  8.242394381453142E-03,  1.427126347532927E+00,  1.575748376746077E-03

2466885.500000000, A.D. 2042-Jan-01, -8.387670427996967E-01,  1.406490535081008E+00,  4.996967208503433E-02, -1.325446662463171E-02, -5.923768236336904E-03,  6.194782153508068E-04,  9.462412153693351E-03,  1.638365876563503E+00,  1.719177005444655E-03

2467066.500000000, A.D. 2042-Jul-01, -1.509292587396977E+00, -5.830321946068506E-01,  2.505119332456960E-02,  5.241448410554868E-03, -1.282922134777006E-02, -5.907153347900907E-04,  9.345849140543858E-03,  1.618183616468331E+00, -2.755115521508764E-04

2467250.500000000, A.D. 2043-Jan-01,  6.895246095052869E-01, -1.223702055922475E+00, -4.211496242313988E-02,  1.295081769328297E-02,  6.452314117653202E-03, -9.537309368755170E-05,  8.115917704129005E-03,  1.405227589695781E+00,  7.388227383059428E-04

2467431.500000000, A.D. 2043-Jul-01,  9.345106566185128E-01,  1.133490570085401E+00,  8.991683312685739E-04, -8.481504969147343E-03,  1.007361524415217E-02, -7.257272303204125E-06,  8.484532961200057E-03,  1.469051342979468E+00,  2.377237936076239E-03

2467615.500000000, A.D. 2044-Jan-01, -1.268003005550809E+00,  1.062653525353953E+00,  5.292522344728201E-02, -8.060435150561505E-03, -9.164270183821981E-03, -9.076566562443028E-05,  9.559948793999115E-03,  1.655253822321524E+00,  2.884199264501542E-04

2467797.500000000, A.D. 2044-Jul-01, -1.159468294271507E+00, -1.052082947985730E+00,  6.097061930056259E-03,  9.718968047956751E-03, -8.640736335415499E-03, -6.403665718505194E-04,  9.042481787626344E-03,  1.565657187582071E+00, -1.393643717197497E-03

2467981.500000000, A.D. 2045-Jan-01,  1.157163561533193E+00, -7.470345603428938E-01, -4.354104465400779E-02,  7.203321341429908E-03,  1.130837644573672E-02,  2.096972720224503E-04,  7.958873746357951E-03,  1.378036271313802E+00, -8.813809101332950E-05

2468162.500000000, A.D. 2045-Jul-01,  4.110486057662890E-01,  1.471883267938592E+00,  2.120811679924199E-02, -1.216313622789705E-02,  4.226249106382028E-03,  7.092711950161845E-05,  8.827008477210031E-03,  1.528349140398936E+00,  7.998233884681309E-04

2468346.500000000, A.D. 2046-Jan-01, -1.557707560223007E+00,  5.818250684096804E-01,  5.027630327145088E-02, -2.950594728154404E-03, -1.242369972861021E-02, -4.591638068783418E-04,  9.608041201303484E-03,  1.663580764518659E+00, -1.596160129246198E-03

2468527.500000000, A.D. 2046-Jul-01, -6.575462411388965E-01, -1.366388376650831E+00, -1.301749223825696E-02,  1.397981455298389E-02, -3.211621153755854E-03, -5.581427418972702E-04,  8.758157390479686E-03,  1.516427944277788E+00, -3.163214642492951E-03

2468711.500000000, A.D. 2047-Jan-01,  1.382667075185744E+00, -1.319958876830157E-01, -3.681490045938704E-02,  1.625297615207303E-03,  1.554426684882347E-02,  6.660616783780758E-05,  8.024742380755050E-03,  1.389441071821242E+00,  1.389149229200426E-04

2468892.500000000, A.D. 2047-Jul-01, -1.589608947924372E-01,  1.579469866573147E+00,  3.708979566182412E-02, -1.481754015532322E-02,  2.321890998621295E-04,  6.312356113011023E-04,  9.170841658271449E-03,  1.587882010235031E+00,  1.729068980209219E-03

2469076.500000000, A.D. 2048-Jan-01, -1.656725253815843E+00,  4.909547891477985E-02,  4.198477064546152E-02,  9.702553292756056E-04, -1.356234909241211E-02, -6.406148296220557E-04,  9.575718220796517E-03,  1.657984213931843E+00, -1.387342881751964E-03

2469258.500000000, A.D. 2048-Jul-01, -4.585423513811988E-02, -1.462734307653540E+00, -2.952849694493200E-02,  1.566975517464536E-02,  1.240945696795558E-03, -4.845913950541415E-04,  8.453919170263682E-03,  1.463750729393024E+00, -1.721187342116080E-03

2469442.500000000, A.D. 2049-Jan-01,  1.322230696966969E+00,  5.201687641000932E-01, -2.190572006225016E-02, -3.608748945307805E-03,  1.526142062412052E-02,  5.198365733259772E-05,  8.207231876792939E-03,  1.421038148579630E+00,  2.227791657138999E-03

2469623.500000000, A.D. 2049-Jul-01, -7.192615713590090E-01,  1.459317075056032E+00,  4.777554491080976E-02, -1.304289371193092E-02, -3.457035856210216E-03,  5.408691263831953E-04,  9.400489614044964E-03,  1.627644321181827E+00,  2.680057941857027E-03

2469807.500000000, A.D. 2050-Jan-01, -1.545544966268601E+00, -4.997465433896311E-01,  2.757207837849239E-02,  4.424595732616366E-03, -1.220403066249444E-02, -5.261721090412942E-04,  9.382713169392288E-03,  1.624566425202185E+00, -4.641221006726865E-04

2469988.500000000, A.D. 2050-Jul-01,  5.593434230655903E-01, -1.294104432033772E+00, -4.036291378561018E-02,  1.244492303393353E-02,  5.735656031225004E-03,  1.650146197906216E-04,  8.145734443296214E-03,  1.410390198046431E+00, -3.319737421330874E-04

2470172.500000000, A.D. 2051-Jan-01,  1.003035724336594E+00,  1.061884941084185E+00, -2.300423345852344E-03, -8.455191758652171E-03,  1.134112602122447E-02,  3.097168508626826E-04,  8.436380868599132E-03,  1.460714066593585E+00,  2.438121976371943E-03

2470353.500000000, A.D. 2051-Jul-01, -1.182295126767313E+00,  1.151064272293148E+00,  5.279637363618946E-02, -8.867856254619153E-03, -8.633089695530701E-03,  2.097923999385164E-04,  9.534956044898906E-03,  1.650926461959048E+00,  3.381485592958972E-04

2470537.500000000, A.D. 2052-Jan-01, -1.234700478945038E+00, -9.776220555683182E-01,  9.312738321836732E-03,  8.115850429058519E-03, -8.232619509807765E-03, -7.214508013592076E-05,  9.095876423218192E-03,  1.574902182148397E+00, -1.252729150121499E-03

2470719.500000000, A.D. 2052-Jul-01,  1.072823567475065E+00, -8.701044314564785E-01, -4.437119998947414E-02,  7.546211023678183E-03,  1.178741411961646E-02,  5.091755935123381E-04,  7.981927085660655E-03,  1.382027833279284E+00, -1.579650502738594E-03

2470903.500000000, A.D. 2053-Jan-01,  4.995467617660986E-01,  1.434386339693328E+00,  1.823600386280304E-02, -1.260523420346055E-02,  5.462185566959563E-03,  4.587535896422654E-04,  8.772979438485110E-03,  1.518994302335168E+00,  1.018006627365518E-03

2471084.500000000, A.D. 2053-Jul-01, -1.512664013585833E+00,  6.986453468518047E-01,  5.193584521127446E-02, -4.886701505434349E-03, -1.276494375279304E-02, -5.045651923535805E-05,  9.627903512683920E-03,  1.667019817126686E+00, -9.171165990790008E-04

2471268.500000000, A.D. 2054-Jan-01, -7.472049746681638E-01, -1.329586610903873E+00, -1.003886128673238E-02,  1.282781746974384E-02, -4.267899572825687E-03, -1.776710298257245E-04,  8.808785662062581E-03,  1.525193957763941E+00, -2.562745062092784E-03

2471449.500000000, A.D. 2054-Jul-01,  1.358004266515029E+00, -2.841800773073721E-01, -3.954511604633058E-02,  3.230700255875573E-03,  1.524026254427139E-02,  2.194896757167976E-04,  8.016323157939705E-03,  1.387983328579476E+00,  3.432750063799713E-05

2471633.500000000, A.D. 2055-Jan-01, -6.609464063164212E-02,  1.577920609592877E+00,  3.485287787714404E-02, -1.526502353861759E-02,  2.862790179478327E-04,  8.262826226360473E-04,  9.123521567430921E-03,  1.579688790488336E+00,  9.428820055187447E-04

2471814.500000000, A.D. 2055-Jul-01, -1.652134018509819E+00,  1.786832515223383E-01,  4.461407869625716E-02, -1.033220676856171E-03, -1.420838418157953E-02, -5.032442854808075E-04,  9.601032633028011E-03,  1.662367268539030E+00, -5.138654086277773E-04

2471998.500000000, A.D. 2056-Jan-01, -1.623262945555567E-01, -1.464111265258352E+00, -2.647961360626236E-02,  1.495935341540343E-02, -1.498705083834285E-03, -2.986551538750118E-04,  8.509188570281455E-03,  1.473320329357227E+00, -1.534745260389037E-04

2472180.500000000, A.D. 2056-Jul-01,  1.358908361768602E+00,  3.737932581937655E-01, -2.560716559382384E-02, -2.028802114173719E-03,  1.453877672168078E-02,  1.252735339494628E-04,  8.141246239451529E-03,  1.409613089640376E+00,  1.897210435367169E-03

2472364.500000000, A.D. 2057-Jan-01, -6.352716901441420E-01,  1.491475058845471E+00,  4.646833254855409E-02, -1.357975115600995E-02, -3.601470453719043E-03,  6.392280720145819E-04,  9.366721451772215E-03,  1.621797545129027E+00,  2.025549973370977E-03

2472545.500000000, A.D. 2057-Jul-01, -1.585089559461040E+00, -3.782127469601956E-01,  3.080942159606199E-02,  3.291589356550923E-03, -1.252131250906379E-02, -5.489020956578408E-04,  9.413391540993847E-03,  1.629878220584181E+00, -3.059463420544567E-04

2472729.500000000, A.D. 2058-Jan-01,  4.655441871899685E-01, -1.338186522399600E+00, -3.892431982210518E-02,  1.316261802252330E-02,  4.016043046824030E-03, -9.886098115859025E-05,  8.186152249290729E-03,  1.417388324218849E+00,  5.343727710026580E-04

2472910.500000000, A.D. 2058-Jul-01,  1.091258786262337E+00,  9.513443463340036E-01, -6.418949346500166E-03, -7.331945654888980E-03,  1.105061113225706E-02,  1.964349975217801E-05,  8.361432750754986E-03,  1.447737202259835E+00,  1.734955911447313E-03

2473094.500000000, A.D. 2059-Jan-01, -1.116544978279735E+00,  1.209945896182966E+00,  5.243384947447433E-02, -8.645842567599886E-03, -8.362629249425430E-03, -1.816607080428190E-04,  9.513649829422018E-03,  1.647237405106625E+00, -2.879864241434918E-04

2473275.500000000, A.D. 2059-Jul-01, -1.319966673761643E+00, -8.810394321805711E-01,  1.328075935907355E-02,  8.757383069449495E-03, -8.627190593178763E-03, -5.288099966056305E-04,  9.166020313709031E-03,  1.587047220301775E+00, -2.498716892032698E-03

2473459.500000000, A.D. 2060-Jan-01,  9.968461750186519E-01, -9.621846186738785E-01, -4.453320988622386E-02,  9.736186905264546E-03,  1.101381502993126E-02, -2.085585148642664E-04,  8.005886650342365E-03,  1.386176303305133E+00, -6.366830515851836E-04

2473641.500000000, A.D. 2060-Jul-01,  6.239322904370918E-01,  1.373867400765561E+00,  1.390752358877393E-02, -1.225718143193416E-02,  6.480788430187031E-03,  2.193338698383453E-04,  8.715095563146775E-03,  1.508972020001950E+00,  8.344376467165198E-04

2473825.500000000, A.D. 2061-Jan-01, -1.473145594434218E+00,  7.769978290354893E-01,  5.258538946941661E-02, -4.779422796958309E-03, -1.249789383682870E-02, -4.484831625011915E-04,  9.623907543358340E-03,  1.666327936485631E+00, -1.616509178202901E-03

2474006.500000000, A.D. 2061-Jul-01, -8.728054822460835E-01, -1.269668895312886E+00, -5.492622682700531E-03,  1.336016927602508E-02, -5.762000176041166E-03, -6.056332299596218E-04,  8.898570117635164E-03,  1.540739654343912E+00, -2.817912852756465E-03

2474190.500000000, A.D. 2062-Jan-01,  1.330929372232632E+00, -3.857170588880380E-01, -4.104749273189642E-02,  4.884045817870515E-03,  1.556007221100383E-02, -9.386973330678801E-05,  8.006617415050255E-03,  1.386302831292052E+00,  3.623940245057058E-04

2474371.500000000, A.D. 2062-Jul-01,  7.046889337299672E-02,  1.565596666455360E+00,  3.085556148755011E-02, -1.474998159932399E-02,  3.066823161583637E-03,  7.265766862001935E-04,  9.053041349890158E-03,  1.567485519111440E+00,  2.414320338709567E-03

2474555.500000000, A.D. 2063-Jan-01, -1.642810842518187E+00,  2.663693103868080E-01,  4.611204474634004E-02, -1.677421235271210E-03, -1.322588844266909E-02, -4.612655999447208E-04,  9.615685419775626E-03,  1.664904319918099E+00, -4.736337587112598E-04

2474736.500000000, A.D. 2063-Jul-01, -3.069173778579400E-01, -1.451632877416403E+00, -2.252841358657926E-02,  1.388253393479766E-02, -2.534740665498024E-03, -1.034592476409383E-04,  8.570261696347642E-03,  1.483894813336224E+00, -3.901538367863480E-04

2474920.500000000, A.D. 2064-Jan-01,  1.378744432606866E+00,  2.559059482523430E-01, -2.856873677167866E-02, -7.413068126971388E-04,  1.602040366524515E-02,  1.927110318947291E-04,  8.100646227755384E-03,  1.402583415528676E+00,  2.190342767299134E-03

2475102.500000000, A.D. 2064-Jul-01, -5.107469388176021E-01,  1.525743471588732E+00,  4.398074406817083E-02, -1.294222373267905E-02, -1.586207971546010E-03,  5.268051855130008E-04,  9.296054927388723E-03,  1.609562015722282E+00,  2.617621401768223E-03

2475286.500000000, A.D. 2065-Jan-01, -1.608716086744519E+00, -2.918318477908755E-01,  3.309405611294093E-02,  2.468558401361138E-03, -1.179699919786132E-02, -4.095865972151608E-04,  9.444744686218439E-03,  1.635306849397275E+00, -3.314512007760325E-04

2475467.500000000, A.D. 2065-Jul-01,  3.291065348938020E-01, -1.386433750274478E+00, -3.681003908953699E-02,  1.250242786703437E-02,  3.830371452161091E-03,  1.921848420418334E-04,  8.232625354803203E-03,  1.425434893002038E+00, -8.439528748303666E-04

2475651.500000000, A.D. 2066-Jan-01,  1.148710241076343E+00,  8.678451189938958E-01, -9.590892577030840E-03, -7.181141551080269E-03,  1.219912962665657E-02,  3.813773018658819E-04,  8.315106537339132E-03,  1.439716067054759E+00,  1.621324207463111E-03

2475832.500000000, A.D. 2066-Jul-01, -1.019695761172456E+00,  1.287275572811473E+00,  5.197453734587205E-02, -9.878696330224262E-03, -8.129870545791737E-03,  1.756966390589747E-04,  9.489370302505455E-03,  1.643033535337152E+00, -2.330976392826326E-04

2476016.500000000, A.D. 2067-Jan-01, -1.375218679345526E+00, -8.069732925486687E-01,  1.617780736018519E-02,  7.298745915519698E-03, -9.151718494520671E-03, -1.269567465116204E-04,  9.209541696733754E-03,  1.594582714179066E+00, -1.664531523516655E-03

2476197.500000000, A.D. 2067-Jul-01,  8.921665078223121E-01, -1.070061521539677E+00, -4.449058322683956E-02,  1.048417540647509E-02,  1.023677172730865E-02,  2.346806775775951E-05,  8.050525952584956E-03,  1.393905358894761E+00, -1.148850937540196E-03

2476381.500000000, A.D. 2068-Jan-01,  7.195305244699567E-01,  1.315643032508191E+00,  1.034421032333978E-02, -1.330971307198821E-02,  7.276688904131727E-03,  8.836747604677983E-04,  8.660866397366764E-03,  1.499582531012740E+00,  3.948530124559099E-06

2476563.500000000, A.D. 2068-Jul-01, -1.410526771814434E+00,  8.879021165688465E-01,  5.357467842097385E-02, -7.170525757464905E-03, -1.239159466505188E-02,  3.322239205681392E-05,  9.631144283500091E-03,  1.667580939199233E+00, -5.316231926520194E-04

2476747.500000000, A.D. 2069-Jan-01, -9.546746273152351E-01, -1.220627191840565E+00, -2.444670875966959E-03,  1.209325185672874E-02, -6.762700403150658E-03, -2.591590374970955E-04,  8.949892665534859E-03,  1.549625878047910E+00, -2.122932505869022E-03

2476928.500000000, A.D. 2069-Jul-01,  1.278516001677011E+00, -5.325968693669902E-01, -4.275326413280832E-02,  6.574936192413004E-03,  1.433549616560040E-02, -1.841845130160000E-07,  8.002981418543153E-03,  1.385673278012425E+00,  5.565010454551749E-04

2477112.500000000, A.D. 2070-Jan-01,  1.635125108535778E-01,  1.550056935821329E+00,  2.833750974165844E-02, -1.506748952049890E-02,  3.131682000828034E-03,  8.450908976471587E-04,  9.003541942413356E-03,  1.558914962386277E+00,  1.548840181931582E-03

2477293.500000000, A.D. 2070-Jul-01, -1.618045416447836E+00,  3.925161801530352E-01,  4.795903996111012E-02, -3.307550316803708E-03, -1.320092991743410E-02, -3.691526828225065E-04,  9.620078912577462E-03,  1.665665029615430E+00,  9.154531861886066E-05

2477477.500000000, A.D. 2071-Jan-01, -4.044660923278305E-01, -1.437267934842371E+00, -1.978326880554162E-02,  1.385741628275346E-02, -4.272707315929672E-03, -3.121667980272826E-04,  8.624153027884057E-03,  1.493225808139422E+00,  3.632042007498480E-04

2477658.500000000, A.D. 2071-Jul-01,  1.388651246171514E+00,  1.060669412289669E-01, -3.154714120351121E-02,  1.147205933390096E-03,  1.471762189682068E-02, -1.326714723737608E-04,  8.045605295762499E-03,  1.393053373576721E+00,  2.267183405429269E-03

2477842.500000000, A.D. 2072-Jan-01, -4.090177016463371E-01,  1.547034831608782E+00,  4.206636746053101E-02, -1.242845494246194E-02, -2.157615106424513E-03,  1.392576836342510E-04,  9.245127175018759E-03,  1.600744148745260E+00,  1.094122642273051E-03

2478024.500000000, A.D. 2072-Jul-01, -1.630959962270593E+00, -1.680406645791091E-01,  3.597566951768449E-02,  1.955701500187448E-03, -1.209374743184781E-02, -5.298928807379590E-04,  9.471783701701406E-03,  1.639988509800946E+00, -7.173786483166654E-04

2478208.500000000, A.D. 2073-Jan-01,  2.305474197088404E-01, -1.413713191154432E+00, -3.491844310119711E-02,  1.307246780757827E-02,  2.114334664367340E-03, -9.902113920605177E-05,  8.275244406617026E-03,  1.432814153073267E+00,  1.969451564079115E-05

2478389.500000000, A.D. 2073-Jul-01,  1.220550149243080E+00,  7.446188842605956E-01, -1.375999559521093E-02, -6.219895311422466E-03,  1.227992665969688E-02,  1.369612277924568E-04,  8.257959809778871E-03,  1.429821417902802E+00,  1.084251873842513E-03

2478573.500000000, A.D. 2074-Jan-01, -9.456636053895271E-01,  1.336832486434769E+00,  5.119863294437534E-02, -9.573475623223953E-03, -7.757403869822338E-03, -1.855969760284729E-04,  9.462023153533894E-03,  1.638298523273783E+00, -8.097207695744000E-04

2478754.500000000, A.D. 2074-Jul-01, -1.447241552858515E+00, -6.993540824917445E-01,  2.027968015871017E-02,  7.793090821495641E-03, -9.988630076011308E-03, -5.778235246537572E-04,  9.284072531790874E-03,  1.607487328237935E+00, -2.677852347923120E-03

2478938.500000000, A.D. 2075-Jan-01,  8.113974741188795E-01, -1.137604778375181E+00, -4.397498208265188E-02,  1.184766609583000E-02,  9.839424278890714E-03, -2.950263936442306E-04,  8.074257855191539E-03,  1.398014410454238E+00, -1.121044203602206E-03

2479119.500000000, A.D. 2075-Jul-01,  8.354540411466123E-01,  1.232355921078707E+00,  5.416872366365522E-03, -1.237894620358329E-02,  9.873852691174993E-03,  7.553122897544121E-04,  8.598957257919390E-03,  1.488863295803946E+00,  1.229227446426082E-03

2479303.500000000, A.D. 2076-Jan-01, -1.352825992688331E+00,  9.710547450417361E-01,  5.382812851966201E-02, -7.043050875461971E-03, -1.107182201817603E-02, -3.431767913488202E-04,  9.622753568090489E-03,  1.666128131861763E+00, -7.453181754384178E-04

2479485.500000000, A.D. 2076-Jul-01, -1.068349785521266E+00, -1.141820032965941E+00,  2.271773263137457E-03,  1.188287301224394E-02, -8.215275056199525E-03, -5.945990062644466E-04,  9.031125793976601E-03,  1.563690958232935E+00, -2.120655603448195E-03

2479669.500000000, A.D. 2077-Jan-01,  1.234300823579072E+00, -6.292691143831104E-01, -4.373772545525659E-02,  8.172893332440456E-03,  1.447109862096115E-02, -2.492108564180366E-04,  8.005691626494166E-03,  1.386142535972574E+00,  7.160111230656348E-04

2479850.500000000, A.D. 2077-Jul-01,  2.975395129942960E-01,  1.514833429024584E+00,  2.403381982220765E-02, -1.386449468069953E-02,  5.627802150791380E-03,  6.854598104004612E-04,  8.917197754269537E-03,  1.543964929646560E+00,  2.860441948857874E-03

2480034.500000000, A.D. 2078-Jan-01, -1.596559395095750E+00,  4.774191774557366E-01,  4.911711300085486E-02, -3.941178903251093E-03, -1.212335036181261E-02, -2.921527452070022E-04,  9.628576298173102E-03,  1.667136306323079E+00,  2.939510985010013E-04

2480215.500000000, A.D. 2078-Jul-01, -5.409248714140229E-01, -1.402309337177866E+00, -1.578809698987262E-02,  1.238420020085408E-02, -4.618519549377741E-03, -5.784767382584443E-05,  8.681202444501553E-03,  1.503103608423939E+00, -1.473055531606083E-04

2480399.500000000, A.D. 2079-Jan-01,  1.389110607447530E+00,  1.336450669365515E-03, -3.376835973498477E-02,  1.694845890555838E-03,  1.541542669387828E-02,  1.305704618192768E-04,  8.025207662005993E-03,  1.389521632772527E+00,  1.705998061237921E-03

2480580.500000000, A.D. 2079-Jul-01, -2.813632430970686E-01,  1.563188463396752E+00,  3.948600373056484E-02, -1.280485275772627E-02, -1.279691965858800E-03,  4.293406617171145E-04,  9.176138347000456E-03,  1.588799103459405E+00,  1.019240333788331E-03

2480764.500000000, A.D. 2080-Jan-01, -1.642446784887566E+00, -6.833776050820628E-02,  3.818771296921355E-02,  3.941195371064308E-04, -1.102039847030621E-02, -1.910291374585946E-05,  9.496750303036308E-03,  1.644311342818202E+00,  6.389269809444409E-05

2480946.500000000, A.D. 2080-Jul-01,  9.075046355084225E-02, -1.440581167136743E+00, -3.244639581839589E-02,  1.264688622211021E-02,  2.265419025691937E-03,  1.521831544636131E-04,  8.338701516064627E-03,  1.443801410979141E+00, -1.468863360080945E-03

2481130.500000000, A.D. 2081-Jan-01,  1.264159206596332E+00,  6.519574640438444E-01, -1.677346320888410E-02, -5.992160926511268E-03,  1.328741564466911E-02,  4.497772044979676E-04,  8.215516751575159E-03,  1.422472630180549E+00,  7.594101007131476E-04

2481311.500000000, A.D. 2081-Jul-01, -8.374048977306963E-01,  1.402151545225846E+00,  5.021729689545983E-02, -1.133430113885876E-02, -7.371209225762086E-03,  2.436897167617753E-04,  9.436917178629774E-03,  1.633951558471080E+00, -5.091434179186038E-04

2481495.500000000, A.D. 2082-Jan-01, -1.490065047481605E+00, -6.194144346573088E-01,  2.300265794618431E-02,  6.279134651953264E-03, -1.044060948994151E-02, -2.332965166567674E-04,  9.320794111876007E-03,  1.613845472732993E+00, -1.793617380037645E-03

2481676.500000000, A.D. 2082-Jul-01,  6.899524668783316E-01, -1.226941809728213E+00, -4.297175891928719E-02,  1.275887678564994E-02,  8.401117502287888E-03, -1.379508267954552E-04,  8.133576944478851E-03,  1.408285192379461E+00, -1.064227485724361E-03

2481860.500000000, A.D. 2083-Jan-01,  9.101874683905776E-01,  1.166752833594775E+00,  2.283501745748685E-03, -1.234415036543666E-02,  9.951039766364231E-03,  9.226600913071198E-04,  8.546515579096029E-03,  1.479783300587254E+00,  2.547803924060735E-04

2482041.500000000, A.D. 2083-Jul-01, -1.271295447697984E+00,  1.071826682620429E+00,  5.389176628480477E-02, -8.874899274349047E-03, -1.088702355922524E-02, -1.486148985971256E-04,  9.608749262974864E-03,  1.663703361596660E+00, -2.370569341399233E-04

2482225.500000000, A.D. 2084-Jan-01, -1.151775845903337E+00, -1.071819140689901E+00,  5.960590164061966E-03,  1.028390902852890E-02, -1.038569294293023E-02, -3.413202449303048E-04,  9.086891899583258E-03,  1.573346560103873E+00, -4.545775375856812E-04

2482407.500000000, A.D. 2084-Jul-01,  1.156808483906041E+00, -7.627883587014052E-01, -4.432663991737534E-02,  9.417027837935750E-03,  1.242986061963610E-02, -1.455947016355310E-04,  8.006994981638191E-03,  1.386368204920230E+00,  1.023392222962079E-03

2482591.500000000, A.D. 2085-Jan-01,  3.884226174204640E-01,  1.485346615111488E+00,  2.126423149045262E-02, -1.401972666015691E-02,  5.678251758730784E-03,  7.931045594704423E-04,  8.867967265829382E-03,  1.535440934809216E+00,  1.957390737434109E-03

2482772.500000000, A.D. 2085-Jul-01, -1.554015673573916E+00,  5.968745980054246E-01,  5.028513127202250E-02, -4.906154428238335E-03, -1.180049832224949E-02, -2.742407689472901E-04,  9.618887100347296E-03,  1.665458673724621E+00,  3.404665405268393E-04

2482956.500000000, A.D. 2086-Jan-01, -6.346014364362534E-01, -1.373002384731435E+00, -1.284916226756361E-02,  1.227441448506801E-02, -6.273757479217844E-03, -2.238107466253283E-04,  8.736165241387246E-03,  1.512620121701461E+00,  5.469970188050796E-04

2483137.500000000, A.D. 2086-Jul-01,  1.374191234338977E+00, -1.466843067820739E-01, -3.618889753176830E-02,  3.081766135717867E-03,  1.414294574049180E-02, -1.221362914636849E-04,  7.984489537692688E-03,  1.382471508095115E+00,  1.565896861704738E-03

2483321.500000000, A.D. 2087-Jan-01, -1.897979315740021E-01,  1.569246662916183E+00,  3.741288432839279E-02, -1.220405915275571E-02, -8.830035947094563E-04,  1.223368817036294E-04,  9.131819713307822E-03,  1.581125569908070E+00,  5.914974326281018E-04

2483502.500000000, A.D. 2087-Jul-01, -1.648366252448111E+00,  5.486930389528451E-02,  4.086365403152851E-02,  9.342850998700752E-04, -1.111217446061376E-02, -4.651790971059156E-04,  9.528365671657374E-03,  1.649785374204957E+00, -1.314577191557272E-03

2483686.500000000, A.D. 2088-Jan-01, -2.361157122529716E-02, -1.453481646106983E+00, -3.002000170651036E-02,  1.401630186666485E-02,  9.357042342977765E-04, -4.584724823430781E-04,  8.397507531828824E-03,  1.453983356977668E+00, -1.153529363197423E-03

2483868.500000000, A.D. 2088-Jul-01,  1.317328697826680E+00,  5.156465687351789E-01, -2.101260103285155E-02, -4.764886717387324E-03,  1.381616398100547E-02,  2.093958462289293E-04,  8.171262060567175E-03,  1.414810167961860E+00,  5.957941234053455E-04

2484052.500000000, A.D. 2089-Jan-01, -7.568765226758176E-01,  1.440528477029528E+00,  4.906587918637875E-02, -1.093283406023986E-02, -6.908759718909324E-03, -7.515915914613879E-05,  9.402557722216331E-03,  1.628002403011489E+00, -1.032644323282280E-03

2484233.500000000, A.D. 2089-Jul-01, -1.546149215265798E+00, -5.024906884780370E-01,  2.709584962497685E-02,  6.250320932075968E-03, -1.149793416513352E-02, -6.265756004247871E-04,  9.390872878793250E-03,  1.625979235089143E+00, -2.400585114243083E-03

2484417.500000000, A.D. 2090-Jan-01,  6.003306334176688E-01, -1.279571830923992E+00, -4.191512392173518E-02,  1.393863828767975E-02,  7.933646295797139E-03, -4.511178693936797E-04,  8.166709167293352E-03,  1.414021858928358E+00, -1.248191526779229E-03

2484598.500000000, A.D. 2090-Jul-01,  1.013219604369151E+00,  1.062423477330964E+00, -2.779996666049766E-03, -1.060800358718718E-02,  1.242891554246270E-02,  7.132432714813971E-04,  8.479132347461973E-03,  1.468116255697572E+00,  1.671905510804846E-03

2484782.500000000, A.D. 2091-Jan-01, -1.210559998389246E+00,  1.135466762388155E+00,  5.365776881707717E-02, -9.219165506353292E-03, -9.538086833046156E-03, -1.888393865818869E-04,  9.590872822955789E-03,  1.660608151956035E+00,  1.927243969623267E-04

2484963.500000000, A.D. 2091-Jul-01, -1.248119117259256E+00, -9.753903964489932E-01,  1.039904432196549E-02,  8.526398454608310E-03, -1.061372263643397E-02, -1.640293740883519E-04,  9.148858377077214E-03,  1.584075723087680E+00, -1.837939480438331E-04

2485147.500000000, A.D. 2092-Jan-01,  1.086913686812330E+00, -8.623603401684959E-01, -4.469189858794528E-02,  1.066406507248050E-02,  1.288860432482938E-02, -2.381290618114300E-04,  8.017459811758401E-03,  1.388180134087392E+00,  3.507754522656468E-04

2485329.500000000, A.D. 2092-Jul-01,  5.153375495316044E-01,  1.429338655512533E+00,  1.694709302846921E-02, -1.248648893588973E-02,  7.568998481404087E-03,  5.913369937159332E-04,  8.775878697852702E-03,  1.519496293533396E+00,  2.891699679857575E-03

2485513.500000000, A.D. 2093-Jan-01, -1.520644052208108E+00,  6.775787398048164E-01,  5.107278497474162E-02, -5.547762139232956E-03, -1.063443847033828E-02, -2.441209519437503E-04,  9.619454276888657E-03,  1.665556877298537E+00,  7.313074459008550E-04

2485694.500000000, A.D. 2093-Jul-01, -7.599507983006103E-01, -1.319601243495810E+00, -8.982057419347730E-03,  1.089433282864006E-02, -5.952807373129346E-03,  1.859997451302745E-05,  8.795022833123459E-03,  1.522810997802718E+00, -2.784271881775873E-04

2485878.500000000, A.D. 2094-Jan-01,  1.356907173299099E+00, -2.508448991050827E-01, -3.798372290668694E-02,  3.589029970380439E-03,  1.463620072936533E-02,  1.014308039354265E-04,  7.972648602895743E-03,  1.380421313789179E+00,  8.654687415141284E-04

2486059.500000000, A.D. 2094-Jul-01, -5.998611912880867E-02,  1.568541671148235E+00,  3.454449980871536E-02, -1.302384127257638E-02, -1.853249883497824E-04,  4.754710001773433E-04,  9.067958550666506E-03,  1.570068352360389E+00,  3.229060914910225E-04

2486243.500000000, A.D. 2095-Jan-01, -1.645932954847766E+00,  1.431458339109124E-01,  4.263211143448678E-02, -5.988355588349106E-04, -1.101696465939761E-02, -8.814071191404709E-05,  9.545175083502349E-03,  1.652695833644326E+00, -3.601068176322270E-04

2486424.500000000, A.D. 2095-Jul-01, -1.641198511024700E-01, -1.458423524117160E+00, -2.693401583694748E-02,  1.377856905986931E-02, -9.661595264172092E-05, -2.010311915998093E-04,  8.477744728683430E-03,  1.467875996953870E+00, -1.440867724156521E-03

2486608.500000000, A.D. 2096-Jan-01,  1.350038931403585E+00,  4.025849887753475E-01, -2.425021247580815E-02, -5.150859224907787E-03,  1.436365818182581E-02,  8.346641027981922E-04,  8.137678403101898E-03,  1.408995337926177E+00, -8.456437474761507E-04

2486790.500000000, A.D. 2096-Jul-01, -6.373724136381449E-01,  1.491508686284861E+00,  4.732589669283298E-02, -1.296790599696108E-02, -5.964318905857724E-03,  4.179934743528415E-04,  9.371802270580038E-03,  1.622677261635192E+00, -3.763323793317189E-04

2486974.500000000, A.D. 2097-Jan-01, -1.577099885167650E+00, -4.172954739430221E-01,  2.962110179075564E-02,  4.715871507592048E-03, -1.187468878170758E-02, -2.525970899343635E-04,  9.423580677498430E-03,  1.631642414881534E+00, -1.525842127788773E-03

2487155.500000000, A.D. 2097-Jul-01,  4.646668673984758E-01, -1.346136733517714E+00, -3.984100131224229E-02,  1.457471894908471E-02,  5.755652058908164E-03, -3.022465027142967E-04,  8.228009257704011E-03,  1.424635640565410E+00, -6.762879109672571E-04

2487339.500000000, A.D. 2098-Jan-01,  1.076757874563765E+00,  9.856336409770498E-01, -5.861903096682279E-03, -1.038947053311749E-02,  1.239575866262041E-02,  9.227097582301426E-04,  8.430902882748155E-03,  1.459765582745623E+00,  7.023892816484255E-04

2487520.500000000, A.D. 2098-Jul-01, -1.114232320513210E+00,  1.222488115185874E+00,  5.288897443314074E-02, -1.047935078572064E-02, -8.820402770286095E-03, -3.828981489914306E-05,  9.558069469048787E-03,  1.654928427293323E+00,  5.387354896278302E-04

2487704.500000000, A.D. 2099-Jan-01, -1.309877895602582E+00, -9.055834482913493E-01,  1.340962630798401E-02,  7.961718071930652E-03, -1.197145312990996E-02, -2.157595223242797E-04,  9.197485835528181E-03,  1.592495306519055E+00,  2.570670298103648E-04

2487885.500000000, A.D. 2099-Jul-01,  9.858346854269487E-01, -9.779105880723020E-01, -4.425719365027742E-02,  1.187715524397015E-02,  1.034539793773166E-02, -4.911115218725349E-04,  8.023893018816319E-03,  1.389294009360353E+00,  1.161577484270295E-03

2488069.500000000, A.D. 2100-Jan-01,  6.128844906494050E-01,  1.377594675436539E+00,  1.367877467983951E-02, -1.155026458475083E-02,  6.913559720710965E-03,  3.751487892431089E-04,  8.708557813572852E-03,  1.507840043753457E+00,  1.624997703558258E-03
