julian, epoch, x, y, z, vx, vy, vz, LT, RG, RR
2433282.500000000, A.D. 1950-Jan-01, -9.005440547670764E+00,  2.507032425928267E+00,  3.128217325209006E-01, -8.340359503422693E-03, -3.232667965490335E-03, -1.477622426257506E-04,  5.401916996807200E-02,  9.353129341489181E+00,  7.158885818543578E-03

2433463.500000000, A.D. 1950-Jul-01, -9.280870221897226E+00,  1.519032900035696E+00,  3.415134490488005E-01, -7.194501633251683E-03, -8.415297468127449E-03,  1.918298608097626E-03,  5.435086330786987E-02,  9.410560262968977E+00,  5.806588077518045E-03

2433647.500000000, A.D. 1951-Jan-01, -9.447113347989825E+00,  4.884035380253698E-01,  3.674229304463951E-01,  2.124899435941957E-03, -1.140624943708651E-02,  2.364569763211785E-03,  5.467603871574422E-02,  9.466862639520079E+00, -2.617152291829182E-03

2433828.500000000, A.D. 1951-Jul-01, -9.495091516465369E+00, -5.254535603340783E-01,  3.873345037536297E-01,  6.530661651486856E-03, -7.813272855594052E-03,  5.056315690581578E-04,  5.496852184897609E-02,  9.517504524186919E+00, -6.063340375049807E-03

2434012.500000000, A.D. 1952-Jan-01, -9.431025272976900E+00, -1.541924422504129E+00,  4.017078265298199E-01,  3.532149738250724E-03,  3.472831374967758E-05, -2.493221594984603E-03,  5.524099503007269E-02,  9.564681793041471E+00, -3.593103174376959E-03

2434194.500000000, A.D. 1952-Jul-01, -9.276379314269651E+00, -2.528205975797319E+00,  4.122739325831178E-01, -2.539924726082067E-03, -9.048709526179161E-03,  2.737513754744784E-03,  5.558107760900161E-02,  9.623565266249027E+00,  4.942753639772334E-03

2434378.500000000, A.D. 1953-Jan-01, -9.016303239568741E+00, -3.507800699503183E+00,  4.210175274499677E-01,  5.635166542820156E-03, -9.378314916173899E-03,  1.337561382263098E-03,  5.592886397454124E-02,  9.683782608759497E+00, -1.791446033779989E-03

2434559.500000000, A.D. 1953-Jul-01, -8.656773434162769E+00, -4.434400753957191E+00,  4.229768718785534E-01,  8.096945119216770E-03, -5.357748346855710E-03, -1.005597762941244E-03,  5.622832563181777E-02,  9.735632787408660E+00, -4.803011957652418E-03

2434743.500000000, A.D. 1954-Jan-01, -8.191892517685254E+00, -5.326217583571187E+00,  4.182189300993594E-01,  3.502285496690818E-03,  6.508267017000861E-04, -2.819321883281930E-03,  5.648522001041800E-02,  9.780112670227474E+00, -3.408537905775298E-03

2434924.500000000, A.D. 1954-Jul-01, -7.654034692050886E+00, -6.143096222284142E+00,  4.101935955043388E-01, -7.126729199217330E-04, -1.453764675011134E-05, -1.431612617476683E-03,  5.673256615968692E-02,  9.822939328386029E+00,  5.046240156183442E-04

2435108.500000000, A.D. 1955-Jan-01, -7.033879286116444E+00, -6.906833948832497E+00,  3.995183207299565E-01, -1.513321281188792E-03, -6.761948254734549E-03,  2.241175189367726E-03,  5.698169467774151E-02,  9.866074594133270E+00,  5.903418119481265E-03

2435289.500000000, A.D. 1955-Jul-01, -6.352005635521870E+00, -7.595576770852902E+00,  3.856733104477059E-01,  3.035905078056404E-03, -9.013325963222407E-03,  2.701369923064153E-03,  5.722996813787871E-02,  9.909061811191487E+00,  5.068004457688137E-03

2435473.500000000, A.D. 1956-Jan-01, -5.590435675685847E+00, -8.225188295069238E+00,  3.674277009539426E-01,  1.031462252344894E-02, -5.033715169208022E-03, -3.392839838056895E-04,  5.747778219985305E-02,  9.951969485923545E+00, -1.646371705937677E-03

2435655.500000000, A.D. 1956-Jul-01, -4.775943166861168E+00, -8.756922900857253E+00,  3.416449746851878E-01, -4.480201015340587E-05, -2.155318261196395E-03, -1.553846375616632E-04,  5.764246605307530E-02,  9.980483611197092E+00,  1.907206309365507E-03

2435839.500000000, A.D. 1957-Jan-01, -3.905392736414699E+00, -9.206024045665204E+00,  3.155491279560346E-01,  3.710876717843908E-03, -6.012448887629500E-03,  2.560488918676418E-03,  5.778478750471738E-02,  1.000512580666332E+01,  4.164493171183539E-03

2436020.500000000, A.D. 1957-Jul-01, -3.013657023126320E+00, -9.557880752777518E+00,  2.873899976779322E-01,  7.599744607480530E-03, -5.130703835201040E-03,  1.928255829569279E-03,  5.790452019012692E-02,  1.002585687849766E+01,  2.662095967078225E-03

2436204.500000000, A.D. 1958-Jan-01, -2.080117132969411E+00, -9.822717280314102E+00,  2.558045455007232E-01,  9.369508725955858E-03,  2.391546670125327E-04, -1.656181612956973E-03,  5.800820264988285E-02,  1.004380893990686E+01, -2.216537891816420E-03

2436385.500000000, A.D. 1958-Jul-01, -1.139049588103918E+00, -9.990569904055524E+00,  2.206242525256278E-01,  6.650852085149102E-03,  3.064391834306650E-03, -2.906361430626448E-03,  5.808850730902791E-02,  1.005771326061656E+01, -3.860905950902748E-03

2436569.500000000, A.D. 1959-Jan-01, -1.680260301707674E-01, -1.006414126706177E+01,  1.814680660112580E-01,  1.126800847414573E-03,  1.971500862421652E-03, -1.038655180190290E-03,  5.814317968040669E-02,  1.006717948827637E+01, -2.008435215750111E-03

2436750.500000000, A.D. 1959-Jul-01,  7.881877537365570E-01, -1.003611786462971E+01,  1.428194386325411E-01,  8.935137776371883E-04, -7.616303767330018E-04,  1.189586465417998E-03,  5.814811220219921E-02,  1.006803352795029E+01,  8.460405793298209E-04

2436934.500000000, A.D. 1960-Jan-01,  1.750435583621836E+00, -9.906529945444955E+00,  1.039962889088032E-01,  6.149855311444641E-03, -3.131711525866103E-03,  2.350557653572747E-03,  5.810475007613605E-02,  1.006052560856111E+01,  4.178088749143959E-03

2437116.500000000, A.D. 1960-Jul-01,  2.686247158139566E+00, -9.683029171274798E+00,  6.256241475262488E-02,  2.359417579171121E-03,  6.269913428635385E-03, -2.554839286280370E-03,  5.803775001034395E-02,  1.004892490678039E+01, -5.426810657346015E-03

2437300.500000000, A.D. 1961-Jan-01,  3.598750687097409E+00, -9.367927771740614E+00,  2.016797065628065E-02, -6.161501968433382E-04,  3.395477080541950E-04,  5.345133804298515E-04,  5.795970308669616E-02,  1.003541150085404E+01, -5.368438850491133E-04

2437481.500000000, A.D. 1961-Jul-01,  4.468136485727385E+00, -8.967250848913164E+00, -2.113324018101837E-02,  2.423679459403754E-03, -2.279089417177275E-03,  2.109970077825983E-03,  5.786374133083799E-02,  1.001879623788520E+01,  3.116333128995028E-03

2437665.500000000, A.D. 1962-Jan-01,  5.313885217753641E+00, -8.468246263330517E+00, -6.245286653972299E-02,  9.389360581794395E-03,  3.435446539332544E-04,  1.177839168868409E-03,  5.774145652317409E-02,  9.997623279780598E+00,  4.692235636669178E-03

2437846.500000000, A.D. 1962-Jul-01,  6.089385859407619E+00, -7.889278744008175E+00, -1.030455965234479E-01,  9.588140212687205E-03,  4.866198660332646E-03, -8.959670894697675E-04,  5.756194550125180E-02,  9.966541909828882E+00,  2.015484750780153E-03

2438030.500000000, A.D. 1963-Jan-01,  6.810174185212382E+00, -7.218691813435755E+00, -1.439580607134421E-01,  2.741767063072428E-03,  8.674590234261108E-03, -2.785361514175812E-03,  5.732291641371060E-02,  9.925155306268104E+00, -4.387468573383559E-03

2438211.500000000, A.D. 1963-Jul-01,  7.450366205175340E+00, -6.492602046964734E+00, -1.827638856435408E-01, -1.401961962666112E-03,  6.868328535669614E-03, -1.686949363340199E-03,  5.708574457430595E-02,  9.884090275253712E+00, -5.537195532703784E-03

2438395.500000000, A.D. 1964-Jan-01,  8.026413278440533E+00, -5.693146869524760E+00, -2.200201209139803E-01, -5.513872440966983E-04,  9.391387643009399E-04,  1.698349833349123E-03,  5.684813098584490E-02,  9.842948757761217E+00, -1.030787439718942E-03

2438577.500000000, A.D. 1964-Jul-01,  8.522258789852920E+00, -4.841094535682109E+00, -2.533685546419338E-01,  7.935504036543521E-03,  8.484070031187839E-03, -2.301262522085859E-03,  5.662638361768711E-02,  9.804554391155055E+00,  2.768030084322260E-03

2438761.500000000, A.D. 1965-Jan-01,  8.927031090368819E+00, -3.915883247396581E+00, -2.869442881396046E-01, -1.660772023666551E-03,  1.059438681171136E-02, -2.139517550430636E-03,  5.632488573360416E-02,  9.752351650763453E+00, -5.711260727239573E-03

2438942.500000000, A.D. 1965-Jul-01,  9.224154178365582E+00, -2.970613338901877E+00, -3.154091640390889E-01, -5.388741025426935E-03,  6.718446813105498E-03, -9.098112522186538E-05,  5.599842230072772E-02,  9.695826259596489E+00, -7.182037674815386E-03

2439126.500000000, A.D. 1966-Jan-01,  9.422145730662468E+00, -1.985965523645632E+00, -3.394108233981062E-01, -1.221513554900762E-03, -4.593558798653687E-04,  2.539920752977495E-03,  5.564797748347799E-02,  9.635148620441193E+00, -1.189300843329113E-03

2439307.500000000, A.D. 1966-Jul-01,  9.523231609648924E+00, -9.964042770861891E-01, -3.601134086077718E-01,  3.742006006065986E-03,  2.911865188949886E-05,  1.911511634577021E-03,  5.534093209890902E-02,  9.581985360115679E+00,  3.644194146466066E-03

2439491.500000000, A.D. 1967-Jan-01,  9.527140785761748E+00,  2.387505770618801E-02, -3.783435012227985E-01,  5.956149726219290E-03,  7.907975673241436E-03, -1.556804227712813E-03,  5.506771993384039E-02,  9.534680140152735E+00,  6.033016973300910E-03

2439672.500000000, A.D. 1967-Jul-01,  9.417476245014690E+00,  1.033396374643436E+00, -3.923774091264471E-01,  1.252120625842391E-03,  1.138851475528478E-02, -2.703067953061074E-03,  5.476419662829083E-02,  9.482126708905286E+00,  2.596599862712190E-03

2439856.500000000, A.D. 1968-Jan-01,  9.187735193643514E+00,  2.050552083261058E+00, -4.018387020534057E-01, -7.743479567107474E-03,  8.184698879731816E-03, -7.852145856217808E-04,  5.441896638412094E-02,  9.422351945090453E+00, -5.735973258727151E-03

2440038.500000000, A.D. 1968-Jul-01,  8.851010649748714E+00,  3.018741445802866E+00, -4.030991963389488E-01,  2.295219993170283E-03,  1.629720242536355E-03,  9.562328777522715E-04,  5.406072686566667E-02,  9.360324695258292E+00,  2.654743798826545E-03

2440222.500000000, A.D. 1969-Jan-01,  8.414739832745052E+00,  3.960776925258734E+00, -4.031207834798234E-01,  1.702413754936926E-03,  8.361354740217136E-03, -2.530169604742899E-03,  5.376449423720866E-02,  9.309033605617806E+00,  5.205996214106490E-03

2440403.500000000, A.D. 1969-Jul-01,  7.883751357944775E+00,  4.846409719302875E+00, -3.987856256110550E-01, -3.227752579995651E-03,  1.007612982154076E-02, -2.633948087477714E-03,  5.349771710784588E-02,  9.262842577548398E+00,  2.638135663618469E-03

2440587.500000000, A.D. 1970-Jan-01,  7.242455060637596E+00,  5.692455886753520E+00, -3.889471963444769E-01, -9.774529400911827E-03,  5.397356099475600E-03,  7.431098659549203E-04,  5.325030696932986E-02,  9.220004839995159E+00, -4.377048561568890E-03

2440768.500000000, A.D. 1970-Jul-01,  6.516659360543707E+00,  6.448653685705064E+00, -3.725223666083158E-01, -8.818815131953575E-03,  6.367452225768146E-04,  2.618212767865865E-03,  5.299356940286123E-02,  9.175552108355273E+00, -5.922085878539510E-03

2440952.500000000, A.D. 1971-Jan-01,  5.693232615663346E+00,  7.127575262990763E+00, -3.497522027268182E-01, -1.200981352673248E-03, -1.386799245649543E-03,  1.794807730558823E-03,  5.272436279198681E-02,  9.128940428601943E+00, -1.900518499249300E-03

2441133.500000000, A.D. 1971-Jul-01,  4.817842878620236E+00,  7.704453618805887E+00, -3.249250021946283E-01,  1.094142061874657E-03,  1.792353452814955E-03, -4.554849049111544E-04,  5.251461043760690E-02,  9.092622934250272E+00,  2.114737096159420E-03

2441317.500000000, A.D. 1972-Jan-01,  3.871252239349485E+00,  8.192979644306758E+00, -2.975793793718620E-01, -3.679102703896318E-03,  7.795471154329455E-03, -2.666600416483572E-03,  5.236330396617697E-02,  9.066425030833303E+00,  5.561059296189014E-03

2441499.500000000, A.D. 1972-Jul-01,  2.873919657470711E+00,  8.573578277526215E+00, -2.647272533802817E-01, -6.029931339680169E-03, -2.183534581158759E-03,  2.926338648100674E-03,  5.224713389141750E-02,  9.046310805911338E+00, -4.070711834515401E-03

2441683.500000000, A.D. 1973-Jan-01,  1.827134648822653E+00,  8.841971967593590E+00, -2.260696436153770E-01, -1.271900704071662E-03, -1.350376989433542E-04,  5.786249514044768E-04,  5.216223474233730E-02,  9.031610973929487E+00, -4.039969106264790E-04

2441864.500000000, A.D. 1973-Jul-01,  7.731622868478040E-01,  8.985520662857398E+00, -1.866402512310142E-01, -1.975853373917990E-03,  2.454693602593749E-03, -1.551566497582163E-03,  5.209895173826524E-02,  9.020653861434912E+00,  2.307884755887791E-03

2442048.500000000, A.D. 1974-Jan-01, -3.073463635889080E-01,  9.007075692366753E+00, -1.457619035433317E-01, -7.751348457083825E-03,  3.575368603047641E-03, -2.088171618238246E-03,  5.205761480825835E-02,  9.013496593872986E+00,  3.870899589696800E-03

2442229.500000000, A.D. 1974-Jul-01, -1.364743383606111E+00,  8.911385152251151E+00, -1.029263287771304E-01, -1.021658209026178E-02,  6.540948433704213E-04, -2.098562996421127E-04,  5.207131983469336E-02,  9.015869545640868E+00,  2.195407056903530E-03

2442413.500000000, A.D. 1975-Jan-01, -2.421036559941208E+00,  8.697234752204812E+00, -5.665648482832748E-02, -7.862195666334164E-03, -4.960126118223489E-03,  2.907963822289351E-03,  5.214193488368131E-02,  9.028096162359159E+00, -2.688216061597939E-03

2442594.500000000, A.D. 1975-Jul-01, -3.431530206874783E+00,  8.369902743841221E+00, -9.571344153975847E-03, -3.856549536296601E-03, -6.036384551218384E-03,  2.644740822173750E-03,  5.224554540388075E-02,  9.046035767820278E+00, -4.125055446648024E-03

2442778.500000000, A.D. 1976-Jan-01, -4.415343078467196E+00,  7.922080607932177E+00,  3.844012711944133E-02, -5.015207045142114E-04, -2.235722835511017E-03, -8.589505000239647E-04,  5.238114726370274E-02,  9.069514502029103E+00, -1.712352817944538E-03

2442960.500000000, A.D. 1976-Jul-01, -5.329925525874425E+00,  7.374978698275061E+00,  8.214225527159927E-02, -1.011078746331086E-02, -5.606614551269777E-03,  1.354110773518365E-03,  5.255568223892212E-02,  9.099734296202268E+00,  1.390404445154279E-03

2443144.500000000, A.D. 1977-Jan-01, -6.177629887060665E+00,  6.718344200402055E+00,  1.279970972192056E-01, -2.454017459597073E-03, -8.627641392355943E-03,  2.697524017931947E-03,  5.271743145547719E-02,  9.127740304888041E+00, -4.651554081024450E-03

2443325.500000000, A.D. 1977-Jul-01, -6.932009879046297E+00,  5.992169608423362E+00,  1.712567444234922E-01,  1.400688797791738E-03, -6.276237068374543E-03,  1.318307746039868E-03,  5.292977751497967E-02,  9.164506885360421E+00, -5.138530320995966E-03

2443509.500000000, A.D. 1978-Jan-01, -7.612055311560793E+00,  5.182333666510212E+00,  2.125665048274106E-01, -6.147331247609121E-04, -3.563986888958548E-04, -1.948639082859281E-03,  5.319912445049154E-02,  9.211142861571554E+00,  2.625287937329322E-04

2443690.500000000, A.D. 1978-Jul-01, -8.190414673904641E+00,  4.316187610540564E+00,  2.501087916334748E-01, -4.648453248375893E-03, -1.678081400742399E-04, -2.296925706439147E-03,  5.348981965260622E-02,  9.261475175561866E+00,  3.970640343068348E-03

2443874.500000000, A.D. 1979-Jan-01, -8.677969462960800E+00,  3.375620655203830E+00,  2.849710885508498E-01, -7.770151885974469E-03, -5.999608106947434E-03,  5.006230208326165E-04,  5.380327846904421E-02,  9.315748887192523E+00,  5.079506049413756E-03

2444055.500000000, A.D. 1979-Jul-01, -9.046278955029273E+00,  2.409463172369524E+00,  3.165690900535991E-01, -4.655288091372691E-03, -9.493083591788326E-03,  2.283003058013463E-03,  5.409934270105926E-02,  9.367010819892752E+00,  2.131152399462827E-03

2444239.500000000, A.D. 1980-Jan-01, -9.305297280862229E+00,  1.400806033393010E+00,  3.455712241482948E-01,  3.007479042501842E-03, -8.601681563663189E-03,  1.912298043827922E-03,  5.438509545691435E-02,  9.416487375840932E+00, -4.181382849110344E-03

2444421.500000000, A.D. 1980-Jul-01, -9.453628370183656E+00,  3.945130150226975E-01,  3.677461884469019E-01, -4.802357587270502E-03, -5.038480624949425E-04, -1.601911504662971E-03,  5.468838495279419E-02,  9.469000324199003E+00,  4.711356102550737E-03

2444605.500000000, A.D. 1981-Jan-01, -9.505270655860029E+00, -6.331910299869116E-01,  3.881899209732534E-01, -5.803377526799685E-03, -8.721446452377967E-03,  1.949942289300774E-03,  5.506519611738070E-02,  9.534243154878885E+00,  6.444346207414307E-03

2444786.500000000, A.D. 1981-Jul-01, -9.441475599073474E+00, -1.643233446323554E+00,  4.040808739441926E-01, -5.809385059081278E-04, -1.165723419241430E-02,  2.775947527252850E-03,  5.539831873921236E-02,  9.591921548871410E+00,  2.685820668598177E-03

2444970.500000000, A.D. 1982-Jan-01, -9.260591006949182E+00, -2.654307282916870E+00,  4.151790322529609E-01,  7.842723768145338E-03, -7.363172042859178E-03,  3.451232371338395E-04,  5.568997440457310E-02,  9.642420161917657E+00, -5.490410830263214E-03

2445151.500000000, A.D. 1982-Jul-01, -8.980918584130130E+00, -3.611136370752503E+00,  4.203575451204322E-01,  7.682119538051185E-03, -2.139814927457979E-03, -1.753578584818184E-03,  5.595815780260819E-02,  9.688854677859771E+00, -6.399358713093677E-03

2445335.500000000, A.D. 1983-Jan-01, -8.602013726015555E+00, -4.536157038759562E+00,  4.202708855309785E-01, -5.464134606705865E-04,  7.642093061077992E-04, -2.223065359000321E-03,  5.621807438777556E-02,  9.733857839524520E+00,  3.075789925198954E-05

2445516.500000000, A.D. 1983-Jul-01, -8.144123705527056E+00, -5.404124958877250E+00,  4.169842273850464E-01, -3.736130491401750E-03, -2.603787474263630E-03, -4.299831915741892E-04,  5.650133627255004E-02,  9.782903114514408E+00,  4.530291780623469E-03

2445700.500000000, A.D. 1984-Jan-01, -7.595029737333691E+00, -6.237188783458489E+00,  4.105139100030563E-01,  4.730895396734223E-04, -9.889104133202667E-03,  2.493900619367600E-03,  5.681053085445614E-02,  9.836438496823405E+00,  6.009376378384158E-03

2445882.500000000, A.D. 1984-Jul-01, -6.958501817977703E+00, -6.997361038325733E+00,  3.990133756290735E-01,  7.419459361463040E-03, -1.431305871959374E-04, -2.785197599628802E-03,  5.704125432816017E-02,  9.876387027927212E+00, -5.238567100564004E-03

2446066.500000000, A.D. 1985-Jan-01, -6.244046010256420E+00, -7.682002125476560E+00,  3.806963479162118E-01, -2.112722468007449E-05,  6.793429851911809E-04, -1.379086730517445E-03,  5.721734536307262E-02,  9.906876245484357E+00, -5.664558672084397E-04

2446247.500000000, A.D. 1985-Jul-01, -5.485525999829261E+00, -8.278387591401765E+00,  3.609888815577516E-01, -1.620396820194287E-03, -2.777588204252390E-03,  9.144596312215394E-04,  5.739395285308726E-02,  9.937454884470462E+00,  3.241553370085486E-03

2446431.500000000, A.D. 1986-Jan-01, -4.665333412895723E+00, -8.804034524898764E+00,  3.394645024495166E-01,  3.911100562490635E-03, -8.091725475589402E-03,  2.641096855673516E-03,  5.757922282177610E-02,  9.969533385144661E+00,  5.405448667040036E-03

2446612.500000000, A.D. 1986-Jul-01, -3.806987230379781E+00, -9.238995732036495E+00,  3.138483564975725E-01,  8.886506387717373E-03, -6.550819790414320E-03,  1.203106825479897E-03,  5.774094337561783E-02,  9.997534431035458E+00,  2.707644872928329E-03

2446796.500000000, A.D. 1987-Jan-01, -2.889584796155193E+00, -9.591122109848607E+00,  2.828606061581444E-01,  1.022403168089868E-02,  1.289910579412040E-03, -2.506378196127856E-03,  5.787615011927924E-02,  1.002094475300179E+01, -4.253476402163630E-03

2446977.500000000, A.D. 1987-Jul-01, -1.960212699811575E+00, -9.836643765991484E+00,  2.490133759193197E-01,  6.033807012592027E-03,  4.463867412068487E-03, -2.978716889613792E-03,  5.794661387047654E-02,  1.003314517331970E+01, -5.629217763559415E-03

2447161.500000000, A.D. 1988-Jan-01, -1.000684957850912E+00, -9.982751599281729E+00,  2.124968118251086E-01, -9.079790390726911E-04,  1.225210563564887E-03,  6.420075367886243E-05,  5.795750768462248E-02,  1.003503137876842E+01, -1.126925154902171E-03

2447343.500000000, A.D. 1988-Jul-01, -4.666726669260890E-02, -1.003991315978579E+01,  1.782880951694382E-01,  9.874143560978590E-03, -7.108450458027899E-04, -1.992682139458109E-04,  5.799547080935467E-02,  1.004160449005534E+01,  6.612983109708055E-04

2447527.500000000, A.D. 1989-Jan-01,  9.199068704635108E-01, -1.000016954197277E+01,  1.384409190949853E-01,  6.504688786936790E-03,  4.290713215110827E-03, -2.954653026923028E-03,  5.800552505919655E-02,  1.004334532945103E+01, -3.717207300732723E-03

2447708.500000000, A.D. 1989-Jul-01,  1.864813498102041E+00, -9.864248865805083E+00,  9.733472754398383E-02,  2.686041858918891E-03,  4.542967370306876E-03, -2.329979429951183E-03,  5.798298517633026E-02,  1.003944266971163E+01, -3.987350976038522E-03

2447892.500000000, A.D. 1990-Jan-01,  2.809520930790200E+00, -9.627377296637578E+00,  5.479430076744604E-02,  7.537606489843361E-04,  2.130585354290558E-04,  1.277033928796753E-03,  5.792323853886807E-02,  1.002909786011471E+01,  1.360896028450106E-05

2448073.500000000, A.D. 1990-Jul-01,  3.708775208766330E+00, -9.299722245928693E+00,  1.408389613724327E-02,  3.360106519074548E-03, -1.672748454705928E-03,  2.501812386461019E-03,  5.782446119804803E-02,  1.001199509372189E+01,  2.801960126431362E-03

2448257.500000000, A.D. 1991-Jan-01,  4.582963370383761E+00, -8.874826090792645E+00, -2.621007897978415E-02,  8.793591518497887E-03,  3.442835625931749E-04,  5.766220635274904E-04,  5.768779520891999E-02,  9.988332111235250E+00,  3.727362822443177E-03

2448438.500000000, A.D. 1991-Jul-01,  5.399728842023647E+00, -8.373618197935425E+00, -6.730998225715545E-02,  8.820059443463807E-03,  4.096841505126674E-03, -1.656526176855448E-03,  5.754662354917202E-02,  9.963888996064178E+00,  1.348072377836315E-03

2448622.500000000, A.D. 1992-Jan-01,  6.178795604380585E+00, -7.782763892073514E+00, -1.103356621444589E-01,  3.206740243550733E-03,  7.620325017103757E-03, -2.793845693748198E-03,  5.739630466416167E-02,  9.937862087935057E+00, -3.943014775860203E-03

2448804.500000000, A.D. 1992-Jul-01,  6.886044158675521E+00, -7.118655017740816E+00, -1.496746387024342E-01,  6.424570943637223E-03, -7.956000303767939E-04,  2.115970593554452E-03,  5.720832563968991E-02,  9.905314528792433E+00,  5.006077705917737E-03

2448988.500000000, A.D. 1993-Jan-01,  7.536819503985039E+00, -6.367991622415645E+00, -1.879342099967153E-01,  8.671613523756299E-03,  5.896480968145696E-03, -9.666805675906556E-04,  5.699657834055685E-02,  9.868651620464279E+00,  2.836184511846651E-03

2449169.500000000, A.D. 1993-Jul-01,  8.094127665232707E+00, -5.564977661442959E+00, -2.243202086171558E-01,  5.018758390716847E-03,  9.228488844158850E-03, -2.528011275809211E-03,  5.674551794429709E-02,  9.825181860374832E+00, -1.034767524805453E-03

2449353.500000000, A.D. 1994-Jan-01,  8.570167114602301E+00, -4.693276156027964E+00, -2.594964680560901E-01, -2.465815410158356E-03,  7.393418988704145E-03, -1.591658905566558E-03,  5.645312702544478E-02,  9.774555942132867E+00, -5.669697698163771E-03

2449534.500000000, A.D. 1994-Jul-01,  8.953508248934261E+00, -3.790441156306007E+00, -2.908425636738914E-01, -3.449352437135019E-03,  3.687420527992638E-03,  4.954856976799457E-04,  5.617930238051319E-02,  9.727144674569031E+00, -4.626729206312723E-03

2449718.500000000, A.D. 1995-Jan-01,  9.252687067530305E+00, -2.833206803503613E+00, -3.188538765038819E-01,  2.312221879870418E-03,  6.023107620604137E-04,  2.437989008923765E-03,  5.591851556028102E-02,  9.681990836373647E+00,  1.953155359208979E-03

2449899.500000000, A.D. 1995-Jul-01,  9.447260841049399E+00, -1.855245242335242E+00, -3.428952103225141E-01,  5.430962294876458E-03,  2.863761199159833E-03,  1.372075561257583E-03,  5.564023256304185E-02,  9.633807629037186E+00,  4.725469066073779E-03

2450083.500000000, A.D. 1996-Jan-01,  9.537293235623810E+00, -8.354017545803756E-01, -3.637998878657245E-01,  3.580274937205887E-03,  9.059303932394801E-03, -2.011526211969973E-03,  5.533362790488565E-02,  9.580720678124521E+00,  2.850491885500553E-03

2450265.500000000, A.D. 1996-Jul-01,  9.510838249630845E+00,  1.801306834404575E-01, -3.817107129895829E-01, -5.779094999326227E-03,  1.810069728903866E-03,  2.025436904632395E-03,  5.498408546398767E-02,  9.520199280591182E+00, -5.820373923101496E-03

2450449.500000000, A.D. 1997-Jan-01,  9.381016746768378E+00,  1.192754988605473E+00, -3.929492538932895E-01,  2.712439846685395E-03,  1.262485277873801E-04,  1.905981028127431E-03,  5.466354917294228E-02,  9.464700142219366E+00,  2.625236192524134E-03

2450630.500000000, A.D. 1997-Jul-01,  9.151277968089587E+00,  2.181862624258953E+00, -4.009179628718906E-01,  5.225358810354122E-03,  4.154065744897974E-03, -8.971493952096466E-05,  5.438414896343908E-02,  9.416323495575829E+00,  6.044639407471317E-03

2450814.500000000, A.D. 1998-Jan-01,  8.811277681452312E+00,  3.170031523903417E+00, -4.056439580141186E-01, -2.932580305915101E-04,  1.119369013951471E-02, -2.669424282119591E-03,  5.413366597584271E-02,  9.372953710697306E+00,  3.625666951053430E-03

2450995.500000000, A.D. 1998-Jul-01,  8.362647595432406E+00,  4.104068316358904E+00, -4.046885933836064E-01, -6.381134874636577E-03,  1.040948457405399E-02, -1.980198475370358E-03,  5.385218675031215E-02,  9.324217093587386E+00, -1.055378971887888E-03

2451179.500000000, A.D. 1999-Jan-01,  7.795422822065210E+00,  4.998830361412269E+00, -3.975409900226740E-01, -9.471133836824191E-03,  2.208840278392563E-03,  1.526063525729851E-03,  5.353346628025722E-02,  9.269032354873968E+00, -6.839607997138382E-03

2451360.500000000, A.D. 1999-Jul-01,  7.147927791375038E+00,  5.811682989149575E+00, -3.852921022244660E-01, -5.799612707053740E-03, -1.536155905171631E-03,  2.701478393903478E-03,  5.325296653133837E-02,  9.220465328882199E+00, -5.577128750666214E-03

2451544.500000000, A.D. 2000-Jan-01,  6.407493537944180E+00,  6.561475210421262E+00, -3.681674030532697E-01,  1.933945741050466E-03,  1.300259662134374E-03,  8.449521868793737E-04,  5.301047398947027E-02,  9.178479046794200E+00,  2.245718753759395E-03

2451726.500000000, A.D. 2000-Jul-01,  5.593586299649649E+00,  7.232618627891578E+00, -3.497737358569276E-01, -9.269963760132907E-03,  7.098172224587419E-03, -8.045623282899283E-04,  5.284562081776718E-02,  9.149935604934488E+00, -2.541601057536155E-05

2451910.500000000, A.D. 2001-Jan-01,  4.685812715611336E+00,  7.815524929163155E+00, -3.228971169380010E-01, -9.509768876938189E-03, -6.194289971856677E-04,  2.717561631839333E-03,  5.266295262709479E-02,  9.118307588159247E+00, -5.514142950907564E-03

2452091.500000000, A.D. 2001-Jul-01,  3.732906110313296E+00,  8.280283704538419E+00, -2.918580852694257E-01, -5.307968206239730E-03, -3.185121346218967E-03,  2.831371977833822E-03,  5.248508993395389E-02,  9.087511617488913E+00, -5.173497004851430E-03

2452275.500000000, A.D. 2002-Jan-01,  2.718598787508264E+00,  8.636192195691232E+00, -2.569681306416547E-01,  5.246662187787532E-04,  7.001005737211932E-04, -5.050109177527742E-04,  5.231249739570621E-02,  9.057628145851705E+00,  8.393291981365705E-04

2452456.500000000, A.D. 2002-Jul-01,  1.689324228902841E+00,  8.878218600786775E+00, -2.210823176121106E-01, -1.145718014965082E-03,  4.478092334278952E-03, -2.308831227662406E-03,  5.221191851441438E-02,  9.040213452395646E+00,  4.240213510079660E-03

2452640.500000000, A.D. 2003-Jan-01,  6.217610755462090E-01,  9.012035666050840E+00, -1.828114308316946E-01, -9.462949808584913E-03,  5.280417860056360E-03, -1.417535494176406E-03,  5.218358795758323E-02,  9.035308168539661E+00,  4.644308876338149E-03

2452821.500000000, A.D. 2003-Jul-01, -4.442790406389950E-01,  9.022979816711095E+00, -1.406873779078564E-01, -1.213924566912088E-02,  7.936464088921085E-04,  8.643388762001359E-04,  5.218184538477290E-02,  9.035006451410506E+00,  1.376055063794612E-03

2453005.500000000, A.D. 2004-Jan-01, -1.528242615170456E+00,  8.907953655845134E+00, -9.384189288963109E-02, -7.382081847326722E-03, -6.541540323590295E-03,  3.077946378967467E-03,  5.220249780618329E-02,  9.038582307329442E+00, -5.230794463054220E-03

2453187.500000000, A.D. 2004-Jul-01, -2.569090839452083E+00,  8.670094864653127E+00, -4.822623062530620E-02, -5.087234694457224E-03,  2.317820062964560E-03, -2.490363560513200E-03,  5.222713392030182E-02,  9.042847918259017E+00,  3.680852428909404E-03

2453371.500000000, A.D. 2005-Jan-01, -3.586450413293611E+00,  8.315000664694054E+00, -3.333945919053085E-03, -9.889355886752356E-03, -8.403008645763749E-04, -1.085459304548696E-04,  5.230014039390187E-02,  9.055488597313337E+00,  3.145158192178266E-03

2453552.500000000, A.D. 2005-Jul-01, -4.540801035094817E+00,  7.859719842220982E+00,  4.256181530374739E-02, -9.096547300902369E-03, -4.691192605559625E-03,  2.045103752999365E-03,  5.242563734360069E-02,  9.077217720570678E+00,  4.980815996178420E-04

2453736.500000000, A.D. 2006-Jan-01, -5.452597236877959E+00,  7.295357393878709E+00,  9.044476467939370E-02, -2.971226007647010E-03, -7.229286086874761E-03,  2.584775270951116E-03,  5.260518769997229E-02,  9.108305901071166E+00, -3.985982463710437E-03

2453917.500000000, A.D. 2006-Jul-01, -6.279977029291556E+00,  6.642422911141043E+00,  1.356157353034414E-01,  7.296312277562833E-05, -5.477412578218772E-03,  6.803235623720433E-04,  5.280045863743860E-02,  9.142116015810723E+00, -4.019773419483844E-03

2454101.500000000, A.D. 2007-Jan-01, -7.038806545974277E+00,  5.888739529922995E+00,  1.783237255415013E-01, -1.587908866716324E-03, -8.250434863485528E-04, -2.451112206430978E-03,  5.301342273571323E-02,  9.178989606379290E+00,  6.407487016902940E-04

2454282.500000000, A.D. 2007-Jul-01, -7.693224053454599E+00,  5.075036804488605E+00,  2.173290955200464E-01, -4.907905745714359E-03, -6.803879993447813E-04, -2.171753518376509E-03,  5.324417955608689E-02,  9.218943911279961E+00,  3.669904003621606E-03

2454466.500000000, A.D. 2008-Jan-01, -8.258969149612783E+00,  4.187203758201256E+00,  2.542863591733386E-01, -7.571660526654716E-03, -5.392572999846548E-03,  1.332614200255258E-03,  5.350010376373422E-02,  9.263255814205504E+00,  4.349785344481667E-03

2454648.500000000, A.D. 2008-Jul-01, -8.717448435615216E+00,  3.255995451735450E+00,  2.910307112929654E-01,  2.909619921728060E-03, -2.926686679302070E-03, -9.209187492164975E-04,  5.377132023646974E-02,  9.310215490752501E+00, -3.776685494005784E-03

2454832.500000000, A.D. 2009-Jan-01, -9.080068802178509E+00,  2.279596990967029E+00,  3.217786626253973E-01, -3.614991506074184E-03, -7.157348016173232E-04, -2.308089888479096E-03,  5.410145805607312E-02,  9.367377082259599E+00,  3.250652808082334E-03

2455013.500000000, A.D. 2009-Jul-01, -9.328742468450390E+00,  1.286131445484822E+00,  3.483561217126568E-01, -6.309510375795914E-03, -3.591811573027952E-03, -9.482952272986572E-04,  5.442515874379731E-02,  9.423424118932004E+00,  5.720841008478097E-03

2455197.500000000, A.D. 2010-Jan-01, -9.467940146076964E+00,  2.559369284547582E-01,  3.716698582656578E-01, -3.176456283058132E-03, -9.733118321372755E-03,  2.283468969679077E-03,  5.474433831370305E-02,  9.478688348320457E+00,  2.999584868777568E-03

2455378.500000000, A.D. 2010-Jul-01, -9.492578414269234E+00, -7.557773698178429E-01,  3.908669198856950E-01,  1.854742851372261E-03, -1.019950951578191E-02,  2.593198693089461E-03,  5.504436255506460E-02,  9.530635935384371E+00, -9.321663270006124E-04

2455562.500000000, A.D. 2011-Jan-01, -9.407472419901680E+00, -1.769787191799953E+00,  4.061578107582184E-01,  6.032231424300918E-03, -4.750564901933755E-03, -2.446080265068660E-04,  5.533587022278862E-02,  9.581108923434167E+00, -5.055772947052136E-03

2455743.500000000, A.D. 2011-Jul-01, -9.225205645706383E+00, -2.748689908785419E+00,  4.158637238907430E-01,  4.144873673832891E-03, -1.394941082591848E-03, -2.084716646716985E-03,  5.564694920153625E-02,  9.634970578942108E+00, -3.660624521735262E-03

2455927.500000000, A.D. 2012-Jan-01, -8.942721662300039E+00, -3.716634051382129E+00,  4.203086127934817E-01, -2.200989677389474E-03, -2.146473131966664E-03, -1.765056696678686E-03,  5.598449732830038E-02,  9.693415225360557E+00,  2.777001092145999E-03

2456109.500000000, A.D. 2012-Jul-01, -8.564001553652480E+00, -4.641369687066071E+00,  4.225765640825703E-01,  6.742939341105659E-03, -9.883817389287636E-03,  1.682460586214452E-03,  5.631145363873676E-02,  9.750025955631591E+00, -1.144727635325284E-03

2456293.500000000, A.D. 2013-Jan-01, -8.076471520238430E+00, -5.520024791020814E+00,  4.180308095690063E-01,  8.609212924070490E-03, -1.369064636914832E-03, -1.875029540970791E-03,  5.655138394870653E-02,  9.791568601018723E+00, -6.409454391923733E-03

2456474.500000000, A.D. 2013-Jul-01, -7.519830232268764E+00, -6.321677073971901E+00,  4.090517883258172E-01,  4.366992110039281E-03,  1.867387808207401E-03, -2.741649484260997E-03,  5.678799394604183E-02,  9.832536352094396E+00, -4.654499813088721E-03

2456658.500000000, A.D. 2014-Jan-01, -6.884454856388176E+00, -7.068743061964000E+00,  3.961201587389648E-01, -2.940001698904667E-03, -2.081920803895515E-03, -3.721277744503490E-04,  5.703445222402270E-02,  9.875209280104919E+00,  3.524934400018343E-03

2456839.500000000, A.D. 2014-Jul-01, -6.188696649133369E+00, -7.741027296029997E+00,  3.804640929048027E-01, -1.742685306646382E-03, -6.686611561968725E-03,  1.671151758387951E-03,  5.728202718751918E-02,  9.918075556218856E+00,  6.370389720930379E-03

2457023.500000000, A.D. 2015-Jan-01, -5.413578278379859E+00, -8.353451486737722E+00,  3.613354538797020E-01,  7.376296797506951E-03, -8.661445039412500E-03,  2.076444411332579E-03,  5.752878536948075E-02,  9.960800410993956E+00,  3.330163484766146E-03

2457204.500000000, A.D. 2015-Jul-01, -4.591501995107425E+00, -8.866740041485327E+00,  3.377519916938514E-01,  1.118792626074225E-02, -4.465973398250900E-03,  2.439993126025570E-04,  5.770174831783532E-02,  9.990748017153063E+00, -1.169917339418642E-03

2457388.500000000, A.D. 2016-Jan-01, -3.707555986366621E+00, -9.291668670717101E+00,  3.091910078847780E-01,  7.473899760784875E-03,  3.467283525168162E-03, -2.681144968231261E-03,  5.780618090721284E-02,  1.000882995948005E+01, -6.070213767630977E-03

2457570.500000000, A.D. 2016-Jul-01, -2.810786980732761E+00, -9.620593027408150E+00,  2.787092546051075E-01,  1.237578900486219E-03, -5.543431857642553E-03,  2.544048258257427E-03,  5.790918793590666E-02,  1.002666507362611E+01,  5.042711673212883E-03

2457754.500000000, A.D. 2017-Jan-01, -1.874213393500971E+00, -9.869637143188703E+00,  2.475630928745444E-01,  9.393866172309927E-03, -5.324414159458467E-03,  1.063707873751404E-03,  5.803855719402954E-02,  1.004906466630313E+01,  3.503536093882575E-03

2457935.500000000, A.D. 2017-Jul-01, -9.273247484991157E-01, -1.001835275851761E+01,  2.123908779520017E-01,  1.136599942987612E-02, -7.620046697251149E-04, -1.265015340065325E-03,  5.812146983540647E-02,  1.006342054513839E+01, -3.154611975388365E-04

2458119.500000000, A.D. 2018-Jan-01,  5.049021878776922E-02, -1.006732509181576E+01,  1.724356972016380E-01,  5.910148716840281E-03,  5.600055833458556E-03, -2.969542665155051E-03,  5.815328018268331E-02,  1.006892833603288E+01, -5.620382942172948E-03

2458300.500000000, A.D. 2018-Jul-01,  1.005717521101249E+00, -1.001428867648064E+01,  1.326496200632230E-01,  1.084312532023412E-03,  4.967804002162421E-03, -1.543625016747795E-03,  5.813369525277778E-02,  1.006553731053844E+01, -4.854512085992415E-03

2458484.500000000, A.D. 2019-Jan-01,  1.959304196230294E+00, -9.861038905917779E+00,  9.276667478694353E-02, -4.728886586253316E-05, -1.984771075352382E-03,  2.111628216076401E-03,  5.806839714128652E-02,  1.005423129300996E+01,  1.956901494969703E-03

2458665.500000000, A.D. 2019-Jul-01,  2.880219692217636E+00, -9.622883145665265E+00,  5.315560598749421E-02,  4.252700263126878E-03, -4.115835380282380E-03,  2.554805117363185E-03,  5.801403117798708E-02,  1.004481811826450E+01,  5.175874322091297E-03

2458849.500000000, A.D. 2020-Jan-01,  3.792960896970198E+00, -9.292554374795870E+00,  1.194454862833031E-02,  1.116953325536019E-02,  3.783505512219133E-04, -5.149700197369750E-04,  5.796798352236940E-02,  1.003684521384707E+01,  3.870101400686480E-03

2459031.500000000, A.D. 2020-Jul-01,  4.662655274965795E+00, -8.864161465342374E+00, -3.283712244743889E-02,  5.310121436789978E-05,  3.365731421277939E-03, -2.179752664523060E-04,  5.784601593919430E-02,  1.001572718146005E+01, -2.953318904706563E-03

2459215.500000000, A.D. 2021-Jan-01,  5.492535756414738E+00, -8.341457276560281E+00, -7.414050111096458E-02,  2.980752198342880E-03, -7.135092850038987E-04,  2.524800133822825E-03,  5.768391430593617E-02,  9.987660153713675E+00,  2.216375503359678E-03

2459396.500000000, A.D. 2021-Jul-01,  6.251655823988242E+00, -7.746253699313116E+00, -1.135099279288469E-01,  6.424627993352018E-03, -1.121025682552774E-04,  1.889090949364966E-03,  5.749485172806645E-02,  9.954924983115978E+00,  4.100332994710019E-03

2459580.500000000, A.D. 2022-Jan-01,  6.957796064369991E+00, -7.065526260788094E+00, -1.526489211697468E-01,  8.066958481158498E-03,  5.153075636340603E-03, -1.746847803874450E-03,  5.727843599981718E-02,  9.917453761343332E+00,  2.015206287107604E-03

2459761.500000000, A.D. 2022-Jul-01,  7.585684611133214E+00, -6.325782769822749E+00, -1.913229723547918E-01,  4.905181448506944E-03,  8.027389706208803E-03, -2.965265223443019E-03,  5.705637545611490E-02,  9.879005170072556E+00, -1.316229770225738E-03

2459945.500000000, A.D. 2023-Jan-01,  8.148748918246119E+00, -5.507736889654415E+00, -2.298607260887184E-01, -1.358121301074991E-03,  6.936702645855026E-03, -9.734862480648450E-04,  5.682068428071835E-02,  9.838196508083961E+00, -4.985543462361262E-03

2460126.500000000, A.D. 2023-Jul-01,  8.616288421660714E+00, -4.643075441782234E+00, -2.635979433905900E-01, -2.195638762504562E-03,  3.880664926296766E-03,  1.287444722836790E-03,  5.654939139309472E-02,  9.791223600709234E+00, -3.807067039410727E-03

2460310.500000000, A.D. 2024-Jan-01,  8.996500811627037E+00, -3.713039000599639E+00, -2.931116398944852E-01,  2.605293997455050E-03,  8.923911134290449E-04,  2.404741350352337E-03,  5.623634978967806E-02,  9.737022127273899E+00,  1.994469009119331E-03

2460492.500000000, A.D. 2024-Jul-01,  9.278559404712189E+00, -2.755819739220197E+00, -3.214056443278759E-01, -1.407823999481746E-03,  9.873454948739523E-03, -2.486680157168652E-03,  5.593299785821498E-02,  9.684498368529704E+00, -4.075875291871127E-03

2460676.500000000, A.D. 2025-Jan-01,  9.456437040211823E+00, -1.764270370082586E+00, -3.465369132460620E-01, -4.537757009041558E-03,  3.845092614121387E-03,  6.422038876860855E-04,  5.559425844383475E-02,  9.625847457054553E+00, -5.185760942578547E-03

2460857.500000000, A.D. 2025-Jul-01,  9.533930518390122E+00, -7.689464277786038E-01, -3.667405316427542E-01, -1.940125355203832E-03,  1.010541134438079E-03,  2.240392340311559E-03,  5.528278611326570E-02,  9.571917694789985E+00, -2.099445027389041E-03

2461041.500000000, A.D. 2026-Jan-01,  9.510059414192336E+00,  2.546021173541571E-01, -3.825081011837450E-01,  4.269573885637538E-03,  3.134160164178664E-03,  1.330053892247175E-03,  5.498959681119907E-02,  9.521153540779640E+00,  4.294974193587041E-03

2461222.500000000, A.D. 2026-Jul-01,  9.374376075818047E+00,  1.261418231909047E+00, -3.942414540626081E-01,  4.121540154613185E-03,  6.920565870334397E-03, -7.139340999120471E-04,  5.467727131894348E-02,  9.467076058148246E+00,  5.033027886317700E-03

2461406.500000000, A.D. 2027-Jan-01,  9.121051517525798E+00,  2.270594776600998E+00, -4.023135700039340E-01, -2.592073017260208E-03,  9.978318053008880E-03, -2.611543509022662E-03,  5.433625253706401E-02,  9.408030486424707E+00,  6.903114869337249E-06

2461587.500000000, A.D. 2027-Jul-01,  8.765902764860281E+00,  3.231356962488736E+00, -4.056742234605626E-01, -6.752322940067642E-03,  7.765542220900303E-03, -1.510968478331191E-03,  5.400875248791320E-02,  9.351325610713696E+00, -3.580669504661395E-03

2461771.500000000, A.D. 2028-Jan-01,  8.301863569841723E+00,  4.164463696897267E+00, -4.039265504531162E-01, -6.151531980677788E-03,  1.580636522541491E-03,  1.935214055692678E-03,  5.369270910221888E-02,  9.296604394788528E+00, -4.869343498823294E-03

2461953.500000000, A.D. 2028-Jul-01,  7.749183422270908E+00,  5.039470388297694E+00, -3.958376306992316E-01,  1.905315082836609E-03,  8.552475260114000E-03, -2.044953166539886E-03,  5.343612214428610E-02,  9.252177740208255E+00,  6.341647657227848E-03

2462137.500000000, A.D. 2029-Jan-01,  7.085876566452106E+00,  5.872286075133335E+00, -3.850781259122145E-01, -7.695122249113230E-03,  9.556984158164621E-03, -1.860275186670180E-03,  5.319803431538047E-02,  9.210954110528183E+00,  2.508979879952679E-04

2462318.500000000, A.D. 2029-Jul-01,  6.339432584302728E+00,  6.611132623953998E+00, -3.683255828651631E-01, -1.112963520669742E-02,  4.945320932699421E-03,  1.658470529404153E-04,  5.294331175224043E-02,  9.166850265899461E+00, -4.136915531407829E-03

2462502.500000000, A.D. 2030-Jan-01,  5.497250958838392E+00,  7.268289276678185E+00, -3.452520442679436E-01, -6.479224196002093E-03, -2.597380614520968E-03,  2.779658904693792E-03,  5.267038275391336E-02,  9.119594074737972E+00, -6.080985354908188E-03

2462683.500000000, A.D. 2030-Jul-01,  4.607117988305512E+00,  7.822638416235964E+00, -3.188426044342795E-01, -1.354915643097647E-03, -2.476163634820549E-03,  2.150957332169388E-03,  5.246538472221367E-02,  9.084099765840389E+00, -2.894971050768551E-03

2462867.500000000, A.D. 2031-Jan-01,  3.649170592177973E+00,  8.287814084052943E+00, -2.889041255280388E-01,  6.586535136854194E-04,  4.853387848130931E-03, -1.301287518382535E-03,  5.232752644201746E-02,  9.060230344554711E+00,  4.746398368788806E-03

2463048.500000000, A.D. 2031-Jul-01,  2.651968477850875E+00,  8.642073633881932E+00, -2.559574501055159E-01, -3.824685683727166E-03,  7.493101313263299E-03, -2.422212384950468E-03,  5.223057926320716E-02,  9.043444460890798E+00,  6.107514782553575E-03

2463232.500000000, A.D. 2032-Jan-01,  1.593963861456811E+00,  8.888107981887382E+00, -2.188038621391196E-01, -1.200826166847127E-02,  3.385050170678677E-03, -5.168477329075793E-04,  5.216769004863229E-02,  9.032555530934061E+00,  1.224353899055689E-03

2463414.500000000, A.D. 2032-Jul-01,  5.264016131889030E-01,  8.999381687744691E+00, -1.759652040213923E-01, -1.169575854813586E-03, -3.424799546710421E-03,  1.141175420693716E-03,  5.207485243745104E-02,  9.016481196847728E+00, -3.508857992003598E-03

2463598.500000000, A.D. 2033-Jan-01, -5.480874931849138E-01,  8.991540650501255E+00, -1.339875757892730E-01, -1.392193612931619E-03,  3.293004247391218E-03, -2.344441447685075E-03,  5.203295078729216E-02,  9.009226151022524E+00,  3.406102918473587E-03

2463779.500000000, A.D. 2033-Jul-01, -1.599856647922926E+00,  8.871476177995779E+00, -9.120501764809762E-02, -5.967954240822956E-03,  4.611539101089570E-03, -2.401493825533466E-03,  5.206652974740026E-02,  9.015040167736025E+00,  5.621501168015221E-03

2463963.500000000, A.D. 2034-Jan-01, -2.652479759923750E+00,  8.635616247860220E+00, -4.581670868376684E-02, -1.190723145690637E-02, -7.850691238383127E-04,  9.906277624619124E-04,  5.217554034479997E-02,  9.033914767580397E+00,  2.740644348328794E-03

2464144.500000000, A.D. 2034-Jul-01, -3.657115974935966E+00,  8.282708027731095E+00,  1.195006854978322E-03, -1.004926401646271E-02, -5.864781299394016E-03,  2.785007262123551E-03,  5.229244716942549E-02,  9.054156556787294E+00, -1.305656578998714E-03

2464328.500000000, A.D. 2035-Jan-01, -4.630385795556962E+00,  7.805216317329348E+00,  5.005462584526110E-02, -1.369279872476466E-03, -7.793618389357314E-03,  1.866154306841006E-03,  5.241561466518690E-02,  9.075482347598308E+00, -5.993860338540537E-03

2464509.500000000, A.D. 2035-Jul-01, -5.519861069231870E+00,  7.234943295319530E+00,  9.543307771457528E-02,  1.637408196332098E-03, -4.399484343910854E-03, -4.002367118418097E-04,  5.256114471432984E-02,  9.100680094500229E+00, -4.494881801214180E-03

2464693.500000000, A.D. 2036-Jan-01, -6.345393840672191E+00,  6.564741368662518E+00,  1.382359582161778E-01, -2.812688628955451E-03,  1.827538342250612E-03, -2.581261846993978E-03,  5.273745978404468E-02,  9.131208102480940E+00,  3.229376674402392E-03

2464875.500000000, A.D. 2036-Jul-01, -7.091740103672069E+00,  5.821046466406180E+00,  1.808656193346062E-01, -4.511318423321024E-03, -8.249012401984075E-03,  2.984505057934543E-03,  5.299964810325965E-02,  9.176604602702891E+00, -1.687442471972502E-03

2465059.500000000, A.D. 2037-Jan-01, -7.755082659655522E+00,  4.990793733597434E+00,  2.234567238017422E-01,  1.132490248572766E-03, -6.213876237511885E-03,  5.547287369096669E-04,  5.327872995521069E-02,  9.224926127445000E+00, -4.300389148080791E-03

2465240.500000000, A.D. 2037-Jul-01, -8.309367003791321E+00,  4.108228459450818E+00,  2.608001645724498E-01,  1.272026396415810E-03, -3.223416965158886E-03, -1.613609305652911E-03,  5.355719390434546E-02,  9.273140665630960E+00, -2.613256708329301E-03

2465424.500000000, A.D. 2038-Jan-01, -8.766267772279365E+00,  3.157385551824001E+00,  2.936453440571014E-01, -3.906110096447216E-03, -1.290150192329500E-03, -2.158873209901060E-03,  5.384033530434525E-02,  9.322165079328792E+00,  3.168208475036533E-03

2465605.500000000, A.D. 2038-Jul-01, -9.109254113405010E+00,  2.187463112441974E+00,  3.232675444372272E-01, -6.054222142518786E-03, -3.680098770572677E-03, -2.684597634900088E-04,  5.413851702475793E-02,  9.373793643779816E+00,  5.015320915146106E-03

2465789.500000000, A.D. 2039-Jan-01, -9.348856344342279E+00,  1.178819886437726E+00,  3.510063573197305E-01, -3.416016955233430E-03, -9.060722238606706E-03,  2.840967349623684E-03,  5.445978046929591E-02,  9.429418684876007E+00,  2.359858074846426E-03

2465970.500000000, A.D. 2039-Jul-01, -9.477967855608805E+00,  1.700020543743463E-01,  3.748934654228340E-01,  1.088170857034370E-03, -9.702493753115075E-03,  2.502299189654610E-03,  5.479177973452398E-02,  9.486902575702041E+00, -1.162128162722872E-03

2466154.500000000, A.D. 2040-Jan-01, -9.499763929373010E+00, -8.613332429369064E-01,  3.946289570435355E-01,  5.056258281296063E-03, -5.222027761108754E-03, -1.076350727737165E-03,  5.513824818838603E-02,  9.546891728879197E+00, -4.604651895672900E-03

2466336.500000000, A.D. 2040-Jul-01, -9.411377050515446E+00, -1.869543303561641E+00,  4.062875449751528E-01, -4.229620514734675E-03, -7.752698729034405E-03,  1.152676173978498E-03,  5.546731543371474E-02,  9.603867956196760E+00,  5.702793672386822E-03

2466520.500000000, A.D. 2041-Jan-01, -9.209088047384665E+00, -2.871544486421274E+00,  4.163300923829723E-01,  3.289442518098140E-03, -9.924127353652244E-03,  2.520586915800499E-03,  5.576483561297402E-02,  9.655381978347783E+00, -7.724152283273357E-05

2466701.500000000, A.D. 2041-Jul-01, -8.910203237683980E+00, -3.820251834557864E+00,  4.215575926728804E-01,  7.046420237409081E-03, -7.026941346363850E-03,  1.111868427793568E-03,  5.604448138522087E-02,  9.703801142862366E+00, -3.655437054372125E-03

2466885.500000000, A.D. 2042-Jan-01, -8.512258430180452E+00, -4.738279296287091E+00,  4.218415403019351E-01,  5.069558091350554E-03, -8.454672713484012E-04, -2.191188391080233E-03,  5.631879202448612E-02,  9.751296557736586E+00, -4.109367670400952E-03

2467066.500000000, A.D. 2042-Jul-01, -8.033687332657495E+00, -5.595958839570118E+00,  4.170312130286893E-01,  1.207476681513105E-03, -9.585260574225088E-05, -2.544064409987386E-03,  5.659677999996001E-02,  9.799428683637869E+00, -1.043434008387134E-03

2467250.500000000, A.D. 2043-Jan-01, -7.462812103866789E+00, -6.413953105760725E+00,  4.073925005830679E-01, -1.812597908332259E-03, -4.941502127618716E-03,  2.476717658803910E-04,  5.688176841270292E-02,  9.848772897678655E+00,  4.601846404542155E-03

2467431.500000000, A.D. 2043-Jul-01, -6.819429142097372E+00, -7.151114880166997E+00,  3.946275402685562E-01,  9.499232733697144E-04, -7.680355640051915E-03,  2.043331573769395E-03,  5.711598944300094E-02,  9.889327011934187E+00,  4.980270740653032E-03

2467615.500000000, A.D. 2044-Jan-01, -6.091033748138623E+00, -7.823019045996049E+00,  3.785033887635432E-01,  8.013304901863000E-03, -6.413192071262772E-03,  1.697403789703700E-03,  5.730396524441828E-02,  9.921874013022240E+00,  2.019463471941362E-04

2467797.500000000, A.D. 2044-Jul-01, -5.311967995538957E+00, -8.401996558626916E+00,  3.562923737080115E-01, -1.086452603483311E-04,  1.847663580756008E-03, -1.795452873108970E-03,  5.744753791978859E-02,  9.946732851161290E+00, -1.567011932505661E-03

2467981.500000000, A.D. 2045-Jan-01, -4.482787041295481E+00, -8.909324531040999E+00,  3.324620318594111E-01, -9.421265324727630E-04, -5.888714170963250E-03,  1.696608883367807E-03,  5.763434112793129E-02,  9.979076824017525E+00,  5.737191653793389E-03

2468162.500000000, A.D. 2045-Jul-01, -3.615794643963935E+00, -9.325510643921916E+00,  3.058675559943048E-01,  3.994946730026126E-03, -8.152558757328683E-03,  2.503082048686892E-03,  5.779348385529622E-02,  1.000663153308990E+01,  6.230615953013996E-03

2468346.500000000, A.D. 2046-Jan-01, -2.689856118136964E+00, -9.657238602074418E+00,  2.753492339097762E-01,  1.169027065367626E-02, -3.177766874041034E-03,  1.145615892845507E-04,  5.792053089781424E-02,  1.002862904659903E+01, -7.230785652467382E-05

2468527.500000000, A.D. 2046-Jul-01, -1.754746412504566E+00, -9.881279628175221E+00,  2.416630359280023E-01,  1.087145464501044E-02,  2.295352420192871E-03, -1.953331923825076E-03,  5.797919220348366E-02,  1.003878593682136E+01, -4.206655419771884E-03

2468711.500000000, A.D. 2047-Jan-01, -7.925935114175897E-01, -1.000481002314926E+01,  2.044458549487264E-01,  2.141163508608290E-03,  5.048901340034313E-03, -2.391087883308253E-03,  5.797602874556310E-02,  1.003823820106172E+01, -5.249847432138112E-03

2468892.500000000, A.D. 2047-Jul-01,  1.562598914838602E-01, -1.003692023879941E+01,  1.669639347363802E-01, -1.269060094630014E-03,  1.795340929003213E-03, -5.867500074241951E-04,  5.798346060841792E-02,  1.003952498822581E+01, -1.824385417632554E-03

2469076.500000000, A.D. 2048-Jan-01,  1.117571817783769E+00, -9.979893981424109E+00,  1.283492511728239E-01,  2.817194897885416E-03, -4.944853236576187E-03,  2.294587277910388E-03,  5.800406978803994E-02,  1.004309335706117E+01,  5.256551478690203E-03

2469258.500000000, A.D. 2048-Jul-01,  2.071527625325326E+00, -9.826016604650951E+00,  8.812753531226379E-02,  9.002901299733666E-03,  5.235905892632762E-03, -2.943047563169150E-03,  5.800000712458391E-02,  1.004238992868940E+01, -3.291816316007837E-03

2469442.500000000, A.D. 2049-Jan-01,  3.012605177447646E+00, -9.562089846251428E+00,  4.429569499477994E-02,  6.419665461665699E-04,  5.968938690060144E-03, -1.453139537277015E-03,  5.790265030297474E-02,  1.002553311757355E+01, -5.506530523484142E-03

2469623.500000000, A.D. 2049-Jul-01,  3.901805662370789E+00, -9.211894605156722E+00,  2.886225422223841E-03, -1.418249143503366E-03,  2.292730271063046E-03,  8.643304679311917E-04,  5.777917502477534E-02,  1.000415403588537E+01, -2.664056091668397E-03

2469807.500000000, A.D. 2050-Jan-01,  4.761317871789232E+00, -8.769837080301262E+00, -3.717271351298192E-02,  4.071525032418855E-03, -3.083275622256818E-03,  2.513679217279788E-03,  5.763422475083834E-02,  9.979056673948516E+00,  4.642944821297391E-03

2469988.500000000, A.D. 2050-Jul-01,  5.567234685299218E+00, -8.253086705884265E+00, -7.746136941815569E-02,  8.651055103774728E-03, -1.335855970559849E-03,  1.061234752026273E-03,  5.749862589769747E-02,  9.955578460330388E+00,  5.936891033315760E-03

2470172.500000000, A.D. 2051-Jan-01,  6.338698560586455E+00, -7.645637649668124E+00, -1.195265597593429E-01,  9.209168661244395E-03,  6.757221681083276E-03, -2.558235161378185E-03,  5.736376723131945E-02,  9.932228406077432E+00,  7.064530139867913E-04

2470353.500000000, A.D. 2051-Jul-01,  7.032113731031084E+00, -6.964148889122120E+00, -1.601266147095474E-01,  4.309585278701812E-03,  9.758867692410892E-03, -2.968834636972824E-03,  5.716760623023982E-02,  9.898264181600485E+00, -3.756347947840056E-03

2470537.500000000, A.D. 2052-Jan-01,  7.659433365429300E+00, -6.193852412119359E+00, -1.992526165787326E-01, -3.217482978803068E-03,  5.950171245912241E-03,  9.794075420026988E-05,  5.690290528113328E-02,  9.852432632998912E+00, -6.243949717561367E-03

2470719.500000000, A.D. 2052-Jul-01,  8.197789008845092E+00, -5.379281088153657E+00, -2.321042771717327E-01,  7.363245747611548E-03,  3.761269174070162E-03, -2.242025683692241E-04,  5.664552359009186E-02,  9.807868374646469E+00,  4.096858538865139E-03

2470903.500000000, A.D. 2053-Jan-01,  8.659400411967047E+00, -4.499995176654099E+00, -2.666218216764809E-01,  3.745773927394623E-03,  8.726975043140265E-03, -2.941909608840771E-03,  5.638345423687707E-02,  9.762492472748919E+00, -6.198019643722202E-04

2471084.500000000, A.D. 2053-Jul-01,  9.025639949475719E+00, -3.585511964065646E+00, -2.982614610923185E-01, -5.662776210473872E-04,  8.866340230326461E-03, -2.262935451063339E-03,  5.611683126217293E-02,  9.716328135731258E+00, -3.728408504969997E-03

2471268.500000000, A.D. 2054-Jan-01,  9.302037908692643E+00, -2.613537974827683E+00, -3.268390948887691E-01, -3.282928155384048E-03,  4.197269634732632E-03,  1.409355008215701E-03,  5.583624456749672E-02,  9.667746055548267E+00, -4.341061278190947E-03

2471449.500000000, A.D. 2054-Jul-01,  9.469747840350598E+00, -1.628534499379461E+00, -3.496985238417052E-01, -1.126434915020613E-03,  1.724581750234713E-03,  2.656791777894912E-03,  5.553230338631716E-02,  9.615120271378357E+00, -1.498127037145119E-03

2471633.500000000, A.D. 2055-Jan-01,  9.530985881041305E+00, -6.102991743181317E-01, -3.678338271418455E-01,  4.271338934781760E-03,  3.104669211326591E-03,  6.741316512723980E-04,  5.520001572268606E-02,  9.557586445916769E+00,  4.035257835992196E-03

2471814.500000000, A.D. 2055-Jul-01,  9.487642199302835E+00,  3.954352484816199E-01, -3.834530345761674E-01,  4.127289101038265E-03,  6.538002439659015E-03, -1.573448154049322E-03,  5.488832139528543E-02,  9.503618246092344E+00,  4.455875776561606E-03

2471998.500000000, A.D. 2056-Jan-01,  9.337735497537048E+00,  1.412045126070768E+00, -3.969215243268446E-01, -1.880507033556978E-03,  9.886933976576659E-03, -2.621385943867632E-03,  5.459154914090977E-02,  9.452233723120562E+00, -2.706657407611164E-04

2472180.500000000, A.D. 2056-Jul-01,  9.077402503295010E+00,  2.403963799511721E+00, -4.032517487845839E-01,  9.015815130482428E-04,  1.003858870806210E-03,  2.323944578367356E-03,  5.428400128476887E-02,  9.398983462539297E+00,  1.027783907898326E-03

2472364.500000000, A.D. 2057-Jan-01,  8.709607008825687E+00,  3.383856641333762E+00, -4.046725771614128E-01,  2.806683615978784E-03,  6.769614390662164E-03, -7.573150172230273E-04,  5.401622796289383E-02,  9.352619949083284E+00,  5.095789285526339E-03

2472545.500000000, A.D. 2057-Jul-01,  8.237744306188231E+00,  4.305919973814587E+00, -4.020242133211805E-01, -8.496295515356285E-04,  9.363458359840862E-03, -2.326140378731414E-03,  5.373498353725895E-02,  9.303923986315050E+00,  3.681719259670041E-03

2472729.500000000, A.D. 2058-Jan-01,  7.651399862744809E+00,  5.186259729603842E+00, -3.950664091752217E-01, -8.052614781791808E-03,  6.998127494508856E-03, -1.357587347900016E-03,  5.343440371877733E-02,  9.251880204054762E+00, -2.678734605663803E-03

2472910.500000000, A.D. 2058-Jul-01,  6.984420782466213E+00,  5.985817515652087E+00, -3.827498022715212E-01, -8.978878839850614E-03,  2.874848041869786E-03,  7.528267941319204E-04,  5.317199590187114E-02,  9.206445698985691E+00, -4.973916972114467E-03

2473094.500000000, A.D. 2059-Jan-01,  6.222593536547812E+00,  6.722077062816182E+00, -3.645262907003580E-01, -3.494955647533915E-03, -6.578466082825174E-04,  2.698178833017272E-03,  5.294606055582671E-02,  9.167326206486699E+00, -2.961969556803351E-03

2473275.500000000, A.D. 2059-Jul-01,  5.392411552704812E+00,  7.365287939001990E+00, -3.417685015085722E-01, -4.176576706041040E-04,  8.012929064166139E-04,  1.642856541807440E-03,  5.275751045911974E-02,  9.134679769251679E+00,  3.380626787930280E-04

2473459.500000000, A.D. 2060-Jan-01,  4.474424749961145E+00,  7.925874141936614E+00, -3.143897096973441E-01, -1.857814502020624E-03,  5.988066690674675E-03, -1.754789307381330E-03,  5.259807340509118E-02,  9.107074099097245E+00,  4.359215597026433E-03

2473641.500000000, A.D. 2060-Jul-01,  3.500720988503069E+00,  8.372889064051540E+00, -2.846724800174054E-01, -1.057239775453973E-02, -1.869952673497542E-03,  2.277635205975722E-03,  5.244010261791042E-02,  9.079722305177569E+00, -5.872018909719159E-03

2473825.500000000, A.D. 2061-Jan-01,  2.477468058139066E+00,  8.701582092023068E+00, -2.484891844625669E-01, -1.707044919279729E-03, -3.621934771794949E-03,  2.111575660459161E-03,  5.227310761570893E-02,  9.050808016862957E+00, -4.007422945694152E-03

2474006.500000000, A.D. 2061-Jul-01,  1.442741161854664E+00,  8.917094383427402E+00, -2.108589325618448E-01,  9.705720147152498E-04, -3.986671647465426E-05,  1.424476411924033E-04,  5.218478394741634E-02,  9.035515247759998E+00,  1.123071055959819E-04

2474190.500000000, A.D. 2062-Jan-01,  3.724962794285553E-01,  9.024469632793819E+00, -1.709557879942242E-01, -4.312702258793689E-03,  6.141722934714548E-03, -2.392852477854560E-03,  5.217471417847962E-02,  9.033771721316331E+00,  6.002852432570083E-03

2474371.500000000, A.D. 2062-Jul-01, -6.939012338423216E-01,  9.008069325540998E+00, -1.287460922489482E-01, -9.703514457221830E-03,  4.717224533938851E-03, -1.737798171364818E-03,  5.218569533262511E-02,  9.035673049217193E+00,  5.472763427213840E-03

2474555.500000000, A.D. 2063-Jan-01, -1.775451943551002E+00,  8.864178484673335E+00, -8.307190386646245E-02, -1.171957674420470E-02, -3.826165033560423E-03,  1.712791668765526E-03,  5.221426039472180E-02,  9.040618936401239E+00, -1.465668381696876E-03

2474736.500000000, A.D. 2063-Jul-01, -2.808402981170179E+00,  8.600525655357581E+00, -3.676802389244813E-02, -7.259210159339526E-03, -7.603824102014073E-03,  2.860556671561085E-03,  5.225408652310685E-02,  9.047514616771306E+00, -4.986482558224798E-03

2474920.500000000, A.D. 2064-Jan-01, -3.811729318780940E+00,  8.216045864887823E+00,  1.059312084601419E-02,  8.585701364986772E-04, -4.605630951672604E-03,  9.805504829138840E-04,  5.231000244938301E-02,  9.057196159287033E+00, -4.538084886822768E-03

2475102.500000000, A.D. 2064-Jul-01, -4.754780011453029E+00,  7.740031555607101E+00,  5.423013611287840E-02, -9.887099944747679E-03,  8.170444459362078E-04, -6.324352695973900E-04,  5.246477875086143E-02,  9.083994845153191E+00,  5.867532824513914E-03

2475286.500000000, A.D. 2065-Jan-01, -5.657085196096572E+00,  7.153614620410843E+00,  1.013623781525261E-01, -9.172519991882849E-03, -7.267466663418612E-03,  2.832142778439422E-03,  5.267674499961203E-02,  9.120695663432450E+00,  2.062825188269080E-05

2475467.500000000, A.D. 2065-Jul-01, -6.468948860413955E+00,  6.477149812794440E+00,  1.466169841640844E-01, -3.974174779420272E-03, -9.697121105939992E-03,  2.877193363325107E-03,  5.287746958940252E-02,  9.155450048800411E+00, -4.006261531248900E-03

2475651.500000000, A.D. 2066-Jan-01, -7.204542174977545E+00,  5.699926147953996E+00,  1.899752454786345E-01,  2.654535951691398E-03, -5.148907637323551E-03, -5.377243911097093E-04,  5.306902412148297E-02,  9.188616687894568E+00, -5.286461005771541E-03

2475832.500000000, A.D. 2066-Jul-01, -7.833877312557443E+00,  4.870726348685897E+00,  2.285603970253178E-01,  1.409894459930009E-03, -9.751494597560776E-04, -2.333478853735060E-03,  5.329331140451387E-02,  9.227450827128457E+00, -1.769499241929629E-03

2476016.500000000, A.D. 2067-Jan-01, -8.374657724593924E+00,  3.974638467463997E+00,  2.639221928930077E-01, -6.585810179163443E-03, -1.161119671946217E-04, -1.385310964629674E-03,  5.356066916169102E-02,  9.273742387787504E+00,  5.858130021189111E-03

2476197.500000000, A.D. 2067-Jul-01, -8.811925508675236E+00,  3.042243588534474E+00,  2.975039952363276E-01, -8.593513628568538E-03, -4.395610026409712E-03,  8.501133312899359E-04,  5.386852476831734E-02,  9.327045933713524E+00,  6.712285764387221E-03

2476381.500000000, A.D. 2068-Jan-01, -9.154551926199334E+00,  2.051860945606291E+00,  3.300128836822003E-01, -2.913613833380372E-03, -1.127563187671659E-02,  2.957111099726067E-03,  5.421758806993093E-02,  9.387484370851464E+00,  4.807129395715946E-04

2476563.500000000, A.D. 2068-Jul-01, -9.372203970646257E+00,  1.044237849172499E+00,  3.560874996263581E-01, -1.342123950516550E-04, -1.590806678571374E-03, -2.652434156370302E-03,  5.450309807942180E-02,  9.436918896569580E+00, -1.428234431285561E-04

2476747.500000000, A.D. 2069-Jan-01, -9.481321309326145E+00,  1.742922989674480E-02,  3.764552511467140E-01, -4.800153938797069E-03, -3.972409864492886E-03, -2.020430306045866E-04,  5.480278419567344E-02,  9.488807939085540E+00,  4.781054260408344E-03

2476928.500000000, A.D. 2069-Jul-01, -9.482903068342853E+00, -9.897327725781747E-01,  3.940586876496643E-01, -3.858618713838790E-03, -7.291909350559291E-03,  1.929538276685697E-03,  5.511318556054963E-02,  9.542552269388612E+00,  4.670480073134651E-03

2477112.500000000, A.D. 2070-Jan-01, -9.379908535382446E+00, -2.000467796934950E+00,  4.093612237582624E-01,  2.498769526993827E-03, -9.532304178952023E-03,  2.391253946030870E-03,  5.544260921718829E-02,  9.599590207411516E+00, -3.531687664479154E-04

2477293.500000000, A.D. 2070-Jul-01, -9.175144017239420E+00, -2.976905858740710E+00,  4.189472115576920E-01,  5.883267458406844E-03, -7.203076015422406E-03,  4.432820702232048E-04,  5.576314632173442E-02,  9.655089486636623E+00, -3.350692429011487E-03

2477477.500000000, A.D. 2071-Jan-01, -8.864160042578218E+00, -3.940536292792969E+00,  4.224362457648768E-01,  4.508544588611266E-03, -1.561952864899991E-03, -2.714734282593408E-03,  5.607894822409524E-02,  9.709768891018713E+00, -3.600119775425503E-03

2477658.500000000, A.D. 2071-Jul-01, -8.461312771467274E+00, -4.843214634016045E+00,  4.207250310253832E-01,  1.028482122315290E-03, -6.123267774002238E-04, -2.406321389334327E-03,  5.636016751305796E-02,  9.758460501507074E+00, -6.916130416073206E-04

2477842.500000000, A.D. 2072-Jan-01, -7.960737680681700E+00, -5.704871758826061E+00,  4.147454460063161E-01, -2.045671689723785E-03, -4.853805685012422E-03,  1.163424290897046E-03,  5.661508221779121E-02,  9.802597614421373E+00,  4.535320264392147E-03

2478024.500000000, A.D. 2072-Jul-01, -7.384439378465728E+00, -6.500821185148276E+00,  4.078682787366846E-01,  8.243002127404355E-03, -1.993471619214284E-03, -1.146955551395808E-03,  5.686964287260761E-02,  9.846673425492872E+00, -4.913187598309645E-03

2478208.500000000, A.D. 2073-Jan-01, -6.730711319993423E+00, -7.234897133332161E+00,  3.937274969393832E-01,  1.906536066414132E-03,  6.414616000932141E-04, -2.572737323145443E-03,  5.711670310403635E-02,  9.889450578512017E+00, -1.869285847136761E-03

2478389.500000000, A.D. 2073-Jul-01, -6.018092747165380E+00, -7.889468746439394E+00,  3.758765272255736E-01, -8.907611697613406E-04, -1.552256382487350E-03, -1.214958626006313E-03,  5.735018179834012E-02,  9.929876161274505E+00,  1.727160222713696E-03

2478573.500000000, A.D. 2074-Jan-01, -5.228784448627612E+00, -8.478979228212271E+00,  3.543145263114144E-01,  1.827858695849364E-03, -6.874111832969472E-03,  2.063177126465451E-03,  5.756972658095104E-02,  9.967889162015217E+00,  4.961831451311143E-03

2478754.500000000, A.D. 2074-Jul-01, -4.398088507111578E+00, -8.970668404147885E+00,  3.303047410398984E-01,  6.339212397117471E-03, -6.865445585743299E-03,  2.377358700449694E-03,  5.773357171562037E-02,  9.996258067673001E+00,  3.450538313929582E-03

2478938.500000000, A.D. 2075-Jan-01, -3.509515832476295E+00, -9.376170019799080E+00,  3.030036591506797E-01,  9.957803147656184E-03, -1.326365527264915E-03, -4.757848199854112E-04,  5.784782826621408E-02,  1.001604097615617E+01, -2.261872101631869E-03

2479119.500000000, A.D. 2075-Jul-01, -2.605487511674441E+00, -9.686107009622162E+00,  2.721998246852802E-01,  7.819506333086658E-03,  2.224110514477580E-03, -2.310520083469688E-03,  5.795217571938593E-02,  1.003410817760611E+01, -4.240089996176891E-03

2479303.500000000, A.D. 2076-Jan-01, -1.663977299916101E+00, -9.909819844315535E+00,  2.372003386313400E-01,  1.425217452867464E-03,  1.982666043892431E-03, -1.996737005286376E-03,  5.805174956690572E-02,  1.005134885485888E+01, -2.237811045466788E-03

2479485.500000000, A.D. 2076-Jul-01, -7.132003545280665E-01, -1.004041366911021E+01,  2.027242625706288E-01,  9.904291074621905E-03, -5.132525452944024E-03,  1.458532053794503E-03,  5.814649431693329E-02,  1.006775339980022E+01,  4.446336026164005E-03

2479669.500000000, A.D. 2077-Jan-01,  2.665362035222214E-01, -1.006625585921063E+01,  1.637507250994366E-01,  1.077649877147591E-02,  3.619201283707833E-03, -2.050909219391132E-03,  5.816591088548378E-02,  1.007111527442969E+01, -3.365597156436419E-03

2479850.500000000, A.D. 2077-Jul-01,  1.220273871191761E+00, -9.990778312525013E+00,  1.237364010286672E-01,  5.962507473785530E-03,  6.761203432861052E-03, -2.869050769081114E-03,  5.813512654560491E-02,  1.006578513120924E+01, -6.023255789069567E-03

2480034.500000000, A.D. 2078-Jan-01,  2.169007897149881E+00, -9.815806344450888E+00,  8.228958700211926E-02, -1.434314887399599E-03,  2.676617153705775E-03, -5.105184183011816E-04,  5.806088708415465E-02,  1.005293096692650E+01, -2.927127064076130E-03

2480215.500000000, A.D. 2078-Jul-01,  3.083888245767064E+00, -9.557214924023835E+00,  4.163397352836665E-02, -5.201542321146025E-04, -1.670176934682423E-03,  1.519273907691103E-03,  5.800083002749203E-02,  1.004253240991116E+01,  1.436031792033395E-03

2480399.500000000, A.D. 2079-Jan-01,  3.989445358154777E+00, -9.206758547210741E+00,  4.538750083489126E-04,  8.014821055264000E-03, -3.163823186897544E-03,  1.954958210049213E-03,  5.795124052380513E-02,  1.003394625351079E+01,  6.089741023726405E-03

2480580.500000000, A.D. 2079-Jul-01,  4.845742790969992E+00, -8.765123499263655E+00, -4.105623206798778E-02,  1.109151061817870E-02,  1.115488000730930E-03,  1.527870136901126E-04,  5.784472072087619E-02,  1.001550292136013E+01,  4.389489476140250E-03

2480764.500000000, A.D. 2080-Jan-01,  5.668476661070583E+00, -8.220371862555428E+00, -8.387564006336551E-02,  6.556926871710416E-03,  8.693431888416680E-03, -2.739608701648789E-03,  5.767229607097359E-02,  9.985648518688755E+00, -3.411462905670631E-03

2480946.500000000, A.D. 2080-Jul-01,  6.411902413444823E+00, -7.601106427375652E+00, -1.246508467542752E-01,  1.175373631821999E-04, -6.505054053622263E-04,  2.499253953653699E-03,  5.743805953500249E-02,  9.945091719709154E+00,  5.416405349130295E-04

2481130.500000000, A.D. 2081-Jan-01,  7.101811523002593E+00, -6.909706755969658E+00, -1.624314323933122E-01,  8.091945309466686E-03, -3.283426219132395E-04,  9.846276609803059E-04,  5.723482086258785E-02,  9.909902034428720E+00,  6.011793758087469E-03

2481311.500000000, A.D. 2081-Jul-01,  7.716101591309132E+00, -6.157172479900236E+00, -2.000658523887168E-01,  9.532418588228887E-03,  4.313656660322798E-03, -1.315117299876473E-03,  5.702546375220411E-02,  9.873652974453588E+00,  4.786100174559344E-03

2481495.500000000, A.D. 2082-Jan-01,  8.265793956198332E+00, -5.322655658012926E+00, -2.382508586652143E-01,  3.130486093310333E-03,  1.055421082904198E-02, -2.923655756640838E-03,  5.679739295079573E-02,  9.834163739320013E+00, -3.010313255430897E-03

2481676.500000000, A.D. 2082-Jul-01,  8.713447409697661E+00, -4.443415928347566E+00, -2.720445176453222E-01, -2.284210857788000E-03,  9.422995734945781E-03, -1.432739259026959E-03,  5.651223512079436E-02,  9.784790191590243E+00, -6.273396819027313E-03

2481860.500000000, A.D. 2083-Jan-01,  9.067224897597100E+00, -3.502578876980001E+00, -3.015956795743426E-01, -3.517841923421950E-03,  1.814868297364285E-03,  2.193043355620397E-03,  5.616631033143440E-02,  9.724895171003601E+00, -4.001605668091691E-03

2482041.500000000, A.D. 2083-Jul-01,  9.321858744448409E+00, -2.547677715967459E+00, -3.271487850423695E-01,  6.031008496845426E-04, -5.447464574312760E-04,  2.594532988465949E-03,  5.584503305277383E-02,  9.669267734603336E+00,  6.371796907524311E-04

2482225.500000000, A.D. 2084-Jan-01,  9.484501742265227E+00, -1.555075338937824E+00, -3.501183249356212E-01,  7.106333888439469E-03,  3.994738284751646E-03, -4.477040161064692E-04,  5.554614039326491E-02,  9.617516074863635E+00,  6.378431401264950E-03

2482407.500000000, A.D. 2084-Jul-01,  9.543120707621055E+00, -5.445738636461445E-01, -3.726513490944057E-01, -4.649321522753807E-03,  6.575234520066097E-03, -4.100190110313967E-05,  5.524807299483855E-02,  9.565907304650937E+00, -5.010968267493539E-03

2482591.500000000, A.D. 2085-Jan-01,  9.489214609139655E+00,  4.837199758141396E-01, -3.873229082512967E-01, -2.177697848599737E-03,  1.724231913467748E-03,  2.713163762382593E-03,  5.492186876963490E-02,  9.509426793901266E+00, -2.195870240269805E-03

2482772.500000000, A.D. 2085-Jul-01,  9.325830886853126E+00,  1.486600687057641E+00, -3.969472612233239E-01,  1.095101758279459E-03,  1.696119699618843E-03,  2.045322350748222E-03,  5.458970019041109E-02,  9.451913587265635E+00,  1.261363775374484E-03

2482956.500000000, A.D. 2086-Jan-01,  9.049066262086546E+00,  2.484327237394139E+00, -4.025099859038235E-01,  2.802102012273174E-03,  6.480018681991776E-03, -1.598413652944464E-03,  5.424669123112064E-02,  9.392523427005317E+00,  4.482104460719847E-03

2483137.500000000, A.D. 2086-Jul-01,  8.674337666424696E+00,  3.436677790592944E+00, -4.049681839858527E-01, -4.815123579466516E-04,  8.973182211566491E-03, -2.779324262443371E-03,  5.393817373972462E-02,  9.339105279283975E+00,  2.975303554501586E-03

2483321.500000000, A.D. 2087-Jan-01,  8.191369338134825E+00,  4.364927734418587E+00, -4.036848278650845E-01, -7.176508952783028E-03,  7.487823049430870E-03, -7.251764518550563E-04,  5.365766969043676E-02,  9.290537508706393E+00, -2.777975562390478E-03

2483502.500000000, A.D. 2087-Jul-01,  7.613054477518527E+00,  5.227448428882028E+00, -3.955550838617790E-01, -8.242848017656890E-03,  3.668837944026554E-03,  1.574999364160404E-03,  5.338568726485568E-02,  9.243445211535306E+00, -4.781506013842080E-03

2483686.500000000, A.D. 2088-Jan-01,  6.925295352933698E+00,  6.039153568437143E+00, -3.802498937124091E-01, -3.258383907239858E-03, -3.225512175313980E-04,  2.662652522681511E-03,  5.311457608947699E-02,  9.196503766660483E+00, -2.775585293459022E-03

2483868.500000000, A.D. 2088-Jul-01,  6.161353419741957E+00,  6.762690444521130E+00, -3.627813153314269E-01, -7.003697837543797E-03,  7.992965303780450E-03, -2.239473958993066E-03,  5.287923673052992E-02,  9.155756019801801E+00,  1.279428126332130E-03

2484052.500000000, A.D. 2089-Jan-01,  5.305627986978514E+00,  7.401085043758699E+00, -3.406175163432887E-01, -9.816518638293902E-03,  1.730954698647044E-03,  8.886253313231850E-04,  5.263071393997860E-02,  9.112725632520615E+00, -4.342776907770944E-03

2484233.500000000, A.D. 2089-Jul-01,  4.400695469096334E+00,  7.935906565756879E+00, -3.135489283335987E-01, -7.168279795447780E-03, -1.578579500077019E-03,  2.515475671521572E-03,  5.244063992763726E-02,  9.079815337472855E+00, -4.940805387548028E-03

2484417.500000000, A.D. 2090-Jan-01,  3.426575373874967E+00,  8.378680013173042E+00, -2.810748871064114E-01, -9.620352581416445E-04, -2.574086412003241E-04,  1.616402279146310E-03,  5.230678159136967E-02,  9.056638485009417E+00, -6.522906991924879E-04

2484598.500000000, A.D. 2090-Jul-01,  2.418812425815430E+00,  8.705954725145546E+00, -2.460485757722012E-01, -7.154556760437565E-04,  2.768291868560535E-03, -4.681051304868634E-04,  5.220533194803116E-02,  9.039073023778638E+00,  2.487561184189895E-03

2484782.500000000, A.D. 2091-Jan-01,  1.356923983738717E+00,  8.921220439890677E+00, -2.080326493019303E-01, -6.655553816644777E-03,  5.174508608220254E-03, -2.392223370212049E-03,  5.213111408775326E-02,  9.026222599622953E+00,  4.168910251579084E-03

2484963.500000000, A.D. 2091-Jul-01,  2.961882818388576E-01,  9.010653119207333E+00, -1.680818956176907E-01, -1.014260964789994E-02,  2.633763446546946E-03, -1.279994672625487E-03,  5.207834828343103E-02,  9.017086483815820E+00,  2.322585089812919E-03

2485147.500000000, A.D. 2092-Jan-01, -7.825274565308190E-01,  8.977161483423764E+00, -1.249498850369821E-01, -9.111492209445800E-03, -3.612522594252726E-03,  2.168588130556686E-03,  5.204937046114828E-02,  9.012069129420974E+00, -2.837436146754707E-03

2485329.500000000, A.D. 2092-Jul-01, -1.833269723502674E+00,  8.826869089893426E+00, -7.900174192940358E-02, -7.569043447202568E-04,  2.965242952190810E-03, -1.842305040131063E-03,  5.206966496663130E-02,  9.015583014118135E+00,  3.073230698605743E-03

2485513.500000000, A.D. 2093-Jan-01, -2.879520258047940E+00,  8.565706022878219E+00, -3.375213513698724E-02, -9.662528212506493E-03,  3.229464229832963E-03, -1.648446306366760E-03,  5.219231320271830E-02,  9.036818897903563E+00,  6.146158968772271E-03

2485694.500000000, A.D. 2093-Jul-01, -3.874970009392225E+00,  8.187816217760354E+00,  1.239230929602460E-02, -1.210416775526860E-02, -1.651910628257449E-03,  3.425247689288939E-04,  5.231736011931454E-02,  9.058470100344667E+00,  3.685168765925403E-03

2485878.500000000, A.D. 2094-Jan-01, -4.835574641656542E+00,  7.685518892202543E+00,  6.024356494214537E-02, -6.409465651567299E-03, -8.871731609723703E-03,  2.859141968120711E-03,  5.244400008296331E-02,  9.080397130332512E+00, -4.076712272121042E-03

2486059.500000000, A.D. 2094-Jul-01, -5.709543858163417E+00,  7.093561130756816E+00,  1.059116730846711E-01, -7.254212158175894E-04, -8.514251470438165E-03,  2.203383426306783E-03,  5.259487679674121E-02,  9.106520623518684E+00, -6.151765018906109E-03

2486243.500000000, A.D. 2095-Jan-01, -6.516838006115276E+00,  6.404334760491746E+00,  1.500049223062085E-01,  1.583673268712410E-03, -1.198290465600082E-03, -1.215336845971172E-03,  5.277799442544911E-02,  9.138226458077490E+00, -1.989127980288878E-03

2486424.500000000, A.D. 2095-Jul-01, -7.235614537054709E+00,  5.647852310067477E+00,  1.912114567934964E-01, -2.235672840027336E-03,  1.395291378800414E-03, -2.363645888495553E-03,  5.302445324724109E-02,  9.180899480245987E+00,  2.571089076346110E-03

2486608.500000000, A.D. 2096-Jan-01, -7.882355000485767E+00,  4.806325498023765E+00,  2.308210728898670E-01, -9.398411690723849E-03, -2.682137634533700E-03, -5.156136150794730E-04,  5.333701764321684E-02,  9.235018327774254E+00,  6.613021677870583E-03

2486790.500000000, A.D. 2096-Jul-01, -8.421331209117039E+00,  3.900566214034326E+00,  2.700867543169034E-01,  2.335029453297846E-03, -8.821574361486381E-03,  1.036118664414284E-03,  5.362411954837431E-02,  9.284728481682821E+00, -5.793745018740840E-03

2486974.500000000, A.D. 2097-Jan-01, -8.848723166556427E+00,  2.939271353976801E+00,  3.026710255663364E-01,  2.424788553147804E-03, -1.373294750954008E-03, -2.405665194802330E-03,  5.387999206899181E-02,  9.329031435276569E+00, -2.810676960398553E-03

2487155.500000000, A.D. 2097-Jul-01, -9.165958819854092E+00,  1.965218372584005E+00,  3.309817614036314E-01, -1.852348806054346E-03,  3.689821474367748E-04, -2.459862090300110E-03,  5.417498791342129E-02,  9.380108382400739E+00,  1.800567029249831E-03

2487339.500000000, A.D. 2098-Jan-01, -9.384344055775106E+00,  9.566101769418216E-01,  3.565960111538184E-01, -7.400649658738429E-03, -4.912189231538693E-03,  9.082176513671142E-04,  5.451923412303652E-02,  9.439712765914068E+00,  6.893754167035584E-03

2487520.500000000, A.D. 2098-Jul-01, -9.492688161944503E+00, -5.441063299039088E-02,  3.792194412137324E-01, -4.929348794884712E-03, -9.537979988281577E-03,  2.652801545078669E-03,  5.486982441418262E-02,  9.500415593093715E+00,  5.085854605624792E-03

2487704.500000000, A.D. 2099-Jan-01, -9.491507356383242E+00, -1.089784278069510E+00,  3.986806969650554E-01,  4.411600365377379E-03, -1.049965644495092E-02,  1.637786070253463E-03,  5.522654636614760E-02,  9.562180084433528E+00, -3.114083069724932E-03

2487885.500000000, A.D. 2099-Jul-01, -9.375806296168136E+00, -2.092804543773005E+00,  4.113394716341776E-01,  7.502695174135610E-03, -6.214357705621197E-03, -6.427653633576739E-04,  5.553357585885293E-02,  9.615340593168153E+00, -5.990716066242320E-03

2488069.500000000, A.D. 2100-Jan-01, -9.147208365330748E+00, -3.082444362791187E+00,  4.176318590118790E-01,  2.733508900097195E-03,  6.185177840067833E-04, -2.748612141084184E-03,  5.580098281985650E-02,  9.661640673205650E+00, -2.904106153551142E-03
