epoch, x, y, z, vx, vy, vz
A.D. 1950-Jan-01, -1.827171266862873E-01,  9.661172312381214E-01,  1.080375070699130E-04, -1.717965811945085E-02, -3.263562355384877E-03, -9.476906870595645E-07
A.D. 1950-Jul-01,  1.641888004065594E-01, -1.003320189483615E+00, -1.100063245770704E-04,  1.669107411639349E-02,  2.712104779492790E-03,  2.421154090042352E-07
A.D. 1951-Jan-01, -1.782236259189635E-01,  9.670105826751138E-01,  1.077944508843180E-04, -1.720103330697528E-02, -3.176122764707428E-03,  1.006292939102693E-07
A.D. 1951-Jul-01,  1.599140525476223E-01, -1.004070137630749E+00, -1.135706870904738E-04,  1.671559795747015E-02,  2.638839080618257E-03,  3.182460242929391E-07
A.D. 1952-Jan-01, -1.739207822218616E-01,  9.678096168374488E-01,  1.027811027145407E-04, -1.721803357967917E-02, -3.112720999724004E-03, -1.137724438496040E-06
A.D. 1952-Jul-01,  1.723393366743949E-01, -1.002005898828671E+00, -1.030934045243640E-04,  1.667239730157313E-02,  2.858222528468929E-03,  7.993280216780949E-07
A.D. 1953-Jan-01, -1.866674764949144E-01,  9.653673729270273E-01,  9.927953396535931E-05, -1.716580249927491E-02, -3.327485180433850E-03,  7.277364230098756E-08
A.D. 1953-Jul-01,  1.679684922213159E-01, -1.002685409311727E+00, -1.029611422075589E-04,  1.668423310790852E-02,  2.772749538815087E-03, -1.712416624596060E-07
A.D. 1954-Jan-01, -1.822858332279270E-01,  9.662788299303855E-01,  1.001139145338644E-04, -1.719231258689486E-02, -3.248957319997844E-03, -8.214239713031321E-07
A.D. 1954-Jul-01,  1.636968052975565E-01, -1.003425569112449E+00, -1.013267928966905E-04,  1.670730306882633E-02,  2.708218794949894E-03,  1.122227057234769E-06
A.D. 1955-Jan-01, -1.778895650911447E-01,  9.670659550683703E-01,  9.304404507255049E-05, -1.720120004667065E-02, -3.183510253050812E-03, -5.467418445968313E-07
A.D. 1955-Jul-01,  1.594993408416962E-01, -1.004076897596629E+00, -9.779308586264463E-05,  1.670558265217515E-02,  2.639146476183916E-03, -7.678091045198208E-08
A.D. 1956-Jan-01, -1.734116962566910E-01,  9.678478339970628E-01,  9.768033911933828E-05, -1.721033200603883E-02, -3.093228755527109E-03, -1.244688494415904E-07
A.D. 1956-Jul-01,  1.718191777957042E-01, -1.002093372055616E+00, -1.005374564479175E-04,  1.667703954066867E-02,  2.837712439257171E-03,  7.654997892686651E-07
A.D. 1957-Jan-01, -1.862980837944009E-01,  9.655121485277118E-01,  9.124218369562779E-05, -1.718022688938696E-02, -3.324006156904135E-03, -9.545124066414244E-07
A.D. 1957-Jul-01,  1.675542884229340E-01, -1.002826098989059E+00, -9.322407314383616E-05,  1.669307157941169E-02,  2.777596267186738E-03,  3.829398531570215E-07
A.D. 1958-Jan-01, -1.819038837227271E-01,  9.663101168577329E-01,  9.176417504156228E-05, -1.718323325484694E-02, -3.250440506031717E-03,  1.510101286011177E-07
A.D. 1958-Jul-01,  1.633522546849034E-01, -1.003445059534058E+00, -9.521872185396440E-05,  1.669318122261930E-02,  2.699853144697639E-03,  9.998770329804072E-08
A.D. 1959-Jan-01, -1.774303522416750E-01,  9.671462947781060E-01,  8.980493369352565E-05, -1.720157152261153E-02, -3.161348303782166E-03, -1.011118837216526E-06
A.D. 1959-Jul-01,  1.590546461606576E-01, -1.004190595112060E+00, -9.010414018006465E-05,  1.671672757304817E-02,  2.622634471629116E-03,  8.784475275283794E-07
A.D. 1960-Jan-01, -1.730923476127742E-01,  9.679324807646977E-01,  8.357071908815946E-05, -1.722315977413188E-02, -3.096614539742639E-03,  8.847643345158268E-09
A.D. 1960-Jul-01,  1.715069060594091E-01, -1.002160663356792E+00, -8.863154802368082E-05,  1.667725603174334E-02,  2.844746959441125E-03, -2.254691546070207E-07
A.D. 1961-Jan-01, -1.858092865701518E-01,  9.655010381451329E-01,  8.755875852471054E-05, -1.716903067502724E-02, -3.315170140497606E-03, -6.425804983450551E-07
A.D. 1961-Jul-01,  1.671639244617496E-01, -1.002829554985097E+00, -8.646025451753848E-05,  1.668437348940521E-02,  2.760587288894448E-03,  1.031517996161680E-06
A.D. 1962-Jan-01, -1.813656797289010E-01,  9.664313671829439E-01,  7.933212653323217E-05, -1.719361105107545E-02, -3.232158958027781E-03, -5.759946283942843E-07
A.D. 1962-Jul-01,  1.629076661421641E-01, -1.003576199674603E+00, -8.306981172071338E-05,  1.670895650289588E-02,  2.692475286511324E-03, -1.092393525251847E-07
A.D. 1963-Jan-01, -1.769797493139716E-01,  9.672540141563527E-01,  8.111573492595858E-05, -1.720586863285821E-02, -3.167844081453436E-03,  8.689086642148019E-08
A.D. 1963-Jul-01,  1.587325872143128E-01, -1.004223120068855E+00, -8.451934145082842E-05,  1.670905352247713E-02,  2.626889671797718E-03,  4.714282193516713E-07
A.D. 1964-Jan-01, -1.725095479753103E-01,  9.680246108021233E-01,  7.609795806343513E-05, -1.721130323096849E-02, -3.079191046149092E-03, -1.050479413710213E-06
A.D. 1964-Jul-01,  1.710272539212614E-01, -1.002209390112954E+00, -7.607353764015512E-05,  1.667732112321567E-02,  2.823449630637909E-03,  5.034166225281466E-07
A.D. 1965-Jan-01, -1.853778549847039E-01,  9.656948532925391E-01,  7.460909601698062E-05, -1.718314993556189E-02, -3.305714406620459E-03,  2.233195069550320E-07
A.D. 1965-Jul-01,  1.667227479805013E-01, -1.002942279987696E+00, -7.932294791243253E-05,  1.669772793978762E-02,  2.761578790900015E-03, -9.508224047009756E-08
A.D. 1966-Jan-01, -1.809708034525210E-01,  9.664989783831840E-01,  7.608538616027521E-05, -1.718837613361932E-02, -3.235675630210117E-03, -8.862872978941415E-07
A.D. 1966-Jul-01,  1.624922587790875E-01, -1.003552852578630E+00, -7.434060481273873E-05,  1.669666031705083E-02,  2.687565267569188E-03,  9.221590931419452E-07
A.D. 1967-Jan-01, -1.764714834104712E-01,  9.673276665382636E-01,  6.973368878830579E-05, -1.720225152506785E-02, -3.145560243603508E-03, -1.179638309387604E-07
A.D. 1967-Jul-01,  1.581516201297882E-01, -1.004297413419752E+00, -7.426687203677756E-05,  1.671745154402223E-02,  2.606685016702020E-03, -2.854616507407111E-07
A.D. 1968-Jan-01, -1.721485016172273E-01,  9.681375704425053E-01,  7.189710966876996E-05, -1.722647700461035E-02, -3.078333435709260E-03, -2.381346949217852E-07
A.D. 1968-Jul-01,  1.705949881486748E-01, -1.002312084571417E+00, -7.252105024935710E-05,  1.668210625517171E-02,  2.829501483227301E-03,  8.054192339491066E-07
A.D. 1969-Jan-01, -1.849409780950561E-01,  9.657129074140511E-01,  6.499355153492929E-05, -1.717162831605736E-02, -3.301542518726694E-03, -5.600180710528866E-07
A.D. 1969-Jul-01,  1.662687096899675E-01, -1.002970038238046E+00, -6.463459912893331E-05,  1.668534851631701E-02,  2.747269651271722E-03, -6.902757179697794E-08
A.D. 1970-Jan-01, -1.805335093876884E-01,  9.665959914157644E-01,  6.475660836672264E-05, -1.719386906333573E-02, -3.215813379709958E-03,  2.287120680432645E-07
A.D. 1970-Jul-01,  1.620130760928956E-01, -1.003716419870340E+00, -6.789716080017418E-05,  1.671066999581931E-02,  2.675171125195048E-03,  2.881008349961922E-07
A.D. 1971-Jan-01, -1.761736440461492E-01,  9.673900643700960E-01,  6.032966344325004E-05, -1.721104161247038E-02, -3.152288117762360E-03, -9.917788796389175E-07
A.D. 1971-Jul-01,  1.578670849548776E-01, -1.004374829216616E+00, -5.989169675217010E-05,  1.671363653865180E-02,  2.613033968597633E-03,  6.250279960071740E-07
A.D. 1972-Jan-01, -1.716685217721893E-01,  9.681286362980296E-01,  5.831809837423402E-05, -1.721417016004574E-02, -3.066765579357387E-03,  2.876360719625453E-07
A.D. 1972-Jul-01,  1.701930008995718E-01, -1.002354881200700E+00, -6.280275433170562E-05,  1.667754082528471E-02,  2.810034642900651E-03, -2.409331417520144E-07
A.D. 1973-Jan-01, -1.844758943255385E-01,  9.658210912215623E-01,  6.076754657023695E-05, -1.718598692689791E-02, -3.288838537354130E-03, -7.566194501725081E-07
A.D. 1973-Jul-01,  1.659231367167993E-01, -1.003101316487472E+00, -6.032989816975329E-05,  1.670059843639074E-02,  2.745981931299997E-03,  9.857204333289341E-07
A.D. 1974-Jan-01, -1.800500561976197E-01,  9.666696248678603E-01,  5.503203109993757E-05, -1.719360213125890E-02, -3.221098235873791E-03, -2.356451427007318E-07
A.D. 1974-Jul-01,  1.617416862543012E-01, -1.003705333423664E+00, -5.739478673914453E-05,  1.669924931940536E-02,  2.676254063015396E-03, -3.608727757651230E-07
A.D. 1975-Jan-01, -1.755509160135892E-01,  9.674984375777012E-01,  5.746758646723092E-05, -1.720280884305978E-02, -3.130961158132855E-03,  1.086159056621309E-09
A.D. 1975-Jul-01,  1.574110279587737E-01, -1.004413517843009E+00, -5.910761622662440E-05,  1.671687817492410E-02,  2.592726537852859E-03,  5.362942765004250E-07
A.D. 1976-Jan-01, -1.712290495541729E-01,  9.683202934216927E-01,  4.899644873102635E-05, -1.722913362282132E-02, -3.060048607252664E-03, -7.247913186855008E-07
A.D. 1976-Jul-01,  1.698318931421712E-01, -1.002432662386286E+00, -4.915913621907090E-05,  1.668674072786477E-02,  2.814872982088898E-03,  7.558554146646122E-08
A.D. 1977-Jan-01, -1.840351322523545E-01,  9.659044372839699E-01,  5.020187871254791E-05, -1.717574663735516E-02, -3.287506714071588E-03,  3.272259551835501E-07
A.D. 1977-Jul-01,  1.654840752277224E-01, -1.003058512096516E+00, -5.084200690043096E-05,  1.668780960714859E-02,  2.735805133235255E-03,  3.961694320794183E-08
A.D. 1978-Jan-01, -1.795999468106128E-01,  9.667726718944781E-01,  4.713916299463679E-05, -1.719449924113095E-02, -3.199619936723162E-03, -8.427951771260138E-07
A.D. 1978-Jul-01,  1.611559484246795E-01, -1.003803273853062E+00, -4.585226994744320E-05,  1.671251710316945E-02,  2.659269864064322E-03,  6.234560194007215E-07
A.D. 1979-Jan-01, -1.752212664047915E-01,  9.675971937747850E-01,  4.265565726764414E-05, -1.721540682750765E-02, -3.134833520323033E-03,  2.720309713998631E-07
A.D. 1979-Jul-01,  1.569728522464292E-01, -1.004490099219500E+00, -4.619581953889393E-05,  1.671887184182963E-02,  2.598599468336486E-03, -3.849512177539157E-07
A.D. 1980-Jan-01, -1.707734306186780E-01,  9.683338493924860E-01,  4.599302377607816E-05, -1.721624023939060E-02, -3.053325571511187E-03, -4.475763454787551E-07
A.D. 1980-Jul-01,  1.692812395710282E-01, -1.002483674142863E+00, -4.426854051950685E-05,  1.667832369179423E-02,  2.796301978859578E-03,  8.630386604516836E-07
A.D. 1981-Jan-01, -1.836152114337665E-01,  9.660265738241621E-01,  3.839925147895078E-05, -1.718649173665581E-02, -3.271464520875240E-03, -2.198308469633366E-07
A.D. 1981-Jul-01,  1.649834322999867E-01, -1.003245945753435E+00, -4.034888526694193E-05,  1.670334453147564E-02,  2.727998080204509E-03, -3.836262942685292E-07
A.D. 1982-Jan-01, -1.792433453462828E-01,  9.668513167706041E-01,  4.184888447797312E-05, -1.719820435209760E-02, -3.205854754951992E-03,  1.783258372481112E-07
A.D. 1982-Jul-01,  1.608319267030298E-01, -1.003857504740864E+00, -4.152307141086723E-05,  1.670332661437812E-02,  2.662347278845206E-03,  4.255426387609936E-07
A.D. 1983-Jan-01, -1.747607708901164E-01,  9.676166904771849E-01,  3.550358141992372E-05, -1.720433705264756E-02, -3.117980338392366E-03, -8.184771996209045E-07
A.D. 1983-Jul-01,  1.565039315269785E-01, -1.004551567355607E+00, -3.491008627959721E-05,  1.671695495984792E-02,  2.577843798130881E-03,  3.016305733309566E-07
A.D. 1984-Jan-01, -1.703746886504123E-01,  9.684222057630427E-01,  3.379605907840754E-05, -1.723217132718750E-02, -3.043067944709306E-03,  4.906511273973712E-07
A.D. 1984-Jul-01,  1.689468994626669E-01, -1.002608786208343E+00, -3.705725344050713E-05,  1.669067463751369E-02,  2.798820171494176E-03, -1.978763772450591E-07
A.D. 1985-Jan-01, -1.831440543719472E-01,  9.660378620566467E-01,  3.471772146877485E-05, -1.718123009589546E-02, -3.274116252512513E-03, -7.155814548260322E-07
A.D. 1985-Jul-01,  1.646664438952257E-01, -1.003231234705616E+00, -3.045216549975985E-05,  1.668974471001889E-02,  2.724250741613659E-03,  7.129441274940822E-07
A.D. 1986-Jan-01, -1.786728058213142E-01,  9.669132992349685E-01,  2.761216733405808E-05, -1.719542815487540E-02, -3.184564211383629E-03,  1.726992196448752E-07
A.D. 1986-Jul-01,  1.603696619264100E-01, -1.003960371671784E+00, -3.089345344323977E-05,  1.671204060439772E-02,  2.644168017687499E-03, -4.859862672357561E-07
A.D. 1987-Jan-01, -1.742717532191145E-01,  9.677675690432693E-01,  2.893974840404535E-05, -1.721950554903810E-02, -3.116773398806121E-03, -1.844118149030143E-07
A.D. 1987-Jul-01,  1.562236536011142E-01, -1.004639566400178E+00, -2.833717280567143E-05,  1.672270483866137E-02,  2.584218837791368E-03,  6.152127380338328E-07
A.D. 1988-Jan-01, -1.698618259214660E-01,  9.684976780981622E-01,  2.168891240067902E-05, -1.721986159109930E-02, -3.039357474512076E-03, -3.811523307883455E-07
A.D. 1988-Jul-01,  1.685491519821188E-01, -1.002597554372619E+00, -2.226262555851301E-05,  1.667923518144287E-02,  2.784513675472355E-03, -3.012663997739187E-07
A.D. 1989-Jan-01, -1.826783804516540E-01,  9.661922673955284E-01,  2.435987003819353E-05, -1.718764902048272E-02, -3.254154486781666E-03,  2.926570664996717E-07
A.D. 1989-Jul-01,  1.641984232018790E-01, -1.003339020430592E+00, -2.560560024161570E-05,  1.670566009167680E-02,  2.712085510406488E-03,  2.712290295587101E-07
A.D. 1990-Jan-01, -1.782879230367133E-01,  9.670383943083732E-01,  2.151535023612488E-05, -1.720340237624370E-02, -3.189178957018110E-03, -7.864963237700804E-07
A.D. 1990-Jul-01,  1.600304167364298E-01, -1.003956816191134E+00, -1.875564263735880E-05,  1.670830286215131E-02,  2.649800412695100E-03,  2.972354149694558E-07
A.D. 1991-Jan-01, -1.738188942201350E-01,  9.678105841927310E-01,  1.980144727752588E-05, -1.720592681904446E-02, -3.104440383866019E-03,  5.752760680044740E-07
A.D. 1991-Jul-01,  1.556617687952115E-01, -1.004640324964675E+00, -2.268036039149764E-05,  1.671759539907090E-02,  2.564885144037454E-03, -4.446125286975042E-07
A.D. 1992-Jan-01, -1.694515475007744E-01,  9.686274562018610E-01,  1.978124107067197E-05, -1.723285814669118E-02, -3.025415644349696E-03, -5.048256605144529E-07
A.D. 1992-Jul-01,  1.680755271743554E-01, -1.002732025046784E+00, -1.666899301623742E-05,  1.669448443237756E-02,  2.782453977455001E-03,  7.251829151524635E-07
A.D. 1993-Jan-01, -1.823039172493200E-01,  9.662627866477660E-01,  1.341830578354151E-05, -1.718526727244891E-02, -3.259690304008314E-03,  1.579018786522716E-07
A.D. 1993-Jul-01,  1.638014301898023E-01, -1.003357300076369E+00, -1.266364973762511E-05,  1.669332621913457E-02,  2.711548342899394E-03, -6.171199243096046E-07
A.D. 1994-Jan-01, -1.778799516508193E-01,  9.670829512278080E-01,  1.464055467222435E-05, -1.719564072360691E-02, -3.170627057175844E-03,  9.552899697679836E-08
A.D. 1994-Jul-01,  1.594865706430055E-01, -1.004072757099459E+00, -1.356898802252362E-05,  1.671246942403989E-02,  2.628537823430329E-03,  4.862390166050506E-07
A.D. 1995-Jan-01, -1.734805723118438E-01,  9.679011354356265E-01,  6.786974205064379E-06, -1.722282407753672E-02, -3.099927361777205E-03, -4.991674954459647E-07
A.D. 1995-Jul-01,  1.553268753459008E-01, -1.004780429342333E+00, -5.852351783005099E-06,  1.672708640367928E-02,  2.568223284815387E-03, -4.863758378299067E-08
A.D. 1996-Jan-01, -1.690329588080477E-01,  9.686184799875989E-01,  9.157908261662859E-06, -1.722457319243429E-02, -3.026462901247872E-03,  5.013793027516244E-07
A.D. 1996-Jul-01,  1.676787264559207E-01, -1.002752423303158E+00, -1.040262491705754E-05,  1.668077902141701E-02,  2.772376839616569E-03,  6.383210580051710E-09
A.D. 1997-Jan-01, -1.817875001379508E-01,  9.663192799152239E-01,  7.406511250151157E-06, -1.718865871015949E-02, -3.238805453586631E-03, -6.619310522038195E-07
A.D. 1997-Jul-01,  1.633494765454823E-01, -1.003501557706110E+00, -4.707822089856095E-06,  1.670613865589365E-02,  2.696206858435783E-03,  3.799459799866753E-07
A.D. 1998-Jan-01, -1.773630586891533E-01,  9.672056841283097E-01,  4.715503710653090E-06, -1.720809541394079E-02, -3.172419930149534E-03,  5.198639682477214E-07
A.D. 1998-Jul-01,  1.592243700926847E-01, -1.004130472437516E+00, -5.946934496175164E-06,  1.671213702948159E-02,  2.636042273323094E-03, -5.424822283717591E-07
A.D. 1999-Jan-01, -1.729023850523849E-01,  9.679813733427356E-01,  5.209238706273695E-06, -1.720850617940044E-02, -3.090850117152781E-03, -3.503679720601280E-07
A.D. 1999-Jul-01,  1.548817723076584E-01, -1.004773779243054E+00, -2.853499044553786E-06,  1.671772765276808E-02,  2.552161105706504E-03,  6.217401950891582E-07
A.D. 2000-Jan-01, -1.685246489174994E-01,  9.687833048228511E-01, -4.120973411164002E-06, -1.723394583068879E-02, -3.007660259271770E-03,  3.562931614778906E-08
A.D. 2000-Jul-01,  1.672682706979956E-01, -1.002858998875148E+00,  3.173045667898579E-06,  1.669746586622904E-02,  2.765690220876410E-03, -6.560365585695316E-07
A.D. 2001-Jan-01, -1.813703728254379E-01,  9.664441096858954E-01,  3.024178748157538E-07, -1.719089163653066E-02, -3.243486784129961E-03,  2.766787846927653E-07
A.D. 2001-Jul-01,  1.629837155437337E-01, -1.003470129253557E+00,  3.194870990569208E-06,  1.669777312166885E-02,  2.698873775586193E-03,  3.764706634418580E-07
A.D. 2002-Jan-01, -1.769199577577902E-01,  9.672507347698134E-01, -7.072877391461915E-06, -1.719725026996356E-02, -3.155940897394774E-03, -5.544945660370845E-07
A.D. 2002-Jul-01,  1.586390594262999E-01, -1.004165651663114E+00,  8.846840720370958E-06,  1.671293236592781E-02,  2.614388012675783E-03, -3.070586581583188E-08
A.D. 2003-Jan-01, -1.725157948354683E-01,  9.680881501799509E-01, -7.530527398134352E-06, -1.722502295848684E-02, -3.081547391307184E-03,  6.913307038617465E-07
A.D. 2003-Jul-01,  1.544525449605266E-01, -1.004897276553895E+00,  6.335214871791432E-06,  1.673093100534739E-02,  2.552190796883866E-03, -3.654591140604242E-07
A.D. 2004-Jan-01, -1.681154196819491E-01,  9.688286529934700E-01, -8.017729827134174E-06, -1.722847656077027E-02, -3.011786889375446E-03, -5.305583269302782E-07
A.D. 2004-Jul-01,  1.668189655087736E-01, -1.002880753827673E+00,  1.229191500786718E-05,  1.668334238646279E-02,  2.760275791968804E-03,  4.881462167506516E-07
A.D. 2005-Jan-01, -1.809376297198991E-01,  9.665092019817320E-01, -1.315928823507297E-05, -1.718839031753746E-02, -3.223705680098304E-03,  4.518330672393667E-07
A.D. 2005-Jul-01,  1.624843054884150E-01, -1.003621590781091E+00,  1.175663155786958E-05,  1.670686420140108E-02,  2.680122240138028E-03, -6.428095471217669E-07
A.D. 2006-Jan-01, -1.765528070087697E-01,  9.673746249850074E-01, -1.024634006711511E-05, -1.721188308773171E-02, -3.155681748230887E-03, -1.221879925342927E-07
A.D. 2006-Jul-01,  1.583605984552199E-01, -1.004266369739042E+00,  1.412931830143576E-05,  1.671706661944466E-02,  2.620874477512256E-03,  5.027311863330916E-07
A.D. 2007-Jan-01, -1.721041044142523E-01,  9.681072714658517E-01, -1.765621581047858E-05, -1.721235723344926E-02, -3.078469166820262E-03, -7.782945183591925E-08
A.D. 2007-Jul-01,  1.540389710472523E-01, -1.004896849146007E+00,  1.812737175784645E-05,  1.671904182239950E-02,  2.539888196831635E-03, -4.403470744854528E-07
A.D. 2008-Jan-01, -1.676694534881327E-01,  9.688884736502624E-01, -1.524731751739737E-05, -1.723508181797047E-02, -2.992178149567813E-03,  5.120885090410433E-07
A.D. 2008-Jul-01,  1.664223336657092E-01, -1.003005520049563E+00,  1.585811273462889E-05,  1.669926842220266E-02,  2.749479364319473E-03,  1.688793552833892E-07
A.D. 2009-Jan-01, -1.804685128237590E-01,  9.666022861859265E-01, -1.872842423206078E-05, -1.719622670273859E-02, -3.227931829096503E-03, -4.785061732905507E-07
A.D. 2009-Jul-01,  1.621869794007911E-01, -1.003627694984363E+00,  2.443507746046917E-05,  1.670145042954304E-02,  2.686514221520532E-03, -3.722660385502074E-08
A.D. 2010-Jan-01, -1.760177912708077E-01,  9.674205016300885E-01, -2.188507725452837E-05, -1.719874234160916E-02, -3.142764318922504E-03,  8.262944640972711E-07
A.D. 2010-Jul-01,  1.578583127997158E-01, -1.004299343017532E+00,  2.090159886645383E-05,  1.671237493745107E-02,  2.601483851617267E-03, -5.424124823830464E-07
A.D. 2011-Jan-01, -1.715953736823456E-01,  9.682684520434510E-01, -2.410973781354367E-05, -1.722625445759559E-02, -3.063629311177867E-03, -4.174554160315307E-07
A.D. 2011-Jul-01,  1.536511888387835E-01, -1.005022891327504E+00,  2.816967260377722E-05,  1.673373057134507E-02,  2.535806540350629E-03,  5.362364698947926E-07
A.D. 2012-Jan-01, -1.672194278616657E-01,  9.690073110822155E-01, -3.055559765768151E-05, -1.723332232323245E-02, -2.996376319106295E-03,  3.473534220781854E-07
A.D. 2012-Jul-01,  1.660131729576922E-01, -1.003000861919903E+00,  3.001817092931983E-05,  1.668700370288510E-02,  2.748134309300967E-03, -7.965814172633242E-07
A.D. 2013-Jan-01, -1.800225598748592E-01,  9.666749274276990E-01, -2.643570755112547E-05, -1.718948995539132E-02, -3.208481993705034E-03,  1.373641425211675E-07
A.D. 2013-Jul-01,  1.616193230111228E-01, -1.003719756117744E+00,  2.950303267783557E-05,  1.670780001716430E-02,  2.664631300400709E-03,  4.443608520395319E-07
A.D. 2014-Jan-01, -1.755910755014679E-01,  9.675533785861731E-01, -3.199835630091365E-05, -1.721559867463855E-02, -3.137157288857456E-03, -2.337211645014256E-07
A.D. 2014-Jul-01,  1.574672719130696E-01, -1.004388503951476E+00,  3.476564526138903E-05,  1.672188827320627E-02,  2.605046177216997E-03, -3.715240391946521E-07
A.D. 2015-Jan-01, -1.711651664398659E-01,  9.682993411474208E-01, -2.976388969152026E-05, -1.721626633528917E-02, -3.064115847218702E-03,  6.740893165193809E-07
A.D. 2015-Jul-01,  1.531406184113858E-01, -1.005020345005274E+00,  3.032890974936107E-05,  1.672101852009029E-02,  2.527294158401189E-03, -2.200071682548207E-07
A.D. 2016-Jan-01, -1.667607819720000E-01,  9.690699368667391E-01, -3.426670370930077E-05, -1.723469549881712E-02, -2.976030157857586E-03, -4.154351184006693E-07
A.D. 2016-Jul-01,  1.655061054926028E-01, -1.003147036540388E+00,  3.890122441284939E-05,  1.670043299638491E-02,  2.732298780851437E-03,  7.270373974728526E-08
A.D. 2017-Jan-01, -1.796136519182077E-01,  9.667949205028739E-01, -3.668730384611652E-05, -1.720038360546182E-02, -3.211186215649902E-03,  7.927770738233159E-07
A.D. 2017-Jul-01,  1.613014330297442E-01, -1.003780682392801E+00,  3.895582497702239E-05,  1.670603142254165E-02,  2.671816940784579E-03, -6.640838232241694E-07
A.D. 2018-Jan-01, -1.752200603881933E-01,  9.675633320786794E-01, -3.799746898985147E-05, -1.720124877602163E-02, -3.130282140938301E-03, -2.538590515321997E-07
A.D. 2018-Jul-01,  1.569935602426371E-01, -1.004429569332001E+00,  4.255118153604652E-05,  1.671303868583906E-02,  2.588058437422782E-03,  4.461246737977414E-07
A.D. 2019-Jan-01, -1.707556600057762E-01,  9.683716591364688E-01, -4.626623210819662E-05, -1.722809266544113E-02, -3.047302463323348E-03,  3.337891738338445E-07
A.D. 2019-Jul-01,  1.527941036826986E-01, -1.005159182228365E+00,  4.705563391857729E-05,  1.673596138865503E-02,  2.519139128245621E-03, -7.460838315373406E-07
A.D. 2020-Jan-01, -1.663457613546699E-01,  9.691203921746886E-01, -4.125583172011581E-05, -1.723919408870981E-02, -2.981520896064708E-03,  4.254600200472565E-07
A.D. 2020-Jul-01,  1.652192473942909E-01, -1.003158751971089E+00,  4.425037529550874E-05,  1.669045624857035E-02,  2.736458406782295E-03,  3.203996637558902E-07
A.D. 2021-Jan-01, -1.791160223523503E-01,  9.668129273179596E-01, -4.685127363090646E-05, -1.719106099389514E-02, -3.195004873649111E-03, -2.653729166354640E-07
A.D. 2021-Jul-01,  1.608507060776206E-01, -1.003859156160845E+00,  4.987702051653825E-05,  1.670701721091419E-02,  2.651260568693616E-03, -3.478847663337575E-07
A.D. 2022-Jan-01, -1.746535630593155E-01,  9.677212566913271E-01, -4.558257725018594E-05, -1.721798962077402E-02, -3.119280981540264E-03,  8.834739818190580E-07
A.D. 2022-Jul-01,  1.567276790419665E-01, -1.004531559774696E+00,  4.690812694328387E-05,  1.672482863423264E-02,  2.590188741795252E-03, -4.320238509516887E-07
A.D. 2023-Jan-01, -1.702559709373254E-01,  9.684854753928127E-01, -4.886077687883711E-05, -1.722044649452665E-02, -3.049649278849955E-03, -3.690422280228809E-07
A.D. 2023-Jul-01,  1.524135585869028E-01, -1.005133254086248E+00,  5.339589076829638E-05,  1.672342974369650E-02,  2.516157104931869E-03,  3.035631034743804E-07
A.D. 2024-Jan-01, -1.658512473195575E-01,  9.692307822406145E-01, -5.491574932571625E-05, -1.723488741631913E-02, -2.960664232261920E-03,  6.839502743818943E-07
A.D. 2024-Jul-01,  1.647347737325248E-01, -1.003236890472732E+00,  5.428826590123265E-05,  1.670156400589019E-02,  2.717189231279897E-03, -8.356970983176501E-07
A.D. 2025-Jan-01, -1.786834422934825E-01,  9.669827951253671E-01, -5.109474269581517E-05, -1.720473857745477E-02, -3.193533212719965E-03,  5.460476315521708E-09
A.D. 2025-Jul-01,  1.604852897692322E-01, -1.003877668066144E+00,  5.873891008840060E-05,  1.671155951248847E-02,  2.657695118774997E-03,  3.629937310890358E-07
A.D. 2026-Jan-01, -1.742814822953909E-01,  9.677589199974598E-01, -5.944561258173728E-05, -1.720454736457280E-02, -3.116607047043187E-03,  2.371814588031026E-07
A.D. 2026-Jul-01,  1.561399672670479E-01, -1.004515630384574E+00,  6.124771237728439E-05,  1.671483110336705E-02,  2.575785886992908E-03, -7.223608008724757E-07
A.D. 2027-Jan-01, -1.698296300275843E-01,  9.685670006153879E-01, -5.717169954528873E-05, -1.722816290117063E-02, -3.030489867714730E-03,  5.980238352570420E-07
A.D. 2027-Jul-01,  1.518807622217456E-01, -1.005263823833374E+00,  6.016398762406066E-05,  1.673770496893257E-02,  2.502147777942833E-03, -4.652470422808579E-08
A.D. 2028-Jan-01, -1.654617188771124E-01,  9.693364842685248E-01, -6.229847665045469E-05, -1.724292726426787E-02, -2.964788662743155E-03, -2.828679922876020E-07
A.D. 2028-Jul-01,  1.643003560344529E-01, -1.003299558634440E+00,  6.757066283650731E-05,  1.669490658377862E-02,  2.722354495552152E-03, -3.195633786342578E-07
A.D. 2029-Jan-01, -1.783040144036786E-01,  9.670005771631031E-01, -6.306141766758048E-05, -1.719194239659465E-02, -3.181669928962496E-03,  9.847476703045007E-07
A.D. 2029-Jul-01,  1.599356619469832E-01, -1.003986149129292E+00,  6.417299275336466E-05,  1.670722911605532E-02,  2.636392188396298E-03, -5.731142479987816E-07
A.D. 2030-Jan-01, -1.738559359038149E-01,  9.678616958942775E-01, -6.371937030722774E-05, -1.721963336588397E-02, -3.102273049709512E-03, -3.218840546646059E-07
A.D. 2030-Jul-01,  1.558039280977517E-01, -1.004676289622896E+00,  7.024972825818467E-05,  1.672818062804395E-02,  2.572778354320685E-03,  2.908987903590827E-07
A.D. 2031-Jan-01, -1.694403103633083E-01,  9.686011938737633E-01, -6.917394769057297E-05, -1.722600863343023E-02, -3.035688256385012E-03,  6.747786027086946E-07
A.D. 2031-Jul-01,  1.515286477301586E-01, -1.005286981064078E+00,  7.022714388366388E-05,  1.672688116755403E-02,  2.503442670000233E-03, -9.342395385374902E-07
A.D. 2032-Jan-01, -1.649810656907857E-01,  9.693215040771532E-01, -6.603565138145524E-05, -1.723652072611298E-02, -2.947091552456763E-03,  3.445162567681073E-07
A.D. 2032-Jul-01,  1.638775707324459E-01, -1.003398197591630E+00,  7.089969609921832E-05,  1.670144912663446E-02,  2.702106968006084E-03,  3.038822247316447E-07
A.D. 2033-Jan-01, -1.777544297556952E-01,  9.671222086379891E-01, -7.153645480440207E-05, -1.720889567285537E-02, -3.176122950287792E-03,  1.338471783603418E-07
A.D. 2033-Jul-01,  1.596775138746895E-01, -1.004054526810693E+00,  7.724912081996302E-05,  1.671519871356527E-02,  2.642861444168719E-03, -7.105438654724288E-07
A.D. 2034-Jan-01, -1.733435599669615E-01,  9.679230615233805E-01, -7.157475231652195E-05, -1.720874578012263E-02, -3.102643195509501E-03,  8.580331182484008E-07
A.D. 2034-Jul-01,  1.553939907901755E-01, -1.004661557322259E+00,  7.416690450394805E-05,  1.671570236542066E-02,  2.564273595557943E-03, -2.805629372374412E-07
A.D. 2035-Jan-01, -1.689020727981358E-01,  9.687207451608475E-01, -7.870533686493223E-05, -1.722849715983299E-02, -3.014109905989777E-03, -2.225645206603840E-07
A.D. 2035-Jul-01,  1.511296415335139E-01, -1.005373761962604E+00,  8.402863718991929E-05,  1.673807083386528E-02,  2.486640097353606E-03, -2.498495170127823E-08
A.D. 2036-Jan-01, -1.645245712250056E-01,  9.695065525952271E-01, -8.095007898840211E-05, -1.724731684850776E-02, -2.947038512831589E-03,  9.350359152086366E-07
A.D. 2036-Jul-01,  1.635351556634936E-01, -1.003406812974703E+00,  8.148420009308389E-05,  1.669983293369974E-02,  2.709217264257568E-03, -7.359790052453381E-07
A.D. 2037-Jan-01, -1.773719651190983E-01,  9.671747810007901E-01, -7.915276528093578E-05, -1.719459031037630E-02, -3.168014938957822E-03, -1.596225017238363E-07
A.D. 2037-Jul-01,  1.591417166079660E-01, -1.004062927830456E+00,  8.550924176952581E-05,  1.670830175605261E-02,  2.624108046542770E-03,  2.824075666670626E-07
A.D. 2038-Jan-01, -1.728962853418720E-01,  9.680458175055384E-01, -8.417906198495113E-05, -1.722074473035620E-02, -3.084745024302707E-03,  6.200697404794811E-07
A.D. 2038-Jul-01,  1.549501647768975E-01, -1.004768599269393E+00,  8.682198575551324E-05,  1.673118118144400E-02,  2.556583436465032E-03, -9.632549458811765E-07
A.D. 2039-Jan-01, -1.685073169978313E-01,  9.688161068754201E-01, -8.018981002956797E-05, -1.723039013159080E-02, -3.019898629052685E-03,  4.944061678785760E-07
A.D. 2039-Jul-01,  1.506680835925876E-01, -1.005396569575822E+00,  8.482375870359590E-05,  1.673113990974944E-02,  2.490735701666669E-03,  8.003167273238027E-08
A.D. 2040-Jan-01, -1.641180138068663E-01,  9.695199136535275E-01, -8.809179775370565E-05, -1.723669683152918E-02, -2.933347813063430E-03, -1.201239125337660E-08
A.D. 2040-Jul-01,  1.629934331449752E-01, -1.003513325636020E+00,  9.272601651315142E-05,  1.670171075517201E-02,  2.687010206814366E-03, -7.109793860071139E-07
A.D. 2041-Jan-01, -1.769334031185283E-01,  9.673135226681868E-01, -8.644860450679173E-05, -1.721080132811229E-02, -3.158563446445780E-03,  1.073430719250361E-06
A.D. 2041-Jul-01,  1.587864201218125E-01, -1.004186000819675E+00,  9.209446117645541E-05,  1.671940889963147E-02,  2.626230401641461E-03, -4.886981405363966E-07
A.D. 2042-Jan-01, -1.725751207112120E-01,  9.680750416354064E-01, -9.207354226048976E-05, -1.721304830109477E-02, -3.089422256059046E-03, -1.889749848646041E-07
A.D. 2042-Jul-01,  1.545111083204435E-01, -1.004791982800358E+00,  9.847407175367577E-05,  1.671847667363436E-02,  2.551615435854330E-03, -1.071911851692959E-09
A.D. 2043-Jan-01, -1.680926248656339E-01,  9.688240710081643E-01, -9.687488290926089E-05, -1.722928004019929E-02, -2.999914938006580E-03,  9.674140349354015E-07
A.D. 2043-Jul-01,  1.502306121493576E-01, -1.005504406435304E+00,  9.890916028572645E-05,  1.673836030691428E-02,  2.470751104539482E-03, -9.929385665170967E-07
A.D. 2044-Jan-01, -1.636507710447394E-01,  9.696189392758522E-01, -9.350314461469202E-05, -1.725166166525171E-02, -2.930401871412078E-03,  1.799875572689847E-07
A.D. 2044-Jul-01,  1.626764723188282E-01, -1.003580763733126E+00,  1.009889376633630E-04,  1.670410494924199E-02,  2.694999227595657E-03,  2.297620996766541E-07
A.D. 2045-Jan-01, -1.764752720182485E-01,  9.673223151652155E-01, -9.964404220584564E-05, -1.719808852673935E-02, -3.155242650060964E-03,  5.375860758441475E-07
A.D. 2045-Jul-01,  1.583246793814137E-01, -1.004221267069921E+00,  1.027234909735859E-04,  1.670848815446537E-02,  2.611913248254128E-03, -9.621720285930823E-07
A.D. 2046-Jan-01, -1.719652552239181E-01,  9.682009748793540E-01, -9.613349700508105E-05, -1.722153855317067E-02, -3.067902629453173E-03,  6.921893000228471E-07
A.D. 2046-Jul-01,  1.541500175185682E-01, -1.004915922726481E+00,  1.015516010847579E-04,  1.673210114963609E-02,  2.540148454107149E-03, -1.145848370386147E-07
A.D. 2047-Jan-01, -1.675850976640787E-01,  9.689873591223797E-01, -1.035973505971877E-04, -1.723534035172145E-02, -3.003003542538107E-03, -1.966153574734034E-08
A.D. 2047-Jul-01,  1.498835776501240E-01, -1.005528962755698E+00,  1.090904733286428E-04,  1.673521160494855E-02,  2.477317773365425E-03, -4.057610701194221E-07
A.D. 2048-Jan-01, -1.632007078324487E-01,  9.696679572485526E-01, -1.047480562255085E-04, -1.723888134458436E-02, -2.919182277785090E-03,  1.140169465873506E-06
A.D. 2048-Jul-01,  1.621857006467557E-01, -1.003617047233317E+00,  1.061640053917818E-04,  1.670212574585397E-02,  2.673112719783549E-03, -6.416331302763789E-07
A.D. 2049-Jan-01, -1.759677788349275E-01,  9.674722986087562E-01, -1.039761005107716E-04, -1.721329268469213E-02, -3.139992278478504E-03, -1.389801777897568E-07
A.D. 2049-Jul-01,  1.579473130094489E-01, -1.004294627392754E+00,  1.140626094038503E-04,  1.672318876990701E-02,  2.610086538803476E-03,  1.420335388551928E-08
A.D. 2050-Jan-01, -1.716121713141734E-01,  9.682588190626247E-01, -1.099675711695700E-04, -1.721802527123070E-02, -3.074159777134337E-03,  9.982623801804050E-07
A.D. 2050-Jul-01,  1.536713391733788E-01, -1.004904030803214E+00,  1.126417379376553E-04,  1.672206838917801E-02,  2.539703469149634E-03, -1.109767557629178E-06
A.D. 2051-Jan-01, -1.671439842098710E-01,  9.690095411563679E-01, -1.087379580262300E-04, -1.722937532842007E-02, -2.984982797147623E-03,  3.958459879777446E-07
A.D. 2051-Jul-01,  1.493684257236568E-01, -1.005606940507035E+00,  1.156145916419575E-04,  1.673844016512919E-02,  2.455869589262802E-03,  1.304723385194448E-07
A.D. 2052-Jan-01, -1.627539865667308E-01,  9.698112912000232E-01, -1.155701587715255E-04, -1.725382187242203E-02, -2.912596494376250E-03,  3.212192396319662E-07
A.D. 2052-Jul-01,  1.618249617579270E-01, -1.003715286926568E+00,  1.202517959044727E-04,  1.670873997480386E-02,  2.679744016230657E-03, -1.003975168293409E-06
A.D. 2053-Jan-01, -1.756631138577745E-01,  9.675104258590118E-01, -1.130818161319345E-04, -1.720140183714703E-02, -3.142226808014698E-03,  9.699950747896790E-07
A.D. 2053-Jul-01,  1.574829710924938E-01, -1.004337581170699E+00,  1.180164648514334E-04,  1.671033576692095E-02,  2.599409571918614E-03, -2.922763937993667E-07
A.D. 2054-Jan-01, -1.711650243934183E-01,  9.683318489690906E-01, -1.183253004296498E-04, -1.722203721082477E-02, -3.052811229194394E-03, -2.294044035673473E-08
A.D. 2054-Jul-01,  1.532973380528946E-01, -1.005027919020153E+00,  1.253471893055517E-04,  1.673321042189105E-02,  2.523879105828145E-03, -3.256457014383358E-07
A.D. 2055-Jan-01, -1.667540650651983E-01,  9.691112211974179E-01, -1.188217144885148E-04, -1.724032952908402E-02, -2.987070556577755E-03,  1.171612037656765E-06
A.D. 2055-Jul-01,  1.490459736188924E-01, -1.005663963668465E+00,  1.213830075588449E-04,  1.673956005666653E-02,  2.463605837969167E-03, -9.463654277174212E-07
A.D. 2056-Jan-01, -1.623332686332978E-01,  9.697907427108162E-01, -1.184263057926068E-04, -1.724182959886596E-02, -2.906796841701545E-03,  8.762238128620973E-08
A.D. 2056-Jul-01,  1.613805586695093E-01, -1.003752065980570E+00,  1.267336344451209E-04,  1.670195606775208E-02,  2.660838154623815E-03,  2.901846706327765E-08
A.D. 2057-Jan-01, -1.750596474161051E-01,  9.676276777536933E-01, -1.231401988962123E-04, -1.721445494164836E-02, -3.123134944568748E-03,  9.618426000244820E-07
A.D. 2057-Jul-01,  1.571513376344865E-01, -1.004440717416774E+00,  1.293472133214504E-04,  1.672508490776455E-02,  2.594330421279939E-03, -1.189150205879873E-06
A.D. 2058-Jan-01, -1.706991883276539E-01,  9.684481419486747E-01, -1.226818720799725E-04, -1.722259604442060E-02, -3.058659896113225E-03,  5.948283564370254E-07
A.D. 2058-Jul-01,  1.529032691125758E-01, -1.005040602000785E+00,  1.294067361364135E-04,  1.672556972905378E-02,  2.527530377575545E-03, -5.904214457103802E-08
A.D. 2059-Jan-01, -1.662592345435625E-01,  9.691732474046260E-01, -1.329279321361131E-04, -1.723021321330025E-02, -2.970865253987266E-03,  2.966608042475462E-07
A.D. 2059-Jul-01,  1.485731517105482E-01, -1.005706524534454E+00,  1.389012516378796E-04,  1.673851140151167E-02,  2.441693809730819E-03, -8.031612287245470E-07
A.D. 2060-Jan-01, -1.618358716993936E-01,  9.699682616925397E-01, -1.311795400270584E-04, -1.725614367931201E-02, -2.894159714465418E-03,  1.181143703427554E-06
A.D. 2060-Jul-01,  1.609796495029638E-01, -1.003827806121431E+00,  1.353017305127157E-04,  1.671361826582784E-02,  2.663702395477074E-03, -4.808960336234900E-07
A.D. 2061-Jan-01, -1.747303871640556E-01,  9.676880408802578E-01, -1.333902185050508E-04, -1.720629329574080E-02, -3.127553531267418E-03, -3.021457291078918E-08
A.D. 2061-Jul-01,  1.566221185338757E-01, -1.004439760472051E+00,  1.412269591078593E-04,  1.671336503159838E-02,  2.587096143318976E-03, -2.789739244896817E-07
A.D. 2062-Jan-01, -1.702155558149558E-01,  9.685032479564298E-01, -1.344633836956488E-04, -1.722238830773006E-02, -3.036913755552695E-03,  1.220287979333970E-06
A.D. 2062-Jul-01,  1.523897093185994E-01, -1.005131814764747E+00,  1.387404148412956E-04,  1.673385846494682E-02,  2.507783161623828E-03, -1.107892654107508E-06
A.D. 2063-Jan-01, -1.658159959563472E-01,  9.693097630808322E-01, -1.329864639790226E-04, -1.724365558956205E-02, -2.969113833425364E-03,  2.602015942988973E-07
A.D. 2063-Jul-01,  1.481310889139644E-01, -1.005795968318911E+00,  1.415324175870626E-04,  1.674398145405162E-02,  2.448103598391059E-03,  1.017689632976971E-07
A.D. 2064-Jan-01, -1.614691244384872E-01,  9.699766021673554E-01, -1.407330876622870E-04, -1.724443189467309E-02, -2.893350849579927E-03,  7.227144094768981E-07
A.D. 2064-Jul-01,  1.604852056207515E-01, -1.003885834297613E+00,  1.444877321204845E-04,  1.670271819317810E-02,  2.647442181178369E-03, -1.251473070034904E-06
A.D. 2065-Jan-01, -1.742384763291182E-01,  9.677837515799852E-01, -1.363320717707513E-04, -1.721493637891547E-02, -3.106797018679156E-03,  8.397202950052641E-07
A.D. 2065-Jul-01,  1.562538326936465E-01, -1.004575628185407E+00,  1.461703230855000E-04,  1.672708114707460E-02,  2.576942434040311E-03, -2.051738999355289E-07
A.D. 2066-Jan-01, -1.698780819324872E-01,  9.685798387094813E-01, -1.458295618146257E-04, -1.722799165913583E-02, -3.043217378801338E-03,  2.835132513110133E-07
A.D. 2066-Jul-01,  1.520451331232403E-01, -1.005184252595994E+00,  1.525404139647830E-04,  1.672998560914685E-02,  2.513967725544837E-03, -7.058271955172126E-07
A.D. 2067-Jan-01, -1.654243059298447E-01,  9.692660369208791E-01, -1.461366846670714E-04, -1.723285063950139E-02, -2.958384447682593E-03,  1.299577377151720E-06
A.D. 2067-Jul-01,  1.477484513166796E-01, -1.005836514073719E+00,  1.503924119451264E-04,  1.673825992747065E-02,  2.428628698417474E-03, -8.259696411638162E-07
A.D. 2068-Jan-01, -1.609290384737875E-01,  9.700769856455509E-01, -1.464815396533504E-04, -1.725811014728361E-02, -2.877191495892192E-03,  6.971024190932730E-08
A.D. 2068-Jul-01,  1.601785372512763E-01, -1.003985390452442E+00,  1.563373380674272E-04,  1.671648393147527E-02,  2.648304629299796E-03, -2.496272905391119E-07
A.D. 2069-Jan-01, -1.738125267192314E-01,  9.678515984215467E-01, -1.502980989887683E-04, -1.721113601078050E-02, -3.113230169012477E-03,  1.268672713418680E-06
A.D. 2069-Jul-01,  1.558838452939652E-01, -1.004586630397980E+00,  1.546099616382338E-04,  1.671556362927606E-02,  2.576085974081585E-03, -1.222759520247150E-06
A.D. 2070-Jan-01, -1.693031733049102E-01,  9.686683551139811E-01, -1.486694720882315E-04, -1.722246830773300E-02, -3.022270997607579E-03,  4.417531296091509E-07
A.D. 2070-Jul-01,  1.516493325042499E-01, -1.005245311965043E+00,  1.575314512729913E-04,  1.673330096917828E-02,  2.493651311953676E-03, -3.631920435410449E-08
A.D. 2071-Jan-01, -1.648988943069913E-01,  9.694845029583199E-01, -1.567594063059988E-04, -1.724651502385613E-02, -2.951084145991806E-03,  6.612110242295756E-07
A.D. 2071-Jul-01,  1.473722659989040E-01, -1.005896921021743E+00,  1.621958994600102E-04,  1.674837510337819E-02,  2.433316238639723E-03, -1.150864467660336E-06
A.D. 2072-Jan-01, -1.605685553446893E-01,  9.701471467766675E-01, -1.546737853657577E-04, -1.724851826948978E-02, -2.879303655543730E-03,  1.149053717141944E-06
A.D. 2072-Jul-01,  1.596936435980778E-01, -1.003970133218034E+00,  1.603460203685412E-04,  1.670491766491028E-02,  2.635704786015011E-03, -3.494506697633830E-07
A.D. 2073-Jan-01, -1.733020138967298E-01,  9.679569071940500E-01, -1.582619188513911E-04, -1.721566026572428E-02, -3.090278571945596E-03,  2.350088304473138E-07
A.D. 2073-Jul-01,  1.553983686590527E-01, -1.004656397376382E+00,  1.688483218036609E-04,  1.672898830821337E-02,  2.560838165979360E-03, -6.781824786788290E-07
A.D. 2074-Jan-01, -1.689441813480832E-01,  9.687813257325664E-01, -1.595390916610969E-04, -1.723236870794059E-02, -3.026085881579993E-03,  1.424900480072630E-06
A.D. 2074-Jul-01,  1.511553957898458E-01, -1.005295507662090E+00,  1.646019673259081E-04,  1.673490698178586E-02,  2.499783403105662E-03, -1.073620390439372E-06
A.D. 2075-Jan-01, -1.645313853771301E-01,  9.694669015677507E-01, -1.622597881566135E-04, -1.723447826631094E-02, -2.944789988431433E-03,  2.265973278132833E-07
A.D. 2075-Jul-01,  1.468319685012950E-01, -1.005944747686385E+00,  1.725608964762217E-04,  1.673871807964728E-02,  2.414968397768329E-03, -6.810183622789992E-08
A.D. 2076-Jan-01, -1.600761596129832E-01,  9.702508036854757E-01, -1.680563076093289E-04, -1.725800086469585E-02, -2.860117412125780E-03,  1.070544675811552E-06
A.D. 2076-Jul-01,  1.592526644313735E-01, -1.004126422262462E+00,  1.728166512717212E-04,  1.671930582825075E-02,  2.630670191600116E-03, -1.349415262420396E-06
A.D. 2077-Jan-01, -1.730158566987819E-01,  9.680188320392584E-01, -1.648019694480401E-04, -1.721567454371289E-02, -3.098492721101540E-03,  6.583203577795050E-07
A.D. 2077-Jul-01,  1.549790804226885E-01, -1.004732410333091E+00,  1.737273050027761E-04,  1.671955533105227E-02,  2.562510710564419E-03, -1.413500158143425E-07
A.D. 2078-Jan-01, -1.685057600135604E-01,  9.687737506560330E-01, -1.720102222545208E-04, -1.722385670587121E-02, -3.009210941075846E-03,  5.860272274025294E-07
A.D. 2078-Jul-01,  1.507551805105117E-01, -1.005379572398276E+00,  1.792120167968974E-04,  1.673333832910036E-02,  2.478689013163046E-03, -1.037054668158151E-06
A.D. 2079-Jan-01, -1.640359333905485E-01,  9.695755932481659E-01, -1.688370943984655E-04, -1.724990491110883E-02, -2.934164557879140E-03,  1.260516305081474E-06
A.D. 2079-Jul-01,  1.465015740572004E-01, -1.006054642621364E+00,  1.747610566058326E-04,  1.675182136403814E-02,  2.417226028376086E-03, -6.222213493661926E-07
A.D. 2080-Jan-01, -1.596657285830441E-01,  9.702639968970965E-01, -1.721031584157711E-04, -1.725384147986781E-02, -2.865491736824172E-03,  1.732004030596986E-07
A.D. 2080-Jul-01,  1.588866783015910E-01, -1.004135319415065E+00,  1.813324071788780E-04,  1.670639939913334E-02,  2.624121215653970E-03, -6.300146721218083E-07
A.D. 2081-Jan-01, -1.723604789352999E-01,  9.680967593048186E-01, -1.724905650579502E-04, -1.721641558880314E-02, -3.074762397624151E-03,  1.512236049918773E-06
A.D. 2081-Jul-01,  1.546302031248228E-01, -1.004801807780136E+00,  1.808629751632920E-04,  1.672843545603315E-02,  2.545772181226047E-03, -1.229688366287278E-06
A.D. 2082-Jan-01, -1.680035559580910E-01,  9.689514356522866E-01, -1.755894127388043E-04, -1.723638871205111E-02, -3.008311983429441E-03,  3.857232060285776E-07
A.D. 2082-Jul-01,  1.504218616847794E-01, -1.005431580409401E+00,  1.856090267519617E-04,  1.673867496100457E-02,  2.485929214513812E-03, -1.361680090831600E-07
A.D. 2083-Jan-01, -1.636113345806079E-01,  9.696354322351498E-01, -1.851081487709607E-04, -1.723756117523386E-02, -2.930845216648800E-03,  1.073053348596656E-06
A.D. 2083-Jul-01,  1.460930447354097E-01, -1.006032489511232E+00,  1.908011730901647E-04,  1.673968411673957E-02,  2.403406456243668E-03, -1.423035578716363E-06
A.D. 2084-Jan-01, -1.591385304358126E-01,  9.703970045383550E-01, -1.810968232394429E-04, -1.725858714077567E-02, -2.843177417119954E-03,  1.036298447888860E-06
A.D. 2084-Jul-01,  1.584704525785973E-01, -1.004211279338167E+00,  1.899627544847718E-04,  1.672192627957394E-02,  2.614924886626022E-03, -2.630622358283482E-07
A.D. 2085-Jan-01, -1.720651770226233E-01,  9.682092860787157E-01, -1.871442940521653E-04, -1.722071332593768E-02, -3.082155416889013E-03,  5.484806068504330E-07
A.D. 2085-Jul-01,  1.541659872309809E-01, -1.004825370183374E+00,  1.951084158423615E-04,  1.672453379341698E-02,  2.550037529404900E-03, -9.892194543836911E-07
A.D. 2086-Jan-01, -1.675688446759645E-01,  9.689647115776731E-01, -1.841936933110698E-04, -1.722507021285831E-02, -2.995482672441860E-03,  1.443245694441627E-06
A.D. 2086-Jul-01,  1.499114607099927E-01, -1.005463468252474E+00,  1.911616576180313E-04,  1.673380447277481E-02,  2.465374455430630E-03, -9.097820254128016E-07
A.D. 2087-Jan-01, -1.631266391224181E-01,  9.697770387286518E-01, -1.868211565646426E-04, -1.725057480663955E-02, -2.916394908740669E-03,  2.648987871344158E-07
A.D. 2087-Jul-01,  1.456193913092040E-01, -1.006161508663820E+00,  1.976818564292640E-04,  1.675498403864644E-02,  2.400431090043451E-03, -3.592575262852376E-07
A.D. 2088-Jan-01, -1.588304270650194E-01,  9.704650393641786E-01, -1.919271968937798E-04, -1.725752660367887E-02, -2.850699585704029E-03,  1.403587679069694E-06
A.D. 2088-Jul-01,  1.580178601529729E-01, -1.004255084394843E+00,  1.964154471293160E-04,  1.670956841047367E-02,  2.611380844841112E-03, -1.356939983090415E-06
A.D. 2089-Jan-01, -1.715855772847999E-01,  9.682548953456810E-01, -1.890746828769851E-04, -1.721628022312854E-02, -3.060761371744671E-03,  5.418357496556717E-07
A.D. 2089-Jul-01,  1.537363683685636E-01, -1.004910881897156E+00,  2.021205687126087E-04,  1.672882412115027E-02,  2.529897034237507E-03, -2.372257291501744E-07
A.D. 2090-Jan-01, -1.672003945088287E-01,  9.690815006173579E-01, -1.981382730756515E-04, -1.723991136825681E-02, -2.991529304707819E-03,  1.023741781406965E-06
A.D. 2090-Jul-01,  1.495215518268748E-01, -1.005565739314557E+00,  2.047992142234754E-04,  1.674322260770713E-02,  2.470127333453140E-03, -1.404319498776217E-06
A.D. 2091-Jan-01, -1.627853351046159E-01,  9.697456877992058E-01, -1.962837666888773E-04, -1.724209938059519E-02, -2.918282647709991E-03,  1.207345700746472E-06
A.D. 2091-Jul-01,  1.452240578604982E-01, -1.006171866372843E+00,  2.047000799430983E-04,  1.674115547995429E-02,  2.391408629154071E-03, -4.601038132771817E-07
A.D. 2092-Jan-01, -1.582458476293842E-01,  9.705061626803114E-01, -2.007482350276574E-04, -1.725932865086868E-02, -2.827998330830266E-03,  3.553748642564360E-07
A.D. 2092-Jul-01,  1.576119378797007E-01, -1.004369134054051E+00,  2.107962379298923E-04,  1.672268841175874E-02,  2.598744437950259E-03, -9.952836402066078E-07
A.D. 2093-Jan-01, -1.711369407241302E-01,  9.683729170268573E-01, -1.997860574608924E-04, -1.722561403846406E-02, -3.065429948793469E-03,  1.619326447470297E-06
A.D. 2093-Jul-01,  1.533612897050668E-01, -1.004991305391649E+00,  2.070204182809159E-04,  1.672826278863346E-02,  2.536398251844651E-03, -1.120625028005593E-06
A.D. 2094-Jan-01, -1.666580140247194E-01,  9.691240070491615E-01, -2.027549500594060E-04, -1.722736944484112E-02, -2.981773701658386E-03,  3.524620254118846E-07
A.D. 2094-Jul-01,  1.491260443257343E-01, -1.005590812732507E+00,  2.142966831449034E-04,  1.673365413270136E-02,  2.452394103964087E-03, -2.966522495646808E-07
A.D. 2095-Jan-01, -1.621964143323076E-01,  9.699233810806301E-01, -2.084180987454362E-04, -1.725167693441401E-02, -2.898393223804207E-03,  1.359090636585425E-06
A.D. 2095-Jul-01,  1.448040412237648E-01, -1.006270431401865E+00,  2.141733404578400E-04,  1.675728560066119E-02,  2.383652480269094E-03, -1.496081820418264E-06
A.D. 2096-Jan-01, -1.578837585778510E-01,  9.706177398808599E-01, -2.054874804542802E-04, -1.726272413574509E-02, -2.834267008902173E-03,  8.807873625539574E-07
A.D. 2096-Jul-01,  1.571992075412794E-01, -1.004365880715084E+00,  2.153507928424237E-04,  1.671367223851137E-02,  2.599018746006286E-03, -2.963331795226292E-07
A.D. 2097-Jan-01, -1.706299446094084E-01,  9.684147337149395E-01, -2.105619680105071E-04, -1.721739821454124E-02, -3.046099420600621E-03,  9.377874006116668E-07
A.D. 2097-Jul-01,  1.528865606015762E-01, -1.005003301581720E+00,  2.213780763319215E-04,  1.672919634659279E-02,  2.515616505834183E-03, -1.329115045973871E-06
A.D. 2098-Jan-01, -1.662194331712261E-01,  9.692705244665983E-01, -2.092837698637184E-04, -1.724224966989164E-02, -2.973117603795993E-03,  1.398900526930688E-06
A.D. 2098-Jul-01,  1.486537817227178E-01, -1.005678416688707E+00,  2.180634618071335E-04,  1.674728799741740E-02,  2.454258564634094E-03, -7.358546197876295E-07
A.D. 2099-Jan-01, -1.618809858208382E-01,  9.699478779631000E-01, -2.162652236540521E-04, -1.724584646658690E-02, -2.903949919465678E-03,  4.531491235693613E-07
A.D. 2099-Jul-01,  1.443751673408990E-01, -1.006282915261113E+00,  2.278936671235322E-04,  1.674355930003718E-02,  2.379222202158662E-03, -7.723887878318218E-07
A.D. 2100-Jan-01, -1.574071431717003E-01,  9.706777427496099E-01, -2.182188954788461E-04, -1.725877527761068E-02, -2.813127088118581E-03,  1.666715150449883E-06
