julian, epoch, x, y, z, vx, vy, vz, LT, RG, RR
2433282.500000000, A.D. 1950-Jan-01, -9.006759218451947E+00,  2.503636770813416E+00,  3.147300357968513E-01,  4.032088928596189E-03, -7.445993992881150E-03,  8.623554338094864E-04,  5.402161989394164E-02,  9.353553533003957E+00, -5.846623866915459E-03

2433463.500000000, A.D. 1950-Jul-01, -9.279228544873598E+00,  1.515654296288811E+00,  3.431253387979732E-01,  4.872023852764113E-03, -4.642932159542187E-03, -1.229857856328553E-03,  5.433870427541201E-02,  9.408454991760387E+00, -5.597911487126433E-03

2433647.500000000, A.D. 1951-Jan-01, -9.443387468606307E+00,  4.897357592338704E-01,  3.663631708591781E-01, -3.487119810135100E-03, -7.121085495564680E-04, -2.695170864148422E-03,  5.465472508901635E-02,  9.463172299449322E+00,  3.338633827202583E-03

2433828.500000000, A.D. 1951-Jul-01, -9.493475587499104E+00, -5.221850386912871E-01,  3.854648992029620E-01, -5.384380278121163E-03, -2.568756151442305E-03, -1.087766046708741E-03,  5.495773338501784E-02,  9.515636559557748E+00,  5.468741139830991E-03

2434012.500000000, A.D. 1952-Jan-01, -9.434764992224911E+00, -1.540378273520337E+00,  4.012605185315670E-01, -9.925918953400533E-04, -1.060142245333852E-02,  3.519891083518854E-03,  5.526074542120798E-02,  9.568101467259764E+00,  2.833108061756857E-03

2434194.500000000, A.D. 1952-Jul-01, -9.274519180356709E+00, -2.527994296382039E+00,  4.119813110373592E-01, -6.827448553985100E-03, -5.822047777433587E-03,  1.461823695071891E-03,  5.557032840982232E-02,  9.621704100105587E+00,  8.173359871146682E-03

2434378.500000000, A.D. 1953-Jan-01, -9.016222259864817E+00, -3.506614816469023E+00,  4.203885658493646E-01,  4.145514262669073E-03, -1.209939911063926E-02,  2.910415684762518E-03,  5.592579005816661E-02,  9.683250376637940E+00,  6.479807347496379E-04

2434559.500000000, A.D. 1953-Jul-01, -8.658046176010744E+00, -4.433373078512124E+00,  4.225627632861039E-01,  8.727622501585978E-03, -9.596844217660060E-03,  1.155326078437909E-03,  5.623205516391849E-02,  9.736278535874286E+00, -3.341068143460901E-03

2434743.500000000, A.D. 1954-Jan-01, -8.192886618328641E+00, -5.326729766638709E+00,  4.185840188538942E-01,  5.993607667558936E-03,  1.620084111823438E-03, -3.571271352418666E-03,  5.649173027195968E-02,  9.781239887070722E+00, -6.055426113346771E-03

2434924.500000000, A.D. 1954-Jul-01, -7.654086419825197E+00, -6.144420748170372E+00,  4.108915316396360E-01,  1.608799046703610E-03,  2.858144432067319E-03, -3.164572184016472E-03,  5.673775176644543E-02,  9.823837188363425E+00, -3.173487528261067E-03

2435108.500000000, A.D. 1955-Jan-01, -7.032928939106626E+00, -6.907267781048540E+00,  3.996529211078793E-01, -3.650208607005271E-03, -6.406361580967725E-03,  2.265423771425228E-03,  5.697956738951215E-02,  9.865706265594204E+00,  7.179161228705043E-03

2435289.500000000, A.D. 1955-Jul-01, -6.350917387063888E+00, -7.594945266291930E+00,  3.852378699473654E-01, -2.434727700501688E-04, -9.621969404533028E-03,  3.339780576767170E-03,  5.722304561910613E-02,  9.907863214221429E+00,  7.661714210635949E-03

2435473.500000000, A.D. 1956-Jan-01, -5.590515506197307E+00, -8.224326920644758E+00,  3.669849455348367E-01,  1.171637332729746E-02, -5.965016214096267E-03,  1.225127305440720E-05,  5.747383524226420E-02,  9.951286091401645E+00, -1.651829436640054E-03

2435655.500000000, A.D. 1956-Jul-01, -4.777773803145448E+00, -8.759414849025475E+00,  3.431263812348785E-01,  7.507598461839611E-03, -9.282349498190392E-03,  2.850006035703088E-03,  5.766044681219665E-02,  9.983596883130360E+00,  4.649251724971018E-03

2435839.500000000, A.D. 1957-Jan-01, -3.902241292458874E+00, -9.207947044804401E+00,  3.162527936750771E-01,  1.158671874207439E-02,  1.589031541615766E-03, -2.182285854006460E-03,  5.778803427811713E-02,  1.000568796805100E+01, -6.050163147039518E-03

2436020.500000000, A.D. 1957-Jul-01, -3.010174013345814E+00, -9.557449462615564E+00,  2.868282034332591E-01,  7.841830064541434E-03,  4.792460460894477E-03, -3.296003247021084E-03,  5.789600884621458E-02,  1.002438318498239E+01, -7.018322935738377E-03

2436204.500000000, A.D. 1958-Jan-01, -2.080791027723906E+00, -9.819325804291775E+00,  2.540924932443193E-01, -2.805024405869923E-03,  2.184197335982267E-04, -4.694052826846763E-04,  5.798960182443913E-02,  1.004058830681797E+01,  3.558220516767653E-04

2436385.500000000, A.D. 1958-Jul-01, -1.141975015752702E+00, -9.988492048444598E+00,  2.198173155023510E-01, -1.819882611745285E-03, -3.599907580126567E-03,  1.404122839957751E-03,  5.807840098237378E-02,  1.005596340440035E+01,  3.813116425024136E-03

2436569.500000000, A.D. 1959-Jan-01, -1.703997801645764E-01, -1.006681852161117E+01,  1.831005654422465E-01,  1.020133667231944E-02, -5.981812222013870E-03,  2.254483972593135E-03,  5.815903859697147E-02,  1.006992537455959E+01,  5.848336272875228E-03

2436750.500000000, A.D. 1959-Jul-01,  7.885476657323347E-01, -1.003945480072883E+01,  1.445346273190507E-01,  1.278933092462223E-02, -1.800777023167058E-03,  5.835463868541786E-04,  5.816762769795207E-02,  1.007141253129388E+01,  2.804786235191997E-03

2436934.500000000, A.D. 1960-Jan-01,  1.754385830284875E+00, -9.906343246089603E+00,  1.035160733584128E-01,  5.988675645341449E-03,  8.143826210856256E-03, -3.544852656992818E-03,  5.810763365398006E-02,  1.006102488458770E+01, -7.010820480388939E-03

2437116.500000000, A.D. 1960-Jul-01,  2.684251336668597E+00, -9.684933213086275E+00,  6.375300788803352E-02,  1.092066688664503E-02,  2.726232830251896E-03, -1.523283183053235E-03,  5.804531000447521E-02,  1.005023387918727E+01,  2.799256169070593E-04

2437300.500000000, A.D. 1961-Jan-01,  3.600517815542795E+00, -9.369553309679905E+00,  2.085041329684938E-02,  1.691082207601326E-03,  6.676498090654566E-03, -3.009963431410615E-03,  5.797213530173120E-02,  1.003756407215961E+01, -5.631823791261621E-03

2437481.500000000, A.D. 1961-Jul-01,  4.470953831986445E+00, -8.967357866281514E+00, -2.134974674278521E-02, -7.838844016384454E-04,  5.060730893704590E-03, -1.430136073302598E-03,  5.787155570279525E-02,  1.002014925444732E+01, -4.875732054937092E-03

2437665.500000000, A.D. 1962-Jan-01,  5.314011486343278E+00, -8.466217156185674E+00, -6.352977586005172E-02,  3.213002082986726E-03, -2.242859543456161E-03,  3.132207085464618E-03,  5.773195731949874E-02,  9.995978543649530E+00,  3.587790564942437E-03

2437846.500000000, A.D. 1962-Jul-01,  6.087606546306521E+00, -7.887472462604031E+00, -1.038202042224447E-01,  6.311179008155644E-03, -1.629077554337892E-03,  2.827454617916711E-03,  5.754745533948402E-02,  9.964033016092214E+00,  5.115973822653727E-03

2438030.500000000, A.D. 1963-Jan-01,  6.808510036690699E+00, -7.219784841586529E+00, -1.432229049248376E-01,  8.761572565767213E-03,  6.768279149415651E-03, -2.367848029643143E-03,  5.732085265044545E-02,  9.924797976735633E+00,  1.121117592917337E-03

2438211.500000000, A.D. 1963-Jul-01,  7.450111497739988E+00, -6.494782996755085E+00, -1.815952481419657E-01,  5.638248416610829E-03,  9.004926608004065E-03, -3.490489325137277E-03,  5.709278635393200E-02,  9.885309521600437E+00, -1.602945113172847E-03

2438395.500000000, A.D. 1964-Jan-01,  8.028301805348594E+00, -5.693573465056332E+00, -2.199808088882347E-01, -3.228622575539536E-03,  5.457544638708216E-03, -4.121136213381139E-04,  5.685844541196507E-02,  9.844734645283040E+00, -5.780006547031826E-03

2438577.500000000, A.D. 1964-Jul-01,  8.522219753045087E+00, -4.838923704332288E+00, -2.545013792788058E-01,  1.271852617083323E-03,  1.170784412063848E-02, -3.343542564154068E-03,  5.662016754626355E-02,  9.803478111751746E+00, -4.586476374906338E-03

2438761.500000000, A.D. 1965-Jan-01,  8.924091613809294E+00, -3.915688912679558E+00, -2.867604751641497E-01, -4.963922191267373E-03,  3.128338873000061E-03,  2.089690788269034E-03,  5.630886385170553E-02,  9.749577547907364E+00, -5.861519504961323E-03

2438942.500000000, A.D. 1965-Jul-01,  9.222234389251735E+00, -2.972124627343224E+00, -3.144321581993925E-01, -2.834237537735480E-03, -1.901098655268363E-04,  3.276992875908744E-03,  5.599036606801971E-02,  9.694431366143521E+00, -2.744190310105627E-03

2439126.500000000, A.D. 1966-Jan-01,  9.424177493568335E+00, -1.988145976560606E+00, -3.384663842241580E-01,  7.690508949975246E-03,  2.613887559390286E-03,  7.023259584261940E-05,  5.566185728582532E-02,  9.637551833720213E+00,  6.978552345417342E-03

2439307.500000000, A.D. 1966-Jul-01,  9.526032583910091E+00, -9.967440694297700E-01, -3.602061370965080E-01,  7.667776112496311E-03,  6.756213654962707E-03, -1.989691094652897E-03,  5.535723418498169E-02,  9.584807978820555E+00,  6.992938021576393E-03

2439491.500000000, A.D. 1967-Jan-01,  9.527549091580612E+00,  2.674220377914349E-02, -3.798838745517815E-01, -3.501785512261543E-03,  1.173744379835630E-02, -2.648455382501158E-03,  5.507047391986637E-02,  9.535156978051594E+00, -3.360557444815280E-03

2439672.500000000, A.D. 1967-Jul-01,  9.415705879814514E+00,  1.035589996065147E+00, -3.933548778250914E-01, -7.556102662080054E-03,  9.267817683184914E-03, -7.425299068337048E-04,  5.475565796732323E-02,  9.480648285588522E+00, -6.461193515436977E-03

2439856.500000000, A.D. 1968-Jan-01,  9.184969566027764E+00,  2.048921102580983E+00, -4.007182495491457E-01, -3.768187291755390E-03, -7.804977678581139E-04,  3.526785020157466E-03,  5.440106581029336E-02,  9.419252556810420E+00, -3.994277766080136E-03

2440038.500000000, A.D. 1968-Jul-01,  8.851709945057467E+00,  3.022007548981043E+00, -4.048768932757422E-01, -9.628437481474798E-03,  2.505603045639684E-03,  1.650865776991205E-03,  5.407107500926151E-02,  9.362116420779881E+00, -8.366119195507759E-03

2440222.500000000, A.D. 1969-Jan-01,  8.411365285716904E+00,  3.961509425539490E+00, -4.031780751143609E-01,  2.034569604434363E-03, -1.263977534436278E-03,  2.478069040726540E-03,  5.374869252279602E-02,  9.306297623580203E+00,  1.193508586249241E-03

2440403.500000000, A.D. 1969-Jul-01,  7.880641574208382E+00,  4.844813325910748E+00, -3.976495394309308E-01,  4.515461096344668E-03,  2.109508149284127E-03,  7.884879856736549E-04,  5.347732439201117E-02,  9.259311688255968E+00,  4.913039249849678E-03

2440587.500000000, A.D. 1970-Jan-01,  7.244168490974800E+00,  5.689882814970444E+00, -3.877649573654564E-01, -2.571331788798856E-03,  1.174271495735105E-02, -3.274232928306662E-03,  5.324862063822596E-02,  9.219712860815608E+00,  5.364282472908148E-03

2440768.500000000, A.D. 1970-Jul-01,  6.520080516988643E+00,  6.447686465930406E+00, -3.723453171433196E-01, -8.058719543043243E-03,  1.055850702554754E-02, -2.652509760410636E-03,  5.300363809491151E-02,  9.177295448341825E+00,  1.800322572761152E-03

2440952.500000000, A.D. 1971-Jan-01,  5.694109553851096E+00,  7.130246195821043E+00, -3.512365691476880E-01, -1.111320929698040E-02, -1.031528775556915E-03,  2.565316609874945E-03,  5.273989490972132E-02,  9.131629731421736E+00, -7.833861037789790E-03

2441133.500000000, A.D. 1971-Jul-01,  4.816259882591444E+00,  7.707232325897920E+00, -3.262284781310782E-01, -7.172966312557418E-03, -4.094130974288525E-03,  3.428577107762683E-03,  5.252363649161905E-02,  9.094185747056706E+00, -7.391512538175559E-03

2441317.500000000, A.D. 1972-Jan-01,  3.868529610116641E+00,  8.191905599640650E+00, -2.967534616295429E-01,  2.915344945796179E-03,  1.562382697361028E-03, -3.775401687386064E-05,  5.235082909048339E-02,  9.064265073063684E+00,  2.657489962489139E-03

2441499.500000000, A.D. 1972-Jul-01,  2.874924947400658E+00,  8.572806350500910E+00, -2.644202509918498E-01, -2.935869484878271E-03, -3.310669153024371E-03,  3.215077949176021E-03,  5.224470171657688E-02,  9.045889687891956E+00, -4.164572306530332E-03

2441683.500000000, A.D. 1973-Jan-01,  1.828593327375370E+00,  8.842890704314588E+00, -2.266927998291516E-01, -7.439036884188350E-04,  4.542632628565489E-03, -1.922549090345313E-03,  5.216922454018746E-02,  9.032821219910725E+00,  4.344770432630409E-03

2441864.500000000, A.D. 1973-Jul-01,  7.732175659795146E-01,  8.986823499456344E+00, -1.873284040396639E-01, -3.923523492415620E-03,  5.625159741988509E-03, -3.023865470216229E-03,  5.210655672631406E-02,  9.021970624297117E+00,  5.329770885719496E-03

2442048.500000000, A.D. 1974-Jan-01, -3.093251554860689E-01,  9.007548718194966E+00, -1.458173915484863E-01, -1.233830907972861E-02,  3.086317200871080E-04,  6.949927200105907E-05,  5.206074094318899E-02,  9.014037867357240E+00,  7.306859060888858E-04

2442229.500000000, A.D. 1974-Jul-01, -1.366089703606568E+00,  8.910565484474139E+00, -1.023654599599150E-01, -1.130612246306054E-02, -3.370036730043512E-03,  2.002842585634032E-03,  5.206778150323349E-02,  9.015256902539967E+00, -1.640416634380437E-03

2442413.500000000, A.D. 1975-Jan-01, -2.419997415480426E+00,  8.695439754154169E+00, -5.581794395487287E-02, -1.198684153499382E-03, -5.687654800402612E-03,  2.641500895274235E-03,  5.213030825277654E-02,  9.026083073621914E+00, -5.174258853355452E-03

2442594.500000000, A.D. 1975-Jul-01, -3.429733317160956E+00,  8.369404077931549E+00, -9.485435310443484E-03,  6.673749522267245E-04, -3.603384645427326E-03,  9.344763743904098E-04,  5.223894399876979E-02,  9.044892769957206E+00, -3.588319396940520E-03

2442778.500000000, A.D. 1976-Jan-01, -4.414476031711007E+00,  7.924040079009761E+00,  3.733046804195353E-02, -5.272982404849012E-03,  2.888203400493661E-03, -3.079258863936230E-03,  5.238856873030649E-02,  9.070799489138111E+00,  5.076591520318819E-03

2442960.500000000, A.D. 1976-Jul-01, -5.328651371705974E+00,  7.371470777715147E+00,  8.385547603188367E-02,  2.239767694881323E-03, -2.338483968993987E-03, -1.557391396233090E-03,  5.253504259188058E-02,  9.096160652096733E+00, -3.221535366283464E-03

2443144.500000000, A.D. 1977-Jan-01, -6.173831930596419E+00,  6.719312411316429E+00,  1.271211338377172E-01, -7.386105361946671E-03,  2.003339134581588E-03, -2.390957291699997E-03,  5.270663470091003E-02,  9.125870904784437E+00,  6.438584771643253E-03

2443325.500000000, A.D. 1977-Jul-01, -6.930033922647731E+00,  5.995257411833673E+00,  1.694485451779858E-01, -1.018681352796238E-02, -6.009876976489614E-04, -5.306093011895638E-04,  5.293261586998931E-02,  9.164998331295966E+00,  7.299725976066884E-03

2443509.500000000, A.D. 1978-Jan-01, -7.615501194707440E+00,  5.184152455526856E+00,  2.119485507139527E-01, -5.504952367502327E-03, -1.041939245313572E-02,  3.796308014958097E-03,  5.322139901648867E-02,  9.214999583119107E+00, -1.224972997106210E-03

2443690.500000000, A.D. 1978-Jul-01, -8.194326838658474E+00,  4.315477628647566E+00,  2.508596953330920E-01, -8.081129735300421E-04, -1.126316746300418E-02,  3.141368644118307E-03,  5.350800955714555E-02,  9.264624659901708E+00, -4.446587327379650E-03

2443874.500000000, A.D. 1979-Jan-01, -8.677016209436704E+00,  3.372254436697872E+00,  2.866405425340571E-01,  3.702215723874660E-03, -2.510680482858855E-03, -2.438438093414867E-03,  5.379140334862337E-02,  9.313692773829295E+00, -4.433235609660268E-03

2444055.500000000, A.D. 1979-Jul-01, -9.042929217206012E+00,  2.407397326679046E+00,  3.173265915731496E-01,  1.446045744614813E-03,  2.091295449405354E-04, -3.386357610906685E-03,  5.407773807885920E-02,  9.363270095517857E+00, -1.457569052827400E-03

2444239.500000000, A.D. 1980-Jan-01, -9.303232708073393E+00,  1.403551032517926E+00,  3.439348138345308E-01, -7.890974868329223E-03, -3.686794581646426E-03,  3.920380877333740E-04,  5.437532742334993E-02,  9.414796093257470E+00,  7.262165427837595E-03

2444421.500000000, A.D. 1980-Jul-01, -9.454132960956233E+00,  3.936725591894766E-01,  3.682339394187931E-01, -3.960777703761305E-03,  1.452081669432732E-03, -2.708544631243032E-03,  5.469120195394393E-02,  9.469488072828316E+00,  3.909396727968712E-03

2444605.500000000, A.D. 1981-Jan-01, -9.504884952593800E+00, -6.339692386277069E-01,  3.885605949974150E-01, -6.824603290432438E-03, -9.759763541397220E-03,  2.596777366571195E-03,  5.506336114869068E-02,  9.533925439899086E+00,  7.558635191463482E-03

2444786.500000000, A.D. 1981-Jul-01, -9.440490164697696E+00, -1.643205210318755E+00,  4.039720783406094E-01, -2.026709074173562E-03, -1.263613926273014E-02,  3.429275127796507E-03,  5.539266221162922E-02,  9.590942151480816E+00,  4.304293332691460E-03

2444970.500000000, A.D. 1982-Jan-01, -9.260001481272933E+00, -2.653601775654707E+00,  4.147524837261322E-01,  9.611104634130622E-03, -6.663571115398691E-03, -1.945928978130215E-04,  5.568547681661946E-02,  9.641641428703505E+00, -7.405075932385032E-03

2445151.500000000, A.D. 1982-Jul-01, -8.981444186400399E+00, -3.610418711624863E+00,  4.200318420836516E-01,  9.183259318643158E-03, -1.794306691468417E-03, -2.081178384765207E-03,  5.595934543606235E-02,  9.689060310217945E+00, -7.934194988542908E-03

2445335.500000000, A.D. 1983-Jan-01, -8.603137211841062E+00, -4.536041265327716E+00,  4.203178832005399E-01, -3.051193546372855E-03,  1.124981907368876E-03, -2.168890091129807E-03,  5.622350883117467E-02,  9.734798784230646E+00,  2.078650986144467E-03

2445516.500000000, A.D. 1983-Jul-01, -8.144569322172703E+00, -5.404854041231057E+00,  4.174095248349237E-01, -5.346537718425265E-03, -2.499535664580886E-03, -3.246982597560050E-04,  5.650590967679020E-02,  9.783694974911644E+00,  5.817775443620815E-03

2445700.500000000, A.D. 1984-Jan-01, -7.594398380794790E+00, -6.238187601703022E+00,  4.109775024323647E-01,  2.729776557113983E-03, -1.192630236481320E-02,  3.340733346959070E-03,  5.681148542201206E-02,  9.836603775072236E+00,  5.595474656381865E-03

2445882.500000000, A.D. 1984-Jul-01, -6.961322600494532E+00, -6.994881479337203E+00,  3.979866263993093E-01, -2.050100792390492E-03, -6.794093435827176E-03,  1.618035668905169E-03,  5.704235133289934E-02,  9.876576968409818E+00,  6.321952239068920E-03

2446066.500000000, A.D. 1985-Jan-01, -6.246819580673096E+00, -7.684516613834274E+00,  3.822833943613439E-01,  8.902157173766896E-03, -7.962884523244326E-03,  2.287090923529649E-03,  5.723905556163922E-02,  9.910635249840457E+00,  6.513271236737496E-04

2446247.500000000, A.D. 1985-Jul-01, -5.485565028413475E+00, -8.281905451539892E+00,  3.628370305863529E-01,  1.089605651059432E-02, -4.427123801873078E-03,  5.648239934824308E-04,  5.741139241173026E-02,  9.940474450445704E+00, -2.303820290100197E-03

2446431.500000000, A.D. 1986-Jan-01, -4.661256585891666E+00, -8.804220641655624E+00,  3.391660465185882E-01,  4.371321161825662E-03,  3.458239595800202E-03, -3.456630055634979E-03,  5.756909887906027E-02,  9.967780478801910E+00, -5.216339349423465E-03

2446612.500000000, A.D. 1986-Jul-01, -3.804020932103066E+00, -9.236718373070428E+00,  3.123669150335586E-01,  9.603358323068296E-04,  2.696597785936485E-03, -2.872093049179956E-03,  5.772199765654672E-02,  9.994254081466144E+00, -2.947493482497554E-03

2446796.500000000, A.D. 1987-Jan-01, -2.892356166702541E+00, -9.588344618607744E+00,  2.816744194429074E-01,  5.230939557414439E-04, -6.126093071517889E-03,  2.319655413422233E-03,  5.786522258823720E-02,  1.001905270965348E+01,  5.776943866443662E-03

2446977.500000000, A.D. 1987-Jul-01, -1.964243708043734E+00, -9.836193319176985E+00,  2.491687428149665E-01,  4.330003974047842E-03, -6.868388400965179E-03,  3.123989505414340E-03,  5.794863876316930E-02,  1.003349577262119E+01,  5.963227068092841E-03

2447161.500000000, A.D. 1988-Jan-01, -1.000983165116198E+00, -9.986368041889886E+00,  2.144202206151355E-01,  1.212949424240883E-02, -4.271965692030326E-05, -5.375923036847306E-04,  5.797869366050110E-02,  1.003869961677977E+01, -1.178447053239712E-03

2447343.500000000, A.D. 1988-Jul-01, -4.782273620788938E-02, -1.003823576476198E+01,  1.775223602831719E-01,  7.188517131807987E-03, -5.875813717733655E-03,  2.768835078081313E-03,  5.798573765292848E-02,  1.003991924626117E+01,  5.889545277989016E-03

2447527.500000000, A.D. 1989-Jan-01,  9.184357546895927E-01, -1.000068925833166E+01,  1.388563986664136E-01,  1.086768451441232E-02,  3.081149080707318E-03, -2.745558476512012E-03,  5.800776934829131E-02,  1.004373391606195E+01, -2.112121151923110E-03

2447708.500000000, A.D. 1989-Jul-01,  1.864242928660154E+00, -9.865907097241418E+00,  9.825849196851283E-02,  8.122772737160026E-03,  6.208245762709712E-03, -3.731559285902298E-03,  5.799183527264227E-02,  1.004097501638670E+01, -4.628416225282110E-03

2447892.500000000, A.D. 1990-Jan-01,  2.810790445444920E+00, -9.628025782696481E+00,  5.500977003164335E-02, -1.333980245897438E-03,  3.151087234161084E-03, -5.905461164153127E-05,  5.792889497539863E-02,  1.003007724174004E+01, -3.398930618634086E-03

2448073.500000000, A.D. 1990-Jul-01,  3.710429339619511E+00, -9.299157335053508E+00,  1.362761246634867E-02, -1.417251226147657E-03,  2.927244477212474E-04,  1.938465251320937E-03,  5.782496680818992E-02,  1.001208263740418E+01, -7.944685297887565E-04

2448257.500000000, A.D. 1991-Jan-01,  4.582782318516617E+00, -8.873696115308951E+00, -2.678342911876959E-02,  8.369792213393153E-03, -2.437692220559273E-03,  2.074367321798523E-03,  5.768152559584182E-02,  9.987246561381824E+00,  6.000924951097830E-03

2448438.500000000, A.D. 1991-Jul-01,  5.398304633031355E+00, -8.372885894780740E+00, -6.755527826675781E-02,  1.063530598468435E-02,  3.534331118269324E-04,  1.275656401109560E-04,  5.753862125679284E-02,  9.962503442089632E+00,  5.464966615893954E-03

2448622.500000000, A.D. 1992-Jan-01,  6.177966679857088E+00, -7.783404235378351E+00, -1.099206325980142E-01,  5.025985579716714E-03,  9.118459945760419E-03, -3.757184226744237E-03,  5.739619815296764E-02,  9.937843646093494E+00, -3.975640758402079E-03

2448804.500000000, A.D. 1992-Jul-01,  6.889152023099185E+00, -7.119417266555478E+00, -1.495745826074870E-01,  1.130160876943701E-02,  6.763765754233373E-03, -2.316828436901229E-03,  5.722395989595379E-02,  9.908021516350379E+00,  3.032993904731514E-03

2448988.500000000, A.D. 1993-Jan-01,  7.537680413780024E+00, -6.364934888687542E+00, -1.896193394025266E-01, -1.556037473124605E-03,  1.056196075297301E-02, -2.423752194912066E-03,  5.698917249435284E-02,  9.867369337943641E+00, -7.955060026172016E-03

2449169.500000000, A.D. 1993-Jul-01,  8.092490566236444E+00, -5.562321806923122E+00, -2.255543620840046E-01, -5.098427033831517E-03,  7.217653054205806E-03, -4.953363560934942E-04,  5.672920443527330E-02,  9.822357263847282E+00, -8.276440592885048E-03

2449353.500000000, A.D. 1994-Jan-01,  8.566923571274206E+00, -4.694715953342266E+00, -2.584285395344461E-01,  1.334178805548234E-03, -2.572329353126449E-03,  3.264595065376769E-03,  5.644053376973441E-02,  9.772375487498721E+00,  2.319036860893568E-03

2449534.500000000, A.D. 1994-Jul-01,  8.952414792989702E+00, -3.793322412805588E+00, -2.892259528105927E-01,  5.924040328494761E-03, -1.664858784524232E-03,  2.395161078324653E-03,  5.617969831865208E-02,  9.727213229132651E+00,  6.030202925118060E-03

2449718.500000000, A.D. 1995-Jan-01,  9.256262821967521E+00, -2.834425818630910E+00, -3.185606506569895E-01,  7.750660823238463E-03,  9.898103680649155E-03, -2.963323273869492E-03,  5.594025618801163E-02,  9.685755109376172E+00,  4.607871114037504E-03

2449899.500000000, A.D. 1995-Jul-01,  9.450515938146152E+00, -1.854065211751117E+00, -3.438298521106939E-01,  2.827810231597272E-03,  1.275408152980323E-02, -3.560428938232446E-03,  5.565754922769370E-02,  9.636805916577474E+00,  4.463666264566576E-04

2450083.500000000, A.D. 1996-Jan-01,  9.535703937236351E+00, -8.322108224402994E-01, -3.653186509282184E-01, -8.147511005816515E-03,  6.291584076877405E-03,  5.765677594669324E-04,  5.532322015139972E-02,  9.578918631470236E+00, -8.679352157646208E-03

2450265.500000000, A.D. 1996-Jul-01,  9.513816545459729E+00,  1.789178851554828E-01, -3.813625725669708E-01, -4.615033405532810E-03,  1.067070620140148E-02, -2.733280974455355E-03,  5.500105715632171E-02,  9.523137838026221E+00, -4.300581448819910E-03

2450449.500000000, A.D. 1997-Jan-01,  9.382142967815886E+00,  1.194941173254062E+00, -3.942055243315913E-01, -5.800941851410117E-03,  7.159494224398945E-04,  2.420328648533237E-03,  5.467189028748482E-02,  9.466144361432928E+00, -5.759879967726557E-03

2450630.500000000, A.D. 1997-Jul-01,  9.150221712766401E+00,  2.184460343137450E+00, -4.021777696736429E-01, -2.334134996740663E-03, -7.680630194280766E-04,  3.225065201625829E-03,  5.438200929553659E-02,  9.415953023562807E+00, -2.584199964000068E-03

2450814.500000000, A.D. 1998-Jan-01,  8.808820078402608E+00,  3.169420479759674E+00, -4.050847310682798E-01,  5.106269479220348E-03,  5.817928978296408E-03, -3.747423788819931E-04,  5.411898934265438E-02,  9.370412530435020E+00,  6.784277061141143E-03

2450995.500000000, A.D. 1998-Jul-01,  8.361302124523878E+00,  4.101820589719126E+00, -4.033794477204819E-01,  2.586219696291263E-03,  8.984395491702697E-03, -2.102774379964640E-03,  5.383917629944132E-02,  9.321964403850432E+00,  6.363976094855963E-03

2451179.500000000, A.D. 1999-Jan-01,  7.797497549780391E+00,  4.997653653707236E+00, -3.971259064633313E-01, -9.187994788811660E-03,  8.694210911880329E-03, -1.902752368621012E-03,  5.353977735543165E-02,  9.270125083666823E+00, -2.959731332263446E-03

2451360.500000000, A.D. 1999-Jul-01,  7.150594472240911E+00,  5.812179088572435E+00, -3.858118793789557E-01, -1.088233880167444E-02,  4.693728063510555E-03, -7.057816374574113E-05,  5.326683810655828E-02,  9.222867117678261E+00, -5.476298535334535E-03

2451544.500000000, A.D. 2000-Jan-01,  6.407099172111995E+00,  6.563425682479824E+00, -3.691508909286089E-01, -2.951070004531294E-03, -2.522677629532994E-03,  3.324354376214091E-03,  5.301716599089717E-02,  9.179637730923119E+00, -3.997150517313844E-03

2451726.500000000, A.D. 2000-Jul-01,  5.591601981542291E+00,  7.231963607433545E+00, -3.492382652229385E-01, -1.052115515920879E-02,  1.519768601920722E-03,  2.235963523329588E-03,  5.283550666643987E-02,  9.148184393918108E+00, -5.314725058433228E-03

2451910.500000000, A.D. 2001-Jan-01,  4.686665799826353E+00,  7.813220891229194E+00, -3.217744287554536E-01, -1.256088353399532E-03, -1.593622196041214E-03,  2.429327521465708E-03,  5.265385071012674E-02,  9.116731640089183E+00, -2.097230103130034E-03

2452091.500000000, A.D. 2001-Jul-01,  3.735012067583547E+00,  8.279272359641345E+00, -2.915325578327135E-01,  5.933764647090934E-04,  1.083451724496166E-04,  5.395962645126295E-04,  5.248470535958934E-02,  9.087445030501828E+00,  3.252814799714538E-04

2452275.500000000, A.D. 2002-Jan-01,  2.720027112588686E+00,  8.638346054259934E+00, -2.582332076978817E-01, -5.100525581826119E-03,  7.013570964211328E-03, -3.269066615312532E-03,  5.232704214349227E-02,  9.060146490864463E+00,  5.248951195231770E-03

2452456.500000000, A.D. 2002-Jul-01,  1.688682204981656E+00,  8.880417805345854E+00, -2.221716212976156E-01, -8.713444726203902E-03,  6.132047891516500E-03, -2.445761691156166E-03,  5.222385409529916E-02,  9.042280034163694E+00,  4.455102796402438E-03

2452640.500000000, A.D. 2003-Jan-01,  6.188193232771508E-01,  9.011589538960827E+00, -1.822941182122771E-01, -1.049033067125337E-02, -2.971602862858819E-03,  3.003754785621122E-03,  5.217979113491018E-02,  9.034650769072604E+00, -3.743149823295851E-03

2452821.500000000, A.D. 2003-Jul-01, -4.457589928370050E-01,  9.021048202623589E+00, -1.395334241447564E-01, -7.593228924834146E-03, -5.544797761740445E-03,  3.747029135721758E-03,  5.217102188614834E-02,  9.033132420716909E+00, -5.220555994736521E-03

2453005.500000000, A.D. 2004-Jan-01, -1.525669275853625E+00,  8.906231292394548E+00, -9.318742039402088E-02,  3.931168650030634E-04, -1.436260416336812E-03, -3.474450274749191E-04,  5.219014359590995E-02,  9.036443242129685E+00, -1.478353365695911E-03

2453187.500000000, A.D. 2004-Jul-01, -2.572955590913009E+00,  8.669780717719359E+00, -4.768817244500718E-02, -2.043195826804509E-03, -8.483152127320395E-03,  2.872578210485988E-03,  5.223172389112992E-02,  9.043642647072033E+00, -7.566310090794316E-03

2453371.500000000, A.D. 2005-Jan-01, -3.585967797650904E+00,  8.311786435118977E+00, -1.697306098467214E-03,  1.021857530098518E-03,  1.897911096942568E-03, -2.597997711657309E-03,  5.228198821300487E-02,  9.052345644619692E+00,  1.338337441684975E-03

2453552.500000000, A.D. 2005-Jul-01, -4.537850718578981E+00,  7.857453887830526E+00,  4.346406666883344E-02, -2.732553599023456E-03,  4.241875771322600E-03, -3.248583930676110E-03,  5.240580703365516E-02,  9.073784208839342E+00,  5.024261748588166E-03

2453736.500000000, A.D. 2006-Jan-01, -5.450360737141218E+00,  7.297682525313046E+00,  8.901040880664683E-02, -1.280566954993226E-02, -2.246419149253656E-03,  9.230680766644756E-04,  5.260813262417142E-02,  9.108815798889880E+00,  5.871677351417860E-03

2453917.500000000, A.D. 2006-Jul-01, -6.280211013667039E+00,  6.645743995579190E+00,  1.338973693832683E-01, -1.148179544817512E-02, -7.290627875658614E-03,  2.747800281952544E-03,  5.281517850266326E-02,  9.144664681468063E+00,  2.627146633344703E-03

2454101.500000000, A.D. 2007-Jan-01, -7.042206290517430E+00,  5.888715442458895E+00,  1.786653885547312E-01,  1.437013920176689E-03, -1.005277024558184E-02,  2.092843996979836E-03,  5.302843047240748E-02,  9.181588115436487E+00, -7.508911552137962E-03

2454282.500000000, A.D. 2007-Jul-01, -7.695741527397981E+00,  5.072806280196794E+00,  2.187420806340595E-01,  4.665841285201444E-03, -6.668838609596319E-03,  3.968556804160800E-05,  5.324941747655219E-02,  9.219850829094902E+00, -7.562828868704410E-03

2454466.500000000, A.D. 2008-Jan-01, -8.256653755503132E+00,  4.185076333983807E+00,  2.551775984926355E-01, -2.588287977388455E-03,  2.315496103042668E-03, -3.189704913988787E-03,  5.348276879573199E-02,  9.260254357538338E+00,  3.266344873845605E-03

2454648.500000000, A.D. 2008-Jul-01, -8.717329047436307E+00,  3.256936281426035E+00,  2.905257470237485E-01,  3.578418310117919E-03, -9.996518379696720E-04, -1.993414368924725E-03,  5.377248410593428E-02,  9.310417008503418E+00, -3.762365357557378E-03

2454832.500000000, A.D. 2009-Jan-01, -9.081431110216023E+00,  2.280294560225447E+00,  3.215457305141891E-01, -7.839073209963708E-03, -1.006061740630919E-03, -1.745887993467226E-03,  5.411001905241666E-02,  9.368859372826828E+00,  7.293791128699599E-03

2455013.500000000, A.D. 2009-Jul-01, -9.329828796153617E+00,  1.285683255261953E+00,  3.486971819055726E-01, -8.659169824043774E-03, -5.084913916285447E-03,  6.204073203952662E-05,  5.443108947490675E-02,  9.424450993191439E+00,  7.880842797168145E-03

2455197.500000000, A.D. 2010-Jan-01, -9.467625617330119E+00,  2.544013634951579E-01,  3.724434306057727E-01,  8.320968350389716E-04, -1.249637835769266E-02,  3.338884324551580E-03,  5.474246042628012E-02,  9.478363202192408E+00, -1.035361408176563E-03

2455378.500000000, A.D. 2010-Jul-01, -9.491352195923854E+00, -7.564022011561169E-01,  3.910737079252981E-01,  5.475899006720720E-03, -1.048957064393929E-02,  2.394134876527237E-03,  5.503764411685737E-02,  9.529472673868833E+00, -4.523132602352241E-03

2455562.500000000, A.D. 2011-Jan-01, -9.406232593987230E+00, -1.768529244856233E+00,  4.053792233746217E-01,  5.043682693471324E-03,  2.239702739284331E-04, -2.750950923731525E-03,  5.532730717409963E-02,  9.579626277514341E+00, -5.110150172391302E-03

2455743.500000000, A.D. 2011-Jul-01, -9.225466620636666E+00, -2.747316607014629E+00,  4.151712097991148E-01,  1.058368017069227E-03,  1.393967972304951E-03, -3.247151135804670E-03,  5.564595772590336E-02,  9.634798910257844E+00, -1.550809101301129E-03

2455927.500000000, A.D. 2012-Jan-01, -8.944826962583267E+00, -3.716571833242900E+00,  4.204800627367157E-01, -5.734171394688914E-03, -6.645692364960059E-03,  9.311229380148786E-04,  5.599562025854778E-02,  9.695341101032504E+00,  7.878204778019916E-03

2456109.500000000, A.D. 2012-Jul-01, -8.560712916190859E+00, -4.639335729872998E+00,  4.211926800973437E-01, -8.478507465552375E-04, -1.470543064008703E-04, -2.679231043074020E-03,  5.628883245837467E-02,  9.746109219667138E+00,  6.989423653878399E-04

2456293.500000000, A.D. 2013-Jan-01, -8.078902771804403E+00, -5.517038469522364E+00,  4.167032538336927E-01, -1.407693784451770E-03, -8.287645043643217E-03,  2.718502853490943E-03,  5.655292030102357E-02,  9.791834612176316E+00,  5.946657499380421E-03

2456474.500000000, A.D. 2013-Jul-01, -7.523848229611867E+00, -6.320848834847046E+00,  4.090072636748606E-01,  2.020563428401285E-03, -9.481830863180855E-03,  3.429271923321861E-03,  5.680265855540872E-02,  9.835075450496539E+00,  4.690701596354684E-03

2456658.500000000, A.D. 2014-Jan-01, -6.885163052564388E+00, -7.072234408387832E+00,  3.980164757428351E-01,  9.832323895914168E-03, -3.895709226088832E-03, -6.607158099197398E-04,  5.705217878751337E-02,  9.878278539429090E+00, -4.090668226454164E-03

2456839.500000000, A.D. 2014-Jul-01, -6.186506286135100E+00, -7.744175573633137E+00,  3.819002021679865E-01,  9.120365804995902E-03, -6.841848886541813E-04, -2.523705745555301E-03,  5.728864791896903E-02,  9.919221900333774E+00, -5.251274418468396E-03

2457023.500000000, A.D. 2015-Jan-01, -5.410227045511054E+00, -8.351669823379847E+00,  3.600790083895797E-01, -3.323859975575488E-04,  5.953154454184876E-04, -2.024025893062625E-03,  5.750937466190330E-02,  9.957439551160512E+00, -3.919083358565308E-04

2457204.500000000, A.D. 2015-Jul-01, -4.590470729086118E+00, -8.863283199564888E+00,  3.358423368778053E-01, -1.474172712734423E-03, -1.513177615809954E-03, -7.952862907452044E-05,  5.768092035147301E-02,  9.987141766567909E+00,  2.017810482515970E-03

2457388.500000000, A.D. 2016-Jan-01, -3.711348245370548E+00, -9.290639831231063E+00,  3.090183770991123E-01,  5.645354023114450E-03, -7.408184671803206E-03,  3.192378487159058E-03,  5.780875142110464E-02,  1.000927503016363E+01,  4.881612735460835E-03

2457570.500000000, A.D. 2016-Jul-01, -2.809455671025428E+00, -9.620538560537451E+00,  2.785526053336606E-01, -2.060397351508978E-03, -4.496081851582985E-03,  2.317708115175995E-03,  5.790670595052588E-02,  1.002623533117905E+01,  4.955890804558981E-03

2457754.500000000, A.D. 2017-Jan-01, -1.873824097776007E+00, -9.868861458403652E+00,  2.471197937608405E-01,  1.003396881514494E-02, -6.792480049532141E-03,  1.768168756676854E-03,  5.803367485918046E-02,  1.004821931622910E+01,  4.843554860066574E-03

2457935.500000000, A.D. 2017-Jul-01, -9.280969388201515E-01, -1.001751931692618E+01,  2.120285051342067E-01,  1.292658109691510E-02, -2.895219675515670E-03, -3.003913078604534E-04,  5.811704486573978E-02,  1.006265438539086E+01,  1.683661836324371E-03

2458119.500000000, A.D. 2018-Jan-01,  4.955231110603954E-02, -1.006735797907247E+01,  1.725428971105868E-01,  5.855273747714259E-03,  6.976538298507129E-03, -3.685354408204132E-03,  5.815345378920974E-02,  1.006895839507113E+01, -7.009766563385911E-03

2458300.500000000, A.D. 2018-Jul-01,  1.005407398609753E+00, -1.001517525718420E+01,  1.331438832755112E-01,  1.128172043434601E-03,  6.924014203101300E-03, -2.571137782995122E-03,  5.813864841418988E-02,  1.006639492385171E+01, -6.810111762489053E-03

2458484.500000000, A.D. 2019-Jan-01,  1.959829481466018E+00, -9.861777171210024E+00,  9.310403463787066E-02, -5.271258947396358E-04, -3.416290008494528E-03,  2.909028409625374E-03,  5.807318833040479E-02,  1.005506086168992E+01,  3.274814213638433E-03

2458665.500000000, A.D. 2019-Jul-01,  2.881155587377048E+00, -9.622725284603922E+00,  5.298268257114495E-02,  3.441346270425308E-03, -5.422027935889485E-03,  3.313828754132333E-03,  5.801470261750911E-02,  1.004493437441390E+01,  6.198678116128155E-03

2458849.500000000, A.D. 2020-Jan-01,  3.793427081220821E+00, -9.291741254496543E+00,  1.147182694446068E-02,  1.263541119477912E-02,  1.746589250637457E-03, -1.372866307450779E-03,  5.796465004226154E-02,  1.003626803965826E+01,  3.157239942568290E-03

2459031.500000000, A.D. 2020-Jul-01,  4.661089745288143E+00, -8.867136570719326E+00, -3.112554063059707E-02,  9.983563796401130E-03, -2.839559731592933E-03,  2.070792791766877E-03,  5.785698453211114E-02,  1.001762633445159E+01,  7.152252822807013E-03

2459215.500000000, A.D. 2021-Jan-01,  5.496151623352770E+00, -8.343080084888248E+00, -7.364126895926228E-02,  9.214117250267320E-03,  8.844998781839036E-03, -3.090584460069650E-03,  5.770320654154990E-02,  9.991000500762480E+00, -2.294540285688880E-03

2459396.500000000, A.D. 2021-Jul-01,  6.255310835268435E+00, -7.745342338859107E+00, -1.143431063561734E-01,  4.133121217288577E-03,  1.064441548241921E-02, -3.524052949074606E-03,  5.750407115224054E-02,  9.956521276928067E+00, -5.643309671164667E-03

2459580.500000000, A.D. 2022-Jan-01,  6.956535865661345E+00, -7.062082395604749E+00, -1.543305218296258E-01, -4.369256785970052E-03,  2.758842856921498E-03,  7.151631335517374E-04,  5.725931041291061E-02,  9.914142268623715E+00, -5.042134483765470E-03

2459761.500000000, A.D. 2022-Jul-01,  7.582265323142793E+00, -6.323961967912742E+00, -1.919444796238045E-01, -2.258263684261136E-03, -7.590879615012757E-04,  2.331806268397247E-03,  5.703454777663382E-02,  9.875225824526675E+00, -1.293123680666262E-03

2459945.500000000, A.D. 2023-Jan-01,  8.146802840995202E+00, -5.510827007064625E+00, -2.280530117029595E-01,  9.725986308294325E-03,  5.196477896473663E-04,  1.312984342789663E-03,  5.682112705489138E-02,  9.838273172055507E+00,  7.732309567996746E-03

2460126.500000000, A.D. 2023-Jul-01,  8.617251409039580E+00, -4.646547461469894E+00, -2.618730356506081E-01,  1.031160890299426E-02,  5.159353438045249E-03, -5.967208064978761E-04,  5.656352963273119E-02,  9.793671561017748E+00,  6.641105984841880E-03

2460310.500000000, A.D. 2024-Jan-01,  9.000465535808910E+00, -3.712307088356354E+00, -2.938799667176177E-01, -3.106410505905212E-04,  1.230310722692903E-02, -3.287805341738146E-03,  5.625602983593105E-02,  9.740429621653387E+00, -4.876849169689605E-03

2460492.500000000, A.D. 2024-Jul-01,  9.277103897004086E+00, -2.757527874729600E+00, -3.203697943711987E-01,  6.029164727935784E-03,  8.503930494576907E-03, -2.492054286130045E-03,  5.592755420612107E-02,  9.683555829387497E+00,  3.436933882062227E-03

2460676.500000000, A.D. 2025-Jan-01,  9.457875076788191E+00, -1.765467208142174E+00, -3.460502294746099E-01, -4.341871366544871E-03,  8.851038956740651E-03, -2.000102652105667E-03,  5.560358375544144E-02,  9.627462084707266E+00, -5.816585881714051E-03

2460857.500000000, A.D. 2025-Jul-01,  9.536220321554126E+00, -7.688522546978949E-01, -3.670125082065656E-01, -5.990839227990900E-03,  6.178772103885993E-03, -7.297352496764911E-05,  5.529597495385247E-02,  9.574201271748782E+00, -6.460459906828203E-03

2461041.500000000, A.D. 2026-Jan-01,  9.510127929192629E+00,  2.561540300219928E-01, -3.833265619592230E-01,  6.775255044367025E-04,  1.933771434142601E-04,  3.220354670015881E-03,  5.499042257454977E-02,  9.521296517271672E+00,  5.522820409592498E-04

2461222.500000000, A.D. 2026-Jul-01,  9.372858915309871E+00,  1.262791789077453E+00, -3.948131297300921E-01,  3.106819390538108E-03,  1.425944880198235E-03,  2.260844623295208E-03,  5.466979010546186E-02,  9.465780726188013E+00,  3.172251823309455E-03

2461406.500000000, A.D. 2027-Jan-01,  9.119797791783931E+00,  2.269824777606101E+00, -4.017894259092545E-01,  1.717946086275317E-03,  9.847778176229248E-03, -2.962028756901238E-03,  5.432802986789086E-02,  9.406606775391120E+00,  4.168364278725042E-03

2461587.500000000, A.D. 2027-Jul-01,  8.765775431754436E+00,  3.229661778444972E+00, -4.047748121586218E-01, -2.208984286016735E-03,  1.054380598528037E-02, -3.407195367394613E-03,  5.400445559895106E-02,  9.350581627452703E+00,  1.718461429623876E-03

2461771.500000000, A.D. 2028-Jan-01,  8.303185940360507E+00,  4.164078553677438E+00, -4.038527055734609E-01, -8.869215664103371E-03,  3.802545068811879E-03,  1.038277874999482E-03,  5.369851458867120E-02,  9.297609583607811E+00, -6.262680879329617E-03

2461953.500000000, A.D. 2028-Jul-01,  7.748852197281297E+00,  5.042091744937335E+00, -3.971803372560141E-01, -7.014304015999635E-03,  1.075557208706256E-02, -2.337421904394192E-03,  5.344310025084368E-02,  9.253385961904931E+00,  8.711991146748674E-05

2462137.500000000, A.D. 2029-Jan-01,  7.082501936399504E+00,  5.872164233494722E+00, -3.846881011975918E-01, -9.312588644964322E-03,  2.844162364106916E-04,  3.157373164997842E-03,  5.318249925934121E-02,  9.208264298956692E+00, -7.113272384570064E-03

2462318.500000000, A.D. 2029-Jul-01,  6.337368345990174E+00,  6.609147596618320E+00, -3.670850079678755E-01, -6.103715329289407E-03, -2.626079747119542E-03,  3.648436943762296E-03,  5.292651120581526E-02,  9.163941341459948E+00, -6.261162674073506E-03

2462502.500000000, A.D. 2030-Jan-01,  5.499829161315591E+00,  7.266080244578967E+00, -3.443430595811200E-01,  2.529460131473798E-03,  2.745742828194946E-03, -8.941376155341341E-04,  5.266899546627234E-02,  9.119353873328953E+00,  3.747006297920142E-03

2462683.500000000, A.D. 2030-Jul-01,  4.610361137839155E+00,  7.822553875750849E+00, -3.191127858329043E-01,  1.179552882175481E-03,  6.192618784996991E-03, -2.640710957992462E-03,  5.247452120454266E-02,  9.085681698717176E+00,  6.022987079081212E-03

2462867.500000000, A.D. 2031-Jan-01,  3.649149116815451E+00,  8.291029547051835E+00, -2.905880803631986E-01, -1.060389412995439E-02,  7.114601638510021E-03, -1.392642613059081E-03,  5.234477569276010E-02,  9.063216959738453E+00,  2.283611540666512E-03

2463048.500000000, A.D. 2031-Jul-01,  2.649629290968499E+00,  8.644346149074561E+00, -2.569212692801227E-01, -1.305126884876616E-02,  3.124254665122848E-03,  7.634273773976875E-04,  5.223932043003542E-02,  9.044957947010419E+00, -8.590450302961336E-04

2463232.500000000, A.D. 2032-Jan-01,  1.591236336887331E+00,  8.885946580090538E+00, -2.174061060206938E-01, -5.394324908225175E-03, -5.580422669928847E-03,  3.539833733617116E-03,  5.215243328555622E-02,  9.029913904295457E+00, -6.527256587264592E-03

2463414.500000000, A.D. 2032-Jul-01,  5.265784730662060E-01,  9.002414311000416E+00, -1.775729204958587E-01, -1.180822492374275E-02, -4.673795555590234E-03,  2.828360428573303E-03,  5.209257580755618E-02,  9.019549903254333E+00, -5.409986284372485E-03

2463598.500000000, A.D. 2033-Jan-01, -5.510920249117887E-01,  8.991847250066838E+00, -1.338559752272621E-01,  9.410386419157550E-04, -4.885439424846724E-03,  1.717303281020272E-03,  5.203576530667871E-02,  9.009713469947863E+00, -4.958825317013128E-03

2463779.500000000, A.D. 2033-Jul-01, -1.602397329046103E+00,  8.869699842154397E+00, -9.002673200549821E-02,  2.451299570240453E-03, -1.103207938021790E-03, -2.245718407433533E-04,  5.205897207305180E-02,  9.013731596987089E+00, -1.519111318272986E-03

2463963.500000000, A.D. 2034-Jan-01, -2.650715211522807E+00,  8.633539025669103E+00, -4.489943790631579E-02, -7.318151945738162E-03,  5.764848517767428E-03, -2.888282647091013E-03,  5.216105374557414E-02,  9.031406490678741E+00,  7.673119760129414E-03

2464144.500000000, A.D. 2034-Jul-01, -3.653979050405307E+00,  8.282185367773010E+00,  1.163645179734257E-03, -1.150978878477845E-02,  2.880748376325903E-03, -1.657775528038762E-03,  5.228237007904779E-02,  9.052411762675423E+00,  7.281318151487819E-03

2464328.500000000, A.D. 2035-Jan-01, -4.629904592723650E+00,  7.807546465955101E+00,  4.878635950911572E-02, -9.423780738221801E-03, -9.154373681556267E-03,  3.363599891330294E-03,  5.242573180282153E-02,  9.077234075677772E+00, -3.049155077467069E-03

2464509.500000000, A.D. 2035-Jul-01, -5.521542015306395E+00,  7.237221287151262E+00,  9.440352079889366E-02, -4.017465331926182E-03, -1.079767562200686E-02,  3.503213570873598E-03,  5.257743048335084E-02,  9.103499887995188E+00, -6.111039625126593E-03

2464693.500000000, A.D. 2036-Jan-01, -6.347524924339212E+00,  6.563659153747015E+00,  1.390105705346920E-01,  3.692981726611230E-03, -2.053706804930651E-03, -1.180386991146730E-03,  5.274158881820391E-02,  9.131923022583736E+00, -4.061051675694918E-03

2464875.500000000, A.D. 2036-Jul-01, -7.090425839565845E+00,  5.819836683161557E+00,  1.813707126732328E-01,  8.496353701248939E-04, -8.240657018450571E-03,  2.464030972397709E-03,  5.298940748055402E-02,  9.174831493846170E+00, -5.835164555803552E-03

2465059.500000000, A.D. 2037-Jan-01, -7.753207389542860E+00,  4.992057596490982E+00,  2.226146534189625E-01, -1.537545232237130E-04,  2.164228332666358E-04, -2.687692204785233E-03,  5.327345784010482E-02,  9.224013289011578E+00,  1.815008536279795E-04

2465240.500000000, A.D. 2037-Jul-01, -8.309190707354244E+00,  4.110026054646615E+00,  2.598426452161289E-01, -3.217833618773496E-03,  5.198780122142489E-04, -3.143723607767207E-03,  5.356072667751919E-02,  9.273752346344443E+00,  3.025467024828673E-03

2465424.500000000, A.D. 2038-Jan-01, -8.768797120524551E+00,  3.157878913702717E+00,  2.936308064182536E-01, -8.437286056339394E-03, -6.839215239092062E-03,  1.186319505653315E-03,  5.385503497757084E-02,  9.324710248849868E+00,  5.655486833565359E-03

2465605.500000000, A.D. 2038-Jul-01, -9.111044350806083E+00,  2.186385147547597E+00,  3.240045718034571E-01, -5.635048049898511E-03, -9.597207108537785E-03,  2.792325808395922E-03,  5.414725953404322E-02,  9.375307362338670E+00,  3.334579522690978E-03

2465789.500000000, A.D. 2039-Jan-01, -9.347400144704180E+00,  1.176706511561546E+00,  3.519730973603561E-01,  4.918496541015676E-03, -8.135761000447387E-03,  1.551818097953082E-03,  5.445012539133635E-02,  9.427746959949259E+00, -5.834093791033557E-03

2465970.500000000, A.D. 2039-Jul-01, -9.475630583275239E+00,  1.694439646490426E-01,  3.749608783026419E-01,  5.892721046449123E-03, -5.016230802324595E-03, -4.186734612563726E-04,  5.477825120349772E-02,  9.484560183166877E+00, -5.993341058747758E-03

2466154.500000000, A.D. 2040-Jan-01, -9.498974769733934E+00, -8.588697433774412E-01,  3.932611938485904E-01, -2.272250204450775E-03, -2.316125319547724E-04, -2.983944045244183E-03,  5.513210492738410E-02,  9.545828056209597E+00,  2.159006305112211E-03

2466336.500000000, A.D. 2040-Jul-01, -9.409603038725155E+00, -1.872793452507742E+00,  4.078188623623353E-01,  6.721324184013393E-03, -2.382112654474207E-03, -2.720462587578412E-03,  5.546130773096298E-02,  9.602827754710590E+00, -6.237042355768542E-03

2466520.500000000, A.D. 2041-Jan-01, -9.205702810627972E+00, -2.870169390720989E+00,  4.152826319855981E-01, -3.561992546830731E-03, -8.495436734763906E-04, -1.571456393140732E-03,  5.574356529594562E-02,  9.651699137119035E+00,  3.582413832971474E-03

2466701.500000000, A.D. 2041-Jul-01, -8.908821403014283E+00, -3.817027421280545E+00,  4.197339551005346E-01, -5.080748078520223E-03, -3.649750844506848E-03,  5.137684154089484E-04,  5.602936683736164E-02,  9.701184140025244E+00,  6.124027899177663E-03

2466885.500000000, A.D. 2042-Jan-01, -8.515723867327868E+00, -4.736984170559558E+00,  4.214978647450447E-01,  2.805278471330238E-03, -1.096344672921620E-02,  3.332268601665609E-03,  5.633254547773901E-02,  9.753677894348058E+00,  3.019296023265853E-03

2467066.500000000, A.D. 2042-Jul-01, -8.037273117392699E+00, -5.597120527823748E+00,  4.179877066530773E-01,  7.192810864570309E-03, -9.878403054213163E-03,  2.003892844511413E-03,  5.661782511939707E-02,  9.803072533112385E+00, -1.716166337961200E-04

2467250.500000000, A.D. 2043-Jan-01, -7.461471702080479E+00, -6.416963058549434E+00,  4.088403820477285E-01,  7.663727499574538E-03,  1.693186426236417E-04, -3.349234980486615E-03,  5.688757300802658E-02,  9.849777932203791E+00, -6.054806541310244E-03

2467431.500000000, A.D. 2043-Jul-01, -6.816005373632344E+00, -7.152671395427157E+00,  3.951116385277955E-01,  4.373803797923892E-03,  2.392074326153339E-03, -3.567591549904066E-03,  5.710896967393483E-02,  9.888111576597778E+00, -4.887807784809140E-03

2467615.500000000, A.D. 2044-Jan-01, -6.089560038858631E+00, -7.820303360231676E+00,  3.769364782837050E-01, -2.619749905427494E-03, -3.877022349880696E-03,  1.398175450980452E-03,  5.728602890835191E-02,  9.918768432702505E+00,  4.718291277229098E-03

2467797.500000000, A.D. 2044-Jul-01, -5.312773677064390E+00, -8.402412660325142E+00,  3.565894447360653E-01, -1.506695831780260E-03,  2.630542778304027E-03, -2.070655479533364E-03,  5.745211446016949E-02,  9.947525254564459E+00, -1.491481096808728E-03

2467981.500000000, A.D. 2045-Jan-01, -4.482789236149956E+00, -8.910460049079147E+00,  3.330571885531977E-01, -7.249173433146676E-05, -8.646542210280522E-03,  3.054829896442887E-03,  5.764031667509348E-02,  9.980111457935948E+00,  7.854327827996152E-03

2468162.500000000, A.D. 2045-Jul-01, -3.614899744468332E+00, -9.325982396812895E+00,  3.060265930189535E-01,  5.138059368351032E-03, -9.657492570157543E-03,  3.178412206431864E-03,  5.779418380271085E-02,  1.000675272522790E+01,  7.241581445795061E-03

2468346.500000000, A.D. 2046-Jan-01, -2.688693367626609E+00, -9.656533939982243E+00,  2.748669999436552E-01,  1.329938023569934E-02, -1.421085447824910E-04, -1.626479810164105E-03,  5.791473445212949E-02,  1.002762542314013E+01, -3.473678323975184E-03

2468527.500000000, A.D. 2046-Jul-01, -1.754811624051678E+00, -9.880278356376031E+00,  2.411466111826145E-01,  1.076218554411133E-02,  4.556712657627908E-03, -3.124836683513683E-03,  5.797349419135998E-02,  1.003779935660523E+01, -6.441724846250546E-03

2468711.500000000, A.D. 2047-Jan-01, -7.941414231346838E-01, -1.000436298971296E+01,  2.043621957419566E-01, -2.011835530402890E-03,  3.641237408085359E-03, -1.255797251286303E-03,  5.797415225011007E-02,  1.003791329594579E+01, -3.495469155808646E-03

2468892.500000000, A.D. 2047-Jul-01,  1.552640071488547E-01, -1.003758062206405E+01,  1.674052230347615E-01, -3.104710557394076E-03, -4.479044794763584E-04,  7.639306450681823E-04,  5.798722688205467E-02,  1.004017709829119E+01,  4.125139886501461E-04

2469076.500000000, A.D. 2048-Jan-01,  1.118296617348067E+00, -9.981390516796377E+00,  1.290617162978128E-01,  7.693096059845432E-03, -6.754940831510109E-03,  2.772908867635608E-03,  5.801317729681718E-02,  1.004467027332299E+01,  7.604504673316601E-03

2469258.500000000, A.D. 2048-Jul-01,  2.068220796246869E+00, -9.823811125279272E+00,  8.729344470260393E-02,  1.034033630563151E-03, -3.499467668326825E-03,  2.402389375304534E-03,  5.798356428593204E-02,  1.003954293943090E+01,  3.658177701621810E-03

2469442.500000000, A.D. 2049-Jan-01,  3.010277122955213E+00, -9.564981714945999E+00,  4.603521526554544E-02,  1.145409023137514E-02, -1.010747262588632E-03,  1.154588890681694E-03,  5.791458792133945E-02,  1.002760005212031E+01,  4.407925764016178E-03

2469623.500000000, A.D. 2049-Jul-01,  3.902362328981866E+00, -9.215501374389861E+00,  4.720768100980431E-03,  1.153544138740190E-02,  2.982943724754959E-03, -7.522651295677047E-04,  5.779961450138760E-02,  1.000769302155545E+01,  1.750912884338049E-03

2469807.500000000, A.D. 2050-Jan-01,  4.765355742509404E+00, -8.769475845450605E+00, -3.775269047731892E-02,  1.854987964016125E-03,  8.417930177922656E-03, -3.293461067394514E-03,  5.764353489886187E-02,  9.980668676108191E+00, -6.498244046148004E-03

2469988.500000000, A.D. 2050-Jul-01,  5.569819854845870E+00, -8.250367687483871E+00, -7.913485612615073E-02, -1.367722924096938E-03,  6.508720574204125E-03, -2.077406531249789E-03,  5.749403690686772E-02,  9.954783901198827E+00, -6.143067850675062E-03

2470172.500000000, A.D. 2051-Jan-01,  6.335543714959098E+00, -7.643247038855908E+00, -1.204738118399717E-01,  1.613591596385404E-03, -2.231926937644132E-03,  2.884007673526620E-03,  5.734157675102484E-02,  9.928386243517956E+00,  2.712898249084664E-03

2470353.500000000, A.D. 2051-Jul-01,  7.028029531043526E+00, -6.964219803310068E+00, -1.596948800463288E-01,  5.298684430973160E-03, -1.859196872608294E-03,  3.022936507278791E-03,  5.715109848967544E-02,  9.895405954924184E+00,  5.022979257094462E-03

2470537.500000000, A.D. 2052-Jan-01,  7.659715314804468E+00, -6.197414311288818E+00, -1.974138561419987E-01,  9.435744619487377E-03,  7.073101509960072E-03, -1.715146154139712E-03,  5.691689219249714E-02,  9.854854391629255E+00,  2.920263407039971E-03

2470719.500000000, A.D. 2052-Jul-01,  8.196918734118054E+00, -5.378021976806643E+00, -2.326794935490830E-01,  6.821829750329515E-03, -2.402036418412591E-04,  1.921593343728217E-03,  5.663741279887095E-02,  9.806464034679831E+00,  5.788293209398227E-03

2470903.500000000, A.D. 2053-Jan-01,  8.658290692113550E+00, -4.500176596504233E+00, -2.664203299137611E-01,  6.252344438963429E-03,  9.165427086552822E-03, -3.413955083436033E-03,  5.637822056296460E-02,  9.761586290201809E+00,  1.413512293732795E-03

2471084.500000000, A.D. 2053-Jul-01,  9.025142061766976E+00, -3.586697903379528E+00, -2.975921129369459E-01,  2.355041463036875E-03,  1.099671079377496E-02, -3.660669746839823E-03,  5.611656963325484E-02,  9.716282836088340E+00, -1.759717129128090E-03

2471268.500000000, A.D. 2054-Jan-01,  9.302747319675577E+00, -2.614210034586274E+00, -3.265547208823648E-01, -5.168042075927011E-03,  4.851721310410057E-03,  1.250705535513554E-03,  5.584118066831801E-02,  9.668600714911815E+00, -6.326544419939282E-03

2471449.500000000, A.D. 2054-Jul-01,  9.470961066080971E+00, -1.628271326351370E+00, -3.499530676252559E-01, -4.282554540143931E-03,  1.836440902679299E-03,  2.902583006457775E-03,  5.553900056094940E-02,  9.616279851220012E+00, -4.634422031606722E-03

2471633.500000000, A.D. 2055-Jan-01,  9.531242444219632E+00, -6.095047219350884E-01, -3.682764401223634E-01,  5.450058290638443E-03,  2.106827210746981E-03,  1.080602203013050E-03,  5.520129903105873E-02,  9.557808643873562E+00,  5.258919414510043E-03

2471814.500000000, A.D. 2055-Jul-01,  9.486779666692534E+00,  3.960971151129323E-01, -3.837172709312433E-01,  6.124629755017135E-03,  5.133544968439049E-03, -1.027512386065978E-03,  5.488356900181810E-02,  9.502795394671118E+00,  6.369775114887869E-03

2471998.500000000, A.D. 2056-Jan-01,  9.336817248128087E+00,  1.411895137643565E+00, -3.967525048816913E-01, -2.690199676045746E-03,  1.111617142123366E-02, -3.186672146846786E-03,  5.458613962094670E-02,  9.451297093773615E+00, -8.632375133183600E-04

2472180.500000000, A.D. 2056-Jul-01,  9.080974775951910E+00,  2.403490237510806E+00, -4.033510357066032E-01,  4.181762108564520E-03,  1.051974149640979E-02, -2.981322250894463E-03,  5.430325274574691E-02,  9.402316749678784E+00,  6.855873222367219E-03

2472364.500000000, A.D. 2057-Jan-01,  8.710018390462688E+00,  3.387254501966380E+00, -4.064928539111975E-01, -9.181356597749405E-03,  9.702588341573531E-03, -1.128516093191970E-03,  5.402599946779222E-02,  9.354311832709588E+00, -4.986568320777685E-03

2472545.500000000, A.D. 2057-Jul-01,  8.235537325599491E+00,  4.308629768832656E+00, -4.032287732702461E-01, -1.124019495957873E-02,  5.018663874400192E-03,  9.584377085543752E-04,  5.373124562397320E-02,  9.303276786692225E+00, -7.667400622878657E-03

2472729.500000000, A.D. 2058-Jan-01,  7.648255735035548E+00,  5.184286415688659E+00, -3.937275972974458E-01, -1.581935227861349E-03, -2.796395872981323E-03,  3.144914300634545E-03,  5.341266764217334E-02,  9.248116719055385E+00, -3.009758928547402E-03

2472910.500000000, A.D. 2058-Jul-01,  6.983746433006082E+00,  5.982534424483720E+00, -3.809649974123295E-01,  2.391472454206414E-03, -9.830017983448866E-04,  1.671110982395237E-03,  5.315628648188826E-02,  9.203725697233230E+00,  1.106504112323358E-03

2473094.500000000, A.D. 2059-Jan-01,  6.226529442140287E+00,  6.721284072099242E+00, -3.644932545310574E-01, -2.513398159678565E-04,  1.015077704590998E-02, -3.278507506819041E-03,  5.295812831428703E-02,  9.169415674092514E+00,  7.400283463742090E-03

2473275.500000000, A.D. 2059-Jul-01,  5.395685831386809E+00,  7.367002102959864E+00, -3.429837544850050E-01, -5.710994536341338E-03,  1.087919686281140E-02, -3.120614448852384E-03,  5.277692018486141E-02,  9.138040459085529E+00,  5.515696078346428E-03

2473459.500000000, A.D. 2060-Jan-01,  4.472258490667274E+00,  7.928992692691537E+00, -3.158122492737886E-01, -1.310471638763966E-02,  8.232516439312739E-04,  2.039318068801546E-03,  5.260788954057157E-02,  9.108773710269274E+00, -5.788283490925031E-03

2473641.500000000, A.D. 2060-Jul-01,  3.503385220933189E+00,  8.372112499450097E+00, -2.845247074254270E-01, -1.150376018192196E-02,  5.718922167332302E-03, -1.607254086081530E-03,  5.244187501379760E-02,  9.080029186012409E+00,  8.848715888466323E-04

2473825.500000000, A.D. 2061-Jan-01,  2.478227523095483E+00,  8.703434650141460E+00, -2.495327606634027E-01, -8.312490146970183E-03, -4.617012973978432E-03,  3.276384136582483E-03,  5.228476072091025E-02,  9.052825689482555E+00, -6.804690585804745E-03

2474006.500000000, A.D. 2061-Jul-01,  1.441612783502959E+00,  8.919223480809565E+00, -2.118635270129896E-01, -4.064229663270844E-03, -5.323375152362158E-03,  3.398833035684310E-03,  5.219601520326006E-02,  9.037459879427528E+00, -5.981714726224892E-03

2474190.500000000, A.D. 2062-Jan-01,  3.705799030584022E-01,  9.023898976812164E+00, -1.704714982667069E-01,  8.129561998827009E-04,  3.012129923555196E-03, -1.253355293130980E-03,  5.217091364373704E-02,  9.033113679124362E+00,  3.066061571175046E-03

2474371.500000000, A.D. 2062-Jul-01, -6.948323365124940E-01,  9.006135326239930E+00, -1.276438211980899E-01, -2.411502032950168E-03,  5.061217322119251E-03, -2.625040630595591E-03,  5.217488261568286E-02,  9.033800885314013E+00,  5.268288346363103E-03

2474555.500000000, A.D. 2063-Jan-01, -1.773830295362514E+00,  8.863324075052251E+00, -8.278172473962914E-02, -1.295513673968419E-02,  8.894867131572121E-04, -6.360729789089815E-04,  5.220756799003434E-02,  9.039460182449922E+00,  3.420190766132269E-03

2474736.500000000, A.D. 2063-Jul-01, -2.806305458186584E+00,  8.601077100365764E+00, -3.725932554258896E-02, -1.243580183189827E-02, -3.651506174544955E-03,  1.294220809378011E-03,  5.225336681463735E-02,  9.047390003112723E+00,  3.806125990384705E-04

2474920.500000000, A.D. 2064-Jan-01, -3.812043523735611E+00,  8.217514068232424E+00,  9.855060614593153E-03, -1.493710756452977E-03, -8.130871818285694E-03,  3.051941778455322E-03,  5.231845351394545E-02,  9.058659415756400E+00, -6.743976482966868E-03

2475102.500000000, A.D. 2064-Jul-01, -4.757197244329937E+00,  7.739070813548151E+00,  5.496828889512084E-02, -9.469093560516074E-03, -6.552787343853538E-03,  3.191233816850480E-03,  5.246738601383152E-02,  9.084446278742435E+00, -6.044091909362662E-04

2475286.500000000, A.D. 2065-Jan-01, -5.655793615648572E+00,  7.151001558383926E+00,  1.026073834653878E-01,  6.197455061887394E-04, -6.479758506366891E-03,  1.469463532289783E-03,  5.266036187462841E-02,  9.117859013275107E+00, -5.449869094676354E-03

2475467.500000000, A.D. 2065-Jul-01, -6.466301861710477E+00,  6.476103520299215E+00,  1.469088404816216E-01,  2.001819403880955E-03, -4.133077710360985E-03, -6.198424877946751E-04,  5.286242003936334E-02,  9.152844299986967E+00, -4.348557310112049E-03

2475651.500000000, A.D. 2066-Jan-01, -7.203245611565900E+00,  5.702567889619718E+00,  1.884638634695293E-01, -5.520250119583805E-03,  8.332239493543294E-04, -2.879981844368384E-03,  5.307244014687852E-02,  9.189208154356889E+00,  4.785228535837206E-03

2475832.500000000, A.D. 2066-Jul-01, -7.834941318461486E+00,  4.873276784979258E+00,  2.273267264258989E-01, -7.981731353553387E-03, -9.060393111260942E-04, -1.455596033502662E-03,  5.330612865932454E-02,  9.229670066004543E+00,  6.261341969870414E-03

2476016.500000000, A.D. 2067-Jan-01, -8.377905424746023E+00,  3.973749789571670E+00,  2.647039956574338E-01, -5.375291862405236E-03, -9.723261728703528E-03,  3.531047254310656E-03,  5.357553820212355E-02,  9.276316882331411E+00,  7.902446644837900E-04

2476197.500000000, A.D. 2067-Jul-01, -8.813376632140088E+00,  3.039784013871083E+00,  2.989340608174336E-01, -1.398183672452130E-03, -1.076351702190387E-02,  3.487572168196628E-03,  5.387207596576978E-02,  9.327660804491979E+00, -2.074849628969160E-03

2476381.500000000, A.D. 2068-Jan-01, -9.151408685194061E+00,  2.050235686550897E+00,  3.305589996930388E-01,  4.233152539442527E-03, -3.841757695315277E-03, -1.633381886220589E-03,  5.419794425040444E-02,  9.384083148935233E+00, -5.025077674103824E-03

2476563.500000000, A.D. 2068-Jul-01, -9.375688636929175E+00,  1.043481890791293E+00,  3.568230954739479E-01,  4.977492822917193E-03, -1.093097427411626E-02,  1.746775896990909E-03,  5.452276351205687E-02,  9.440323860679561E+00, -6.085639377330422E-03

2476747.500000000, A.D. 2069-Jan-01, -9.480459151872228E+00,  1.459144918891698E-02,  3.778587138294441E-01,  4.014050074790015E-03,  2.843282922892920E-04, -3.290072001181872E-03,  5.479810327327141E-02,  9.487997462495665E+00, -4.141450452098210E-03

2476928.500000000, A.D. 2069-Jul-01, -9.479896247663357E+00, -9.914875473756013E-01,  3.946857870536382E-01, -1.548053097760708E-04,  1.850122115468205E-03, -3.221093720315649E-03,  5.509713032845888E-02,  9.539772392125759E+00, -1.717184232691819E-04

2477112.500000000, A.D. 2070-Jan-01, -9.378226784194256E+00, -1.998200770161562E+00,  4.080091391309107E-01, -6.880355491075107E-03, -6.866775738145440E-03,  1.905331845158387E-03,  5.543005851582089E-02,  9.597417120833455E+00,  8.233894862611404E-03

2477293.500000000, A.D. 2070-Jul-01, -9.175787517406425E+00, -2.973924117016439E+00,  4.174474745428467E-01, -3.797341623405512E-03, -1.076223373040372E-02,  3.250826172962140E-03,  5.576099599409463E-02,  9.654717168947300E+00,  7.064600059610582E-03

2477477.500000000, A.D. 2071-Jan-01, -8.867069954389246E+00, -3.940864426903660E+00,  4.228919505039356E-01,  8.973048469830684E-03, -8.895363573280794E-03,  6.930585603916036E-04,  5.609517472343597E-02,  9.712578422286651E+00, -4.552461334872784E-03

2477658.500000000, A.D. 2071-Jul-01, -8.463236224528524E+00, -4.845464785333687E+00,  4.220905902348998E-01,  1.054789095353720E-02, -4.256621623029492E-03, -1.423447923790885E-03,  5.637659050550903E-02,  9.761304054502427E+00, -7.093806956444063E-03

2477842.500000000, A.D. 2072-Jan-01, -7.958525768477837E+00, -5.706492985052236E+00,  4.153789968393519E-01,  4.131433954450455E-04,  2.441294799898126E-03, -2.897767752697501E-03,  5.661031385684571E-02,  9.801771998317006E+00, -1.879549521672322E-03

2478024.500000000, A.D. 2072-Jul-01, -7.383906254550435E+00, -6.499554477352035E+00,  4.071549319543644E-01,  7.181540799309978E-03,  1.686165143601725E-03, -2.973579631285927E-03,  5.686233333800605E-02,  9.845407818809269E+00, -6.622158781667199E-03

2478208.500000000, A.D. 2073-Jan-01, -6.732521244291164E+00, -7.233898264939875E+00,  3.933785041142430E-01, -3.735807694566672E-03, -1.461693884626338E-03, -9.273697783676713E-04,  5.711951804524965E-02,  9.889937970474392E+00,  3.575385638769284E-03

2478389.500000000, A.D. 2073-Jul-01, -6.019722542208886E+00, -7.889886721930940E+00,  3.762519417639877E-01, -3.211655117930857E-03, -5.302163018092152E-03,  9.764691183028912E-04,  5.735788698716642E-02,  9.931210273363519E+00,  6.196036033195480E-03

2478573.500000000, A.D. 2074-Jan-01, -5.228339812114535E+00, -8.480976060763131E+00,  3.553179229429771E-01,  8.301017013657154E-03, -9.184483067103892E-03,  2.648260986623200E-03,  5.757839643287265E-02,  9.969390300341525E+00,  3.554261275236927E-03

2478754.500000000, A.D. 2074-Jul-01, -4.396459435476070E+00, -8.971621259669403E+00,  3.306471338889908E-01,  1.166825642766234E-02, -5.517738769107215E-03,  1.155730554434480E-03,  5.773443713815108E-02,  9.996407910939189E+00, -1.414322662650826E-04

2478938.500000000, A.D. 2075-Jan-01, -3.508020554098228E+00, -9.374479652257786E+00,  3.019733291329382E-01,  6.717945966915882E-03,  4.849254772439144E-03, -3.400543301433877E-03,  5.783548367838628E-02,  1.001390357703121E+01, -6.995554287978267E-03

2479119.500000000, A.D. 2075-Jul-01, -2.605811697330363E+00, -9.684232561433749E+00,  2.712481035411682E-01,  2.153846156460322E-03,  4.919876659197048E-03, -3.175392774130017E-03,  5.794206275814342E-02,  1.003235717264652E+01, -5.394451731196972E-03

2479303.500000000, A.D. 2076-Jan-01, -1.666629294596536E+00, -9.909884895674541E+00,  2.374913746985428E-01, -1.337958334511888E-03, -4.731340014888417E-03,  1.791230230530676E-03,  5.805469725491209E-02,  1.005185923121598E+01,  4.928672009361946E-03

2479485.500000000, A.D. 2076-Jul-01, -7.103372130124944E-01, -1.003797152315118E+01,  2.011673881136362E-01,  3.330367512340114E-04,  3.041054757552412E-03, -1.898180286298588E-03,  5.813107819574252E-02,  1.006508418115938E+01, -3.094305111031155E-03

2479669.500000000, A.D. 2077-Jan-01,  2.637456792036063E-01, -1.006369761272877E+01,  1.626797134727896E-01,  2.992670806513953E-03, -4.726593508793116E-03,  3.076911305057262E-03,  5.815061813226569E-02,  1.006846741629116E+01,  4.852462726920389E-03

2479850.500000000, A.D. 2077-Jul-01,  1.216246631702350E+00, -9.990495307590933E+00,  1.239783717021174E-01,  6.334044761144782E-03, -4.658323531671102E-03,  3.082143758708754E-03,  5.813070619545160E-02,  1.006501977130565E+01,  5.427196408543702E-03

2480034.500000000, A.D. 2078-Jan-01,  2.168877668270696E+00, -9.819214506225398E+00,  8.408899782722111E-02,  1.069329838424906E-02,  3.234599289579099E-03, -1.980332111199590E-03,  5.808003059321435E-02,  1.005624556277074E+01, -8.686435000397498E-04

2480215.500000000, A.D. 2078-Jul-01,  3.086485283447949E+00, -9.559992434217278E+00,  4.283776273913534E-02,  8.292962616454722E-03,  6.046994520405459E-03, -3.381141563767350E-03,  5.802073235119505E-02,  1.004597839043808E+01, -3.220985958306753E-03

2480399.500000000, A.D. 2079-Jan-01,  3.992274316844481E+00, -9.204694134733820E+00, -9.030045242840803E-04, -1.049220201619804E-03,  4.029461666729946E-03, -9.361595321793397E-04,  5.794680011440577E-02,  1.003317742045641E+01, -4.114139514075718E-03

2480580.500000000, A.D. 2079-Jul-01,  4.846166392766865E+00, -8.761691040911868E+00, -4.289700272839099E-02, -1.356642172690896E-03,  1.619272530030868E-03,  1.097154908934335E-03,  5.782860088451216E-02,  1.001271185821411E+01, -2.078272527489330E-03

2480764.500000000, A.D. 2080-Jan-01,  5.664848265716811E+00, -8.219875737626786E+00, -8.378256343741111E-02,  7.321951600112046E-03, -1.592386147292610E-03,  2.578815243078694E-03,  5.765803898644997E-02,  9.983179981025907E+00,  5.444247367294161E-03

2480946.500000000, A.D. 2080-Jul-01,  6.412834443156077E+00, -7.601390327115991E+00, -1.245936961989687E-01, -1.381355966048959E-03, -1.378257848378278E-03,  3.024090799094563E-03,  5.744277924517146E-02,  9.945908912192690E+00,  1.248237964228707E-04

2481130.500000000, A.D. 2081-Jan-01,  7.102681912333156E+00, -6.909228646158684E+00, -1.627674442742875E-01,  1.015011863016481E-02,  1.015707316490544E-04,  5.631726576170771E-04,  5.723653012229161E-02,  9.910197983572271E+00,  7.194570939734139E-03

2481311.500000000, A.D. 2081-Jul-01,  7.715902058153423E+00, -6.156354661813588E+00, -2.004739163123030E-01,  1.103176365992351E-02,  4.505295521464968E-03, -1.555675150735589E-03,  5.702166560176027E-02,  9.872995345090146E+00,  5.843787130003769E-03

2481495.500000000, A.D. 2082-Jan-01,  8.264727629787808E+00, -5.322204190767701E+00, -2.383824336079990E-01,  5.506305026197923E-04,  1.142129938938019E-02, -3.132702537041436E-03,  5.679082371110804E-02,  9.833026310727341E+00, -5.643114676737982E-03

2481676.500000000, A.D. 2082-Jul-01,  8.712731630230884E+00, -4.443955406999205E+00, -2.716933287610845E-01, -3.967562229086719E-03,  9.688990786185087E-03, -1.413823095842003E-03,  5.650991250681163E-02,  9.784388043445357E+00, -7.894374310865777E-03

2481860.500000000, A.D. 2083-Jan-01,  9.067501547303289E+00, -3.503740939126365E+00, -3.010151405897599E-01, -1.686952831312343E-03, -7.976794701287373E-04,  3.386866586328526E-03,  5.617011374368328E-02,  9.725553711420339E+00, -1.390263599914811E-03

2482041.500000000, A.D. 2083-Jul-01,  9.322860212614257E+00, -2.548005357964523E+00, -3.270743921399887E-01,  2.382090061467748E-03, -1.726472833950972E-03,  3.044590661583232E-03,  5.585109329114396E-02,  9.670317032349852E+00,  2.648428894583299E-03

2482225.500000000, A.D. 2084-Jan-01,  9.485495897323988E+00, -1.554111147809938E+00, -3.507181754788447E-01,  7.733903384889912E-03,  7.552874804792088E-03, -2.372267298830299E-03,  5.555102891767167E-02,  9.618362496626364E+00,  6.493194571969265E-03

2482407.500000000, A.D. 2084-Jul-01,  9.541987523709214E+00, -5.479068822186663E-01, -3.707965231902918E-01,  7.125843622282405E-03,  1.963370948221135E-03,  1.234783930340406E-03,  5.524222688018021E-02,  9.564895081275846E+00,  6.948441392387591E-03

2482591.500000000, A.D. 2085-Jan-01,  9.493133067561310E+00,  4.825524127039569E-01, -3.870909354100202E-01,  1.792578970740215E-03,  1.260769168514108E-02, -3.371782612005602E-03,  5.494405482529868E-02,  9.513268190359662E+00,  2.565495762502956E-03

2482772.500000000, A.D. 2085-Jul-01,  9.329433907987330E+00,  1.488050702356258E+00, -3.980551364464973E-01, -3.837256324909083E-03,  1.241835995000616E-02, -3.092391400244480E-03,  5.461181830000072E-02,  9.455743219225980E+00, -1.701541314282104E-03

2482956.500000000, A.D. 2086-Jan-01,  9.047225315043660E+00,  2.487654449474074E+00, -4.040743391160057E-01, -8.885156553173649E-03,  1.757447053649722E-03,  2.004980484912221E-03,  5.424192252008005E-02,  9.391697750283866E+00, -8.180017662443539E-03

2483137.500000000, A.D. 2086-Jul-01,  8.670534441648833E+00,  3.438107784429081E+00, -4.053499847922468E-01, -5.569020632363960E-03, -1.423485060888697E-03,  3.158907729415752E-03,  5.392090888153910E-02,  9.336115961755272E+00, -5.833361934577370E-03

2483321.500000000, A.D. 2087-Jan-01,  8.189948363328600E+00,  4.361580342056731E+00, -4.017936324490230E-01,  5.154291321232654E-03,  3.175263058683134E-03,  3.420465020754386E-04,  5.364087868257549E-02,  9.287630235818021E+00,  6.021462007159506E-03

2483502.500000000, A.D. 2087-Jul-01,  7.614599351536899E+00,  5.224030152064365E+00, -3.939131690509461E-01,  3.941180397346030E-03,  7.358475280261266E-03, -1.538318993654362E-03,  5.338147032954759E-02,  9.242715071820378E+00,  7.471545969817154E-03

2483686.500000000, A.D. 2088-Jan-01,  6.929041552109417E+00,  6.040401904962597E+00, -3.812662835716227E-01, -8.736235784917969E-03,  1.037703982025560E-02, -2.413115475121397E-03,  5.313584714831137E-02,  9.200186736328952E+00,  3.334486562471294E-04

2483868.500000000, A.D. 2088-Jul-01,  6.160276660907186E+00,  6.761313045955225E+00, -3.619560908928122E-01, -1.403886062578250E-03,  8.312365858862605E-03, -2.947348460738479E-03,  5.286898718716801E-02,  9.153981366381325E+00,  5.311458474704668E-03

2484052.500000000, A.D. 2089-Jan-01,  5.306575708312587E+00,  7.400160276568372E+00, -3.402239287189265E-01, -1.097513932966449E-02,  4.817522614030849E-03, -6.153430347274601E-04,  5.262947859251259E-02,  9.112511738737386E+00, -2.456031278664667E-03

2484233.500000000, A.D. 2089-Jul-01,  4.402411494876271E+00,  7.935988281406908E+00, -3.137573489569091E-01, -1.107349153539382E-02,  1.262935605253174E-03,  1.404599803847154E-03,  5.244589819093203E-02,  9.080725777539532E+00, -4.313325689016169E-03

2484417.500000000, A.D. 2090-Jan-01,  3.426794650435700E+00,  8.379727348901108E+00, -2.816456719607431E-01, -2.010256806005306E-03, -2.643938875058860E-03,  2.965873916034193E-03,  5.231295926095629E-02,  9.057708115340775E+00, -3.298798033732250E-03

2484598.500000000, A.D. 2090-Jul-01,  2.417729132731557E+00,  8.706969642245705E+00, -2.464765956434623E-01, -2.509736873153669E-05, -9.821180076562499E-04,  1.430912115423209E-03,  5.220937126528655E-02,  9.039772409881079E+00, -9.916883144512013E-04

2484782.500000000, A.D. 2091-Jan-01,  1.355931911918645E+00,  8.920878925593302E+00, -2.077562362686572E-01, -4.716856563286124E-03,  6.224991001093674E-03, -3.127728262386824E-03,  5.212826675819255E-02,  9.025729599792061E+00,  5.516059305451997E-03

2484963.500000000, A.D. 2091-Jul-01,  2.960017613797660E-01,  9.009448570740178E+00, -1.674312645059501E-01, -8.223881634960623E-03,  5.249395530231219E-03, -2.839579076012223E-03,  5.207129105784879E-02,  9.015864563084685E+00,  5.028392962861327E-03

2485147.500000000, A.D. 2092-Jan-01, -7.817248040698989E-01,  8.976615366976258E+00, -1.247426896105943E-01, -1.094149402829673E-02, -3.624091206717895E-03,  2.350681188073883E-03,  5.204580964972576E-02,  9.011452594035198E+00, -2.693468736874733E-03

2485329.500000000, A.D. 2092-Jul-01, -1.834029132215774E+00,  8.829821194580299E+00, -8.047397452453982E-02, -1.138274292338187E-02,  3.490716645565138E-03, -1.084316484737689E-03,  5.208732506243228E-02,  9.018640764918590E+00,  5.742100894616061E-03

2485513.500000000, A.D. 2093-Jan-01, -2.883141085191144E+00,  8.565127862691275E+00, -3.309717855025590E-02, -8.968081453804981E-03, -7.250958459321810E-03,  3.772444367494864E-03,  5.219580181040041E-02,  9.037422931599227E+00, -4.024819882443374E-03

2485694.500000000, A.D. 2093-Jul-01, -3.876936440304975E+00,  8.185320285317047E+00,  1.389005518709684E-02, -4.489210003754293E-03, -9.061873763365865E-03,  3.484118171949769E-03,  5.230920375977814E-02,  9.057057870468780E+00, -6.262691870147201E-03

2485878.500000000, A.D. 2094-Jan-01, -4.832431531452744E+00,  7.683468483952181E+00,  6.101204407157062E-02,  1.749822287544349E-03, -1.263409291027932E-03, -1.917897396501890E-03,  5.242434041946351E-02,  9.076993165117342E+00, -2.013913239181929E-03

2486059.500000000, A.D. 2094-Jul-01, -5.705952538087732E+00,  7.093886573887747E+00,  1.053925438634289E-01, -2.892967133727177E-04,  1.638478271048762E-03, -3.156524387995852E-03,  5.258330447558784E-02,  9.104516938223393E+00,  1.421406349982206E-03

2486243.500000000, A.D. 2095-Jan-01, -6.517384254904872E+00,  6.407787107600470E+00,  1.482505656409708E-01, -1.079856906908027E-02, -1.029321511153187E-03, -1.016379089181120E-04,  5.279405425403443E-02,  9.141007131198705E+00,  6.976001891788643E-03

2486424.500000000, A.D. 2095-Jul-01, -7.238506528530613E+00,  5.650057614634722E+00,  1.903373911145565E-01, -1.102613123966910E-02, -5.277662062495313E-03,  1.981450453565726E-03,  5.304534743438908E-02,  9.184517196604752E+00,  5.484313575860550E-03

2486608.500000000, A.D. 2096-Jan-01, -7.884841029706727E+00,  4.803692281086557E+00,  2.324403838385214E-01, -3.477789788250019E-04, -1.086475174718355E-02,  2.893636793480306E-03,  5.334159614248159E-02,  9.235811070347651E+00, -5.281197690584264E-03

2486790.500000000, A.D. 2096-Jul-01, -8.421531999560630E+00,  3.903265042101075E+00,  2.686932680249386E-01, -6.384189068588581E-03, -1.164313883561093E-02,  3.362157144709191E-03,  5.363148788045004E-02,  9.286004268833494E+00,  9.930842651850397E-04

2486974.500000000, A.D. 2097-Jan-01, -8.851250433072410E+00,  2.939329658262221E+00,  3.028860278776432E-01,  5.975791618898602E-03, -7.622356072001287E-03,  5.203754401207156E-04,  5.389398340716485E-02,  9.331453960385163E+00, -8.052360467288907E-03

2487155.500000000, A.D. 2097-Jul-01, -9.167945340917845E+00,  1.963477188000905E+00,  3.320854266640523E-01,  6.275775871075751E-03, -3.060872039603702E-03, -1.453423986482073E-03,  5.418431893025750E-02,  9.381723997883322E+00, -6.824820632342824E-03

2487339.500000000, A.D. 2098-Jan-01, -9.382761310988482E+00,  9.550263122671816E-01,  3.572719265006412E-01, -5.260102220105064E-03,  1.003873447529176E-03, -2.396263646423538E-03,  5.450936780719943E-02,  9.438004466282605E+00,  5.240185211455172E-03

2487520.500000000, A.D. 2098-Jul-01, -9.490012528930942E+00, -5.459329571393854E-02,  3.790564904044421E-01, -7.957457554084012E-03, -2.583380809248589E-03, -6.958132181826979E-04,  5.485435230478295E-02,  9.497736680395013E+00,  7.938065370702347E-03

2487704.500000000, A.D. 2099-Jan-01, -9.491285664565261E+00, -1.087889222426409E+00,  3.976672631442600E-01, -1.282832724347341E-03, -1.293903939160760E-02,  3.466851721057082E-03,  5.522378537463810E-02,  9.561702033572800E+00,  2.889718450537109E-03

2487885.500000000, A.D. 2099-Jul-01, -9.377420003535951E+00, -2.091026199170664E+00,  4.105637096494576E-01,  4.418262623793177E-03, -1.233737190099675E-02,  2.860917524972175E-03,  5.554023804058961E-02,  9.616494114177756E+00, -1.503619442969919E-03

2488069.500000000, A.D. 2100-Jan-01, -9.148834388160441E+00, -3.083367369188175E+00,  4.182718334652735E-01,  8.269378197458946E-03, -1.082670442017310E-03, -2.391284968884439E-03,  5.581173456595565E-02,  9.663502280334590E+00, -7.587012030471689E-03
