julian, epoch, x, y, z, vx, vy, vz, LT, RG, RR
2433282.500000000, A.D. 1950-Jan-01,  8.726697070540146E+01,  1.176823136070038E+01, -4.030084085324476E+01, -7.842973256858543E-04,  1.369049837082942E-03,  8.178444887779402E-04,  5.593067899663503E-01,  9.684096870093219E+01, -8.807406436234152E-04

2433463.500000000, A.D. 1950-Jul-01,  8.732166570291618E+01,  1.196623564637915E+01, -4.017847863301316E+01, -6.340992434868583E-04,  4.587603811385485E-04,  7.724299627436606E-04,  5.594380113285408E-01,  9.686368897548770E+01, -8.353597611833348E-04

2433647.500000000, A.D. 1951-Jan-01,  8.737843366691919E+01,  1.216181063380288E+01, -4.005412160127796E+01,  9.419064399747730E-04,  1.396180868674660E-04,  5.696278426659466E-04,  5.595768827822543E-01,  9.688773382232985E+01,  6.314976398756368E-04

2433828.500000000, A.D. 1951-Jul-01,  8.743740634926971E+01,  1.235847558525967E+01, -3.993176188937090E+01,  1.433625090413859E-03,  9.178738881260892E-04,  5.348852272468357E-04,  5.597361567446519E-01,  9.691531125404377E+01,  1.190081016041763E-03

2434012.500000000, A.D. 1952-Jan-01,  8.749817563204564E+01,  1.256418222350864E+01, -3.980700776656168E+01,  4.818610268207008E-04,  2.233202821544188E-03,  6.949960881671481E-04,  5.599092408012352E-01,  9.694527982944264E+01,  4.389549789571778E-04

2434194.500000000, A.D. 1952-Jul-01,  8.755003946215427E+01,  1.276799124143930E+01, -3.968229270979872E+01, -6.133961817788521E-04,  1.795223502889182E-03,  8.179841464043950E-04,  5.600381488274407E-01,  9.696759956228878E+01, -6.521863857043130E-04

2434378.500000000, A.D. 1953-Jan-01,  8.759650798853811E+01,  1.296837439770904E+01, -3.955535061069077E+01, -4.158063728144032E-04,  1.798830236749823E-04,  7.447146888334099E-04,  5.601345507542590E-01,  9.698429103849681E+01, -6.552385525571890E-04

2434559.500000000, A.D. 1953-Jul-01,  8.764654005716729E+01,  1.316227272651139E+01, -3.943080990828455E+01,  4.692457776231756E-04, -4.420282606075199E-05,  6.302340293867540E-04,  5.602535648922881E-01,  9.700489769770890E+01,  1.617992632871101E-04

2434743.500000000, A.D. 1954-Jan-01,  8.770256385353157E+01,  1.335882228199577E+01, -3.930454416670723E+01,  1.400187885232137E-03,  1.282452047575976E-03,  5.586672710951804E-04,  5.604052141481110E-01,  9.703115495240365E+01,  1.215835821256347E-03

2434924.500000000, A.D. 1954-Jul-01,  8.775459538214068E+01,  1.355746256351470E+01, -3.917947149717180E+01,  8.920312660129794E-04,  2.051688314119349E-03,  6.471946485037907E-04,  5.605438767472171E-01,  9.705516363719154E+01,  8.318855279611921E-04

2435108.500000000, A.D. 1955-Jan-01,  8.780211508561980E+01,  1.376326320089639E+01, -3.905121016269145E+01, -6.937475777719619E-04,  1.708212773763260E-03,  8.338594880890322E-04,  5.606608283097334E-01,  9.707541317252412E+01, -7.207298169995174E-04

2435289.500000000, A.D. 1955-Jul-01,  8.784574446428053E+01,  1.395953634545319E+01, -3.892451590438360E+01, -8.488668742418829E-04,  7.930133958142130E-04,  8.262000692673532E-04,  5.607567730569214E-01,  9.709202549053302E+01, -9.852372576496758E-04

2435473.500000000, A.D. 1956-Jan-01,  8.788974717709183E+01,  1.415241243956761E+01, -3.879554605814506E+01,  5.347774053919173E-04, -3.718748928334868E-05,  6.314319307375476E-04,  5.608499014751445E-01,  9.710815017629778E+01,  2.263292182847009E-04

2435655.500000000, A.D. 1956-Jul-01,  8.793924926190108E+01,  1.434509530183861E+01, -3.866831561450008E+01,  1.359742240706110E-03,  7.965178295806521E-04,  5.576365405884633E-04,  5.609789215165107E-01,  9.713048930396775E+01,  1.126710789237375E-03

2435839.500000000, A.D. 1957-Jan-01,  8.799088844380088E+01,  1.454642347204055E+01, -3.853933764207069E+01,  5.319794451464425E-04,  2.191528007827533E-03,  7.052320964040594E-04,  5.611258754302404E-01,  9.715593358538052E+01,  5.301689632817424E-04

2436020.500000000, A.D. 1957-Jul-01,  8.803495002615483E+01,  1.474464718012682E+01, -3.841129242264542E+01, -3.777307533762590E-04,  2.037389466630520E-03,  8.144362483718074E-04,  5.612361069948937E-01,  9.717501958915150E+01, -3.549931678378574E-04

2436204.500000000, A.D. 1958-Jan-01,  8.807334185272654E+01,  1.494366179777296E+01, -3.828007989144436E+01, -7.178463307487182E-04,  4.443651897463964E-04,  8.083444868380348E-04,  5.613135639315260E-01,  9.718843084199280E+01, -9.005822293164805E-04

2436385.500000000, A.D. 1958-Jul-01,  8.811471135879789E+01,  1.513493767102461E+01, -3.815126841947715E+01,  4.582940606048008E-05, -6.137585775940275E-05,  7.000913613602113E-04,  5.614085450252315E-01,  9.720487630857343E+01, -2.427866711688719E-04

2436569.500000000, A.D. 1959-Jan-01,  8.816192276263682E+01,  1.532726347086221E+01, -3.802070470474806E+01,  1.360750919351185E-03,  8.839001428621289E-04,  5.692085205065197E-04,  5.615343631400094E-01,  9.722666103984039E+01,  1.150635818946412E-03

2436750.500000000, A.D. 1959-Jul-01,  8.820753675717877E+01,  1.552271506630355E+01, -3.789166466713930E+01,  1.135517521183723E-03,  1.781469194152152E-03,  6.267402953592200E-04,  5.616614364509460E-01,  9.724866310158522E+01,  1.070104264308629E-03

2436934.500000000, A.D. 1960-Jan-01,  8.825029062857503E+01,  1.572715791010406E+01, -3.775955851469292E+01, -4.713428624452092E-04,  1.986002299346154E-03,  8.329413448938548E-04,  5.617783935240310E-01,  9.726891359104319E+01, -4.298749593572544E-04

2437116.500000000, A.D. 1960-Jul-01,  8.828649247903130E+01,  1.592483709906741E+01, -3.762798991446770E+01, -9.081852300065627E-04,  8.903975459894968E-04,  8.540992350519587E-04,  5.618594152047172E-01,  9.728294206018425E+01, -1.008800596789367E-03

2437300.500000000, A.D. 1961-Jan-01,  8.832273653641695E+01,  1.611779920178978E+01, -3.749486687810499E+01,  3.946134452573265E-04, -5.796674917186224E-05,  6.652326272885593E-04,  5.619360979247656E-01,  9.729621926157951E+01,  9.225676188268954E-05

2437481.500000000, A.D. 1961-Jul-01,  8.836312420109520E+01,  1.630990264896997E+01, -3.736416108051002E+01,  1.161490950807684E-03,  4.461881654613225E-04,  5.878606935197401E-04,  5.620423690710484E-01,  9.731461954016649E+01,  9.037216962513320E-04

2437665.500000000, A.D. 1962-Jan-01,  8.840738679794549E+01,  1.650987061915365E+01, -3.723127896141983E+01,  8.358988283909932E-04,  2.040676223322995E-03,  6.792964923294488E-04,  5.621751414261933E-01,  9.733760836082733E+01,  8.455093118750482E-04

2437846.500000000, A.D. 1962-Jul-01,  8.844406301955770E+01,  1.670904837165030E+01, -3.709939151447088E+01, -7.558849849363944E-05,  2.197489874240611E-03,  7.979734312163799E-04,  5.622730186053871E-01,  9.735455526906605E+01,  4.399197721637725E-06

2438030.500000000, A.D. 1963-Jan-01,  8.847381387858789E+01,  1.691120297615911E+01, -3.696415375088859E+01, -9.225710019516687E-04,  8.038883520050782E-04,  8.601596376303465E-04,  5.623336379183168E-01,  9.736505117773622E+01, -1.025252160952277E-03

2438211.500000000, A.D. 1963-Jul-01,  8.850429477126231E+01,  1.710434162765815E+01, -3.683120915192290E+01, -3.725834838756840E-04,  6.992494996193200E-05,  7.706860950757256E-04,  5.623975043257730E-01,  9.737610930339544E+01, -6.178570846587162E-04

2438395.500000000, A.D. 1964-Jan-01,  8.853872012932894E+01,  1.729649192390105E+01, -3.669637157162334E+01,  1.173036386766582E-03,  5.229281999961910E-04,  5.955684306612723E-04,  5.624802560529220E-01,  9.739043732079581E+01,  9.348840175106549E-04

2438577.500000000, A.D. 1964-Jul-01,  8.857439613027542E+01,  1.749263367944662E+01, -3.656276108249415E+01,  1.130493860597636E-03,  1.698499259192153E-03,  6.389875280662906E-04,  5.625797008772845E-01,  9.740765565838143E+01,  1.093147015336630E-03

2438761.500000000, A.D. 1965-Jan-01,  8.860582296060804E+01,  1.769678489481581E+01, -3.642666872989918E+01, -4.536612734493356E-04,  2.042308953625217E-03,  8.465612300945967E-04,  5.626632632933737E-01,  9.742212404222057E+01, -3.581541058516067E-04

2438942.500000000, A.D. 1965-Jul-01,  8.863109891734914E+01,  1.789286890436195E+01, -3.629198427869888E+01, -9.715202286172809E-04,  1.269404112407676E-03,  8.877279121651902E-04,  5.627125945219271E-01,  9.743066547966782E+01, -9.813238067724077E-04

2439126.500000000, A.D. 1966-Jan-01,  8.865347243560377E+01,  1.808580648082614E+01, -3.615458132629232E+01, -5.542255135437029E-05, -6.614298278507570E-05,  7.344785797167757E-04,  5.627408620044915E-01,  9.743555984255305E+01, -3.352412241597785E-04

2439307.500000000, A.D. 1966-Jul-01,  8.868063699614254E+01,  1.827512556144963E+01, -3.601978747473601E+01,  8.329455086778653E-04,  1.495507440567095E-04,  6.332321753393910E-04,  5.627993150530600E-01,  9.744568067417613E+01,  5.520030048334289E-04

2439491.500000000, A.D. 1967-Jan-01,  8.871293149907191E+01,  1.846987128023317E+01, -3.588297243767160E+01,  1.050219143269954E-03,  1.759156233123810E-03,  6.584115442824431E-04,  5.628896158240625E-01,  9.746131576800155E+01,  1.046914296235122E-03

2439672.500000000, A.D. 1967-Jul-01,  8.873934657553529E+01,  1.866507070907984E+01, -3.574731976493328E+01,  2.446547973257177E-04,  2.205396478483247E-03,  7.733676255079736E-04,  5.629553692291310E-01,  9.747270061716925E+01,  3.614198440769750E-04

2439856.500000000, A.D. 1968-Jan-01,  8.875945753316272E+01,  1.886481288411740E+01, -3.560824470155325E+01, -1.007826912493536E-03,  1.165346842081594E-03,  8.969528132768797E-04,  5.629892071740417E-01,  9.747855947571124E+01, -1.019804105793763E-03

2440038.500000000, A.D. 1968-Jul-01,  8.877847126432211E+01,  1.905494253309757E+01, -3.547050437793945E+01, -5.142326241187870E-04,  9.884998483809235E-05,  8.043551924844310E-04,  5.630127557852822E-01,  9.748263679135448E+01, -7.416714629314248E-04

2440222.500000000, A.D. 1969-Jan-01,  8.880257258609124E+01,  1.924246520459969E+01, -3.533169649452444E+01,  1.068533056184228E-03,  4.110538951942226E-04,  6.205441132078915E-04,  5.630611483264071E-01,  9.749101570011167E+01,  8.295461659500401E-04

2440403.500000000, A.D. 1969-Jul-01,  8.882806508745098E+01,  1.943235575490435E+01, -3.519490674150266E+01,  1.231720325991360E-03,  1.320283385124942E-03,  6.304850247043077E-04,  5.631270481901544E-01,  9.750242590781350E+01,  1.157691073082382E-03

2440587.500000000, A.D. 1970-Jan-01,  8.885303892803867E+01,  1.963150770189509E+01, -3.505524802715590E+01, -1.452281445861501E-04,  2.171480346012748E-03,  8.285422338931190E-04,  5.631983022604899E-01,  9.751476316764831E+01,  6.980662421705710E-06

2440768.500000000, A.D. 1970-Jul-01,  8.887132407714132E+01,  1.982477139969044E+01, -3.491688922929845E+01, -8.838918112085043E-04,  1.613372575822052E-03,  9.037377449617272E-04,  5.632336574324810E-01,  9.752088472591582E+01, -8.010961350235169E-04

2440952.500000000, A.D. 1971-Jan-01,  8.888516641014438E+01,  2.001639454542644E+01, -3.477552190923950E+01, -4.560922610481584E-04,  4.712042887294762E-05,  8.034750674436042E-04,  5.632408478384706E-01,  9.752212970611969E+01, -6.925394312153600E-04

2441133.500000000, A.D. 1971-Jul-01,  8.890383972018398E+01,  2.020292501383219E+01, -3.463687489313111E+01,  4.534721314494524E-04, -4.317557723615740E-05,  6.899245287945526E-04,  5.632763274821070E-01,  9.752827281598452E+01,  1.594031218249358E-04

2441317.500000000, A.D. 1972-Jan-01,  8.892817603134039E+01,  2.039341227049549E+01, -3.449629979277805E+01,  1.186781122945213E-03,  1.407412710339733E-03,  6.462736793537111E-04,  5.633456820978768E-01,  9.754028119545626E+01,  1.147691766780398E-03

2441499.500000000, A.D. 1972-Jul-01,  8.894873392815273E+01,  2.058842543689579E+01, -3.435636062322398E+01,  3.047050512277699E-04,  2.184310785435511E-03,  7.807405197926416E-04,  5.634052928794017E-01,  9.755060248232679E+01,  4.638745867531486E-04

2441683.500000000, A.D. 1973-Jan-01,  8.896168282057633E+01,  2.078748132597267E+01, -3.421361430512195E+01, -1.035652957413156E-03,  1.262542328617013E-03,  9.185149118130240E-04,  5.634275462331275E-01,  9.755445553108343E+01, -9.975358811312510E-04

2441864.500000000, A.D. 1973-Jul-01,  8.897336743712746E+01,  2.097717921718123E+01, -3.407302623096093E+01, -8.356714571198840E-04,  3.622152765116617E-04,  8.669214953371179E-04,  5.634394306279358E-01,  9.755651325025707E+01, -9.870472455719189E-04

2442048.500000000, A.D. 1974-Jan-01,  8.898680463917545E+01,  2.116443047197922E+01, -3.393025116297883E+01,  7.559536913324307E-04,  1.310965515892348E-04,  6.645732978649944E-04,  5.634563971124307E-01,  9.755945090598269E+01,  4.868349293098386E-04

2442229.500000000, A.D. 1974-Jul-01,  8.900296390784399E+01,  2.135314480776243E+01, -3.378981065186823E+01,  1.204827703740558E-03,  9.357661452429395E-04,  6.355590674501366E-04,  5.634975165268536E-01,  9.756657051188876E+01,  1.083766350859518E-03

2442413.500000000, A.D. 1975-Jan-01,  8.901989555582874E+01,  2.155090071557560E+01, -3.364670672835245E+01,  1.826295187419214E-04,  2.196849754923538E-03,  8.022509331928338E-04,  5.635522200998835E-01,  9.757604214194698E+01,  3.751807202250401E-04

2442594.500000000, A.D. 1975-Jul-01,  8.902913647980884E+01,  2.174468166321627E+01, -3.350483509833587E+01, -7.000810149181861E-04,  1.912694107476086E-03,  9.033988618060754E-04,  5.635672629543220E-01,  9.757864673145309E+01, -5.227056875579051E-04

2442778.500000000, A.D. 1976-Jan-01,  8.903183879011692E+01,  2.193814597223252E+01, -3.335968203480344E+01, -8.137774680853845E-04,  2.865666007389125E-04,  8.677244702014100E-04,  5.635443759726219E-01,  9.757468397341360E+01, -9.747648978036509E-04

2442960.500000000, A.D. 1976-Jul-01,  8.903822832976948E+01,  2.212412468615245E+01, -3.321651276969295E+01,  2.920667949207556E-04, -7.644613907520477E-05,  7.212041760132561E-04,  5.635384795165232E-01,  9.757366303368835E+01,  3.668185940704416E-06

2443144.500000000, A.D. 1977-Jan-01,  8.905047430757932E+01,  2.231272137171982E+01, -3.307223542051105E+01,  1.148590006454838E-03,  1.299359846699447E-03,  6.598831142562898E-04,  5.635680018369771E-01,  9.757877466501900E+01,  1.121667388751165E-03

2443325.500000000, A.D. 1977-Jul-01,  8.905898458867190E+01,  2.250331322842830E+01, -3.292947902702091E+01,  5.983524594593887E-04,  2.038881243857230E-03,  7.522227623902351E-04,  5.635867987126955E-01,  9.758202924316068E+01,  7.624348728033029E-04

2443509.500000000, A.D. 1978-Jan-01,  8.906188848598543E+01,  2.270053719246413E+01, -3.278329019700572E+01, -9.674408384571021E-04,  1.607713775841393E-03,  9.332402197565384E-04,  5.635816510930990E-01,  9.758113796045650E+01, -8.225034912838468E-04

2443690.500000000, A.D. 1978-Jul-01,  8.906182549390674E+01,  2.288808719494831E+01, -3.263907222847610E+01, -1.073244892570307E-03,  6.846173295642591E-04,  9.188314863072917E-04,  5.635551302122207E-01,  9.757654601227865E+01, -1.126350336623266E-03

2443874.500000000, A.D. 1979-Jan-01,  8.906166056695487E+01,  2.307193088973597E+01, -3.249240004791348E+01,  3.531651435571582E-04, -6.866984777098663E-05,  7.207807293360316E-04,  5.635216014670594E-01,  9.757074069001365E+01,  6.609801573263562E-05

2444055.500000000, A.D. 1979-Jul-01,  8.906618727640213E+01,  2.325515421521130E+01, -3.234835719447905E+01,  1.042885689247871E-03,  5.379186008949394E-04,  6.561620903067127E-04,  5.635202603831250E-01,  9.757050848852845E+01,  8.626527395893555E-04

2444239.500000000, A.D. 1980-Jan-01,  8.907377934324511E+01,  2.344603079582738E+01, -3.220187985735225E+01,  4.964211656433577E-04,  2.065863912085519E-03,  7.728540862379028E-04,  5.635442765441109E-01,  9.757466675790062E+01,  6.945149401168175E-04

2444421.500000000, A.D. 1980-Jul-01,  8.907413623201907E+01,  2.363694104169871E+01, -3.205577574722277E+01, -6.716305950736315E-04,  1.948912513923176E-03,  9.147520711240050E-04,  5.635343292463828E-01,  9.757294443668935E+01, -4.415329724969220E-04

2444605.500000000, A.D. 1981-Jan-01,  8.906788277995214E+01,  2.382582938544431E+01, -3.190710850412603E+01, -9.243821574328227E-04,  3.386902196872081E-04,  8.970079242966133E-04,  5.634852563919763E-01,  9.756444773533887E+01, -1.054524653304085E-03

2444786.500000000, A.D. 1981-Jul-01,  8.906561550350038E+01,  2.400716809122338E+01, -3.176122094589469E+01, -1.339446771119826E-04, -1.250565492906366E-04,  7.864391373448744E-04,  5.634551148296011E-01,  9.755922888559319E+01, -4.090887798901829E-04

2444970.500000000, A.D. 1982-Jan-01,  8.906865099743523E+01,  2.418950081406186E+01, -3.161337598103455E+01,  1.128169375906655E-03,  8.903658306258832E-04,  6.639416534667599E-04,  5.634538994587411E-01,  9.755901845065208E+01,  1.035604845942073E-03

2445151.500000000, A.D. 1982-Jul-01,  8.907056630327467E+01,  2.437490326059651E+01, -3.146736912875894E+01,  8.549554329751208E-04,  1.773235009031305E-03,  7.266290625073812E-04,  5.634578933711460E-01,  9.755970997514835E+01,  9.892269203913842E-04

2445335.500000000, A.D. 1983-Jan-01,  8.906870655236919E+01,  2.456877884414757E+01, -3.131805805198574E+01, -7.601548389705435E-04,  1.887969965881459E-03,  9.307434916693600E-04,  5.634514740162255E-01,  9.755859849829865E+01, -5.173298018932229E-04

2445516.500000000, A.D. 1983-Jul-01,  8.906232504699852E+01,  2.475465415956055E+01, -3.117053772826483E+01, -1.161284211789637E-03,  1.052488174496763E-03,  9.553422105290906E-04,  5.634163352495472E-01,  9.755251440944949E+01, -1.098395282182324E-03

2445700.500000000, A.D. 1984-Jan-01,  8.905365649131147E+01,  2.493755190182960E+01, -3.102026661586774E+01, -6.339196121097150E-05, -1.320675542803439E-04,  7.840646024619980E-04,  5.633630223857737E-01,  9.754328357323462E+01, -3.409831945514724E-04

2445882.500000000, A.D. 1984-Jul-01,  8.905119430678039E+01,  2.511883003077289E+01, -3.087215614959907E+01,  9.569992384954573E-04,  4.398376300566185E-04,  6.772529822017254E-04,  5.633472926284833E-01,  9.754056005018651E+01,  7.726208661416496E-04

2446066.500000000, A.D. 1985-Jan-01,  8.905173248524849E+01,  2.530808827992212E+01, -3.072239914264031E+01,  5.458804022848139E-04,  2.013837309573429E-03,  7.782890647459787E-04,  5.633595890903056E-01,  9.754268911655193E+01,  7.757327725443468E-04

2446247.500000000, A.D. 1985-Jul-01,  8.904542580033359E+01,  2.549638900232036E+01, -3.057398219143782E+01, -3.720669303039544E-04,  2.120448435126543E-03,  8.958826727396329E-04,  5.633402239284800E-01,  9.753933614272098E+01, -6.620693979607344E-05

2446431.500000000, A.D. 1986-Jan-01,  8.903164012527105E+01,  2.568716227102621E+01, -3.042203124620736E+01, -1.141324438467927E-03,  6.830113564671089E-04,  9.467747326850146E-04,  5.632822267093698E-01,  9.752929423552199E+01, -1.157315599491770E-03

2446612.500000000, A.D. 1986-Jul-01,  8.901969355733270E+01,  2.586931209198888E+01, -3.027275292712703E+01, -5.517306112461174E-04, -1.865067353683100E-05,  8.530613639499395E-04,  5.632290309174957E-01,  9.752008366967812E+01, -7.733984949375583E-04

2446796.500000000, A.D. 1987-Jan-01,  8.901125441570964E+01,  2.605064071706253E+01, -3.012140330197803E+01,  9.671687462360522E-04,  5.197897843375534E-04,  6.835042656249910E-04,  5.631926518367816E-01,  9.751378482711087E+01,  8.105690159698250E-04

2446977.500000000, A.D. 1987-Jul-01,  8.900325065218018E+01,  2.623473424531674E+01, -2.997220673514441E+01,  9.954151593435118E-04,  1.442748302537690E-03,  7.098549684076413E-04,  5.631699924233553E-01,  9.750986147129656E+01,  1.078551253976127E-03

2447161.500000000, A.D. 1988-Jan-01,  8.899262989858330E+01,  2.642770392112540E+01, -2.981987142727928E+01, -4.928521052426506E-04,  2.084954424193391E-03,  9.144916284097829E-04,  5.631452147035068E-01,  9.750557134209490E+01, -1.643974733426958E-04

2447343.500000000, A.D. 1988-Jul-01,  8.897454409288864E+01,  2.661504811016429E+01, -2.966818409196614E+01, -1.216654831395157E-03,  1.148526349144820E-03,  9.755023420879429E-04,  5.630769444929440E-01,  9.749375072156440E+01, -1.093655820825230E-03

2447527.500000000, A.D. 1989-Jan-01,  8.895367305255755E+01,  2.679693091198661E+01, -2.951455362616931E+01, -2.298228379564827E-04, -1.340542679604784E-04,  8.147263174146451E-04,  5.629853789020000E-01,  9.747789663095480E+01, -4.932616910334821E-04

2447708.500000000, A.D. 1989-Jul-01,  8.893816744315669E+01,  2.697567050813038E+01, -2.936385375438256E+01,  6.447368153297043E-04,  1.301945987577776E-04,  7.162506400144640E-04,  5.629255338041895E-01,  9.746753477347706E+01,  4.085659751656878E-04

2447892.500000000, A.D. 1990-Jan-01,  8.892681118339578E+01,  2.715987987874902E+01, -2.921091000602832E+01,  7.731979816856638E-04,  1.748801785487480E-03,  7.522173320698802E-04,  5.628957199569209E-01,  9.746237266584313E+01,  9.673715299494233E-04

2448073.500000000, A.D. 1990-Jul-01,  8.890996674708303E+01,  2.734433904442914E+01, -2.905944171743175E+01, -5.626835661614089E-05,  2.149402393542288E-03,  8.682726772912961E-04,  5.628433365151067E-01,  9.745330275405198E+01,  2.928546289263886E-04

2448257.500000000, A.D. 1991-Jan-01,  8.888592513554362E+01,  2.753268589108827E+01, -2.890435883292725E+01, -1.250914854789496E-03,  1.041354107542452E-03,  9.821920768760513E-04,  5.627565732057713E-01,  9.743828015272753E+01, -1.138229047643720E-03

2448438.500000000, A.D. 1991-Jul-01,  8.886240140154794E+01,  2.771130656283718E+01, -2.875180180045035E+01, -9.225529837493373E-04,  1.774221027066890E-04,  9.159202470228452E-04,  5.626644118537721E-01,  9.742232290928887E+01, -1.061338198440379E-03

2448622.500000000, A.D. 1992-Jan-01,  8.884127265240075E+01,  2.788723529035545E+01, -2.859700553376513E+01,  6.891377279606506E-04,  1.771016059291609E-04,  7.183796335212626E-04,  5.625799073113187E-01,  9.740769140132645E+01,  4.683330436048249E-04

2448804.500000000, A.D. 1992-Jul-01,  8.882429749494023E+01,  2.806616665455856E+01, -2.844399196966051E+01,  9.764867508688277E-04,  1.317507748707809E-03,  7.198757612382634E-04,  5.625285540855743E-01,  9.739879986591832E+01,  1.059941205366496E-03

2448988.500000000, A.D. 1993-Jan-01,  8.880497084837030E+01,  2.825369163151978E+01, -2.828859370666024E+01, -4.450184278911639E-04,  2.090580761093618E-03,  9.206243630735225E-04,  5.624785122700010E-01,  9.739013539414249E+01, -6.670483512815657E-05

2449169.500000000, A.D. 1993-Jul-01,  8.877984611461228E+01,  2.843505002760218E+01, -2.813485062003570E+01, -1.152075880756561E-03,  1.492044524115322E-03,  9.903200143905786E-04,  5.623938359762305E-01,  9.737547414836141E+01, -9.008147601577709E-04

2449353.500000000, A.D. 1994-Jan-01,  8.874986517392088E+01,  2.861420552782895E+01, -2.797795617286080E+01, -6.391727798361925E-04, -4.850736183521129E-05,  8.800314769850166E-04,  5.622779996636392E-01,  9.735541771256746E+01, -8.498343666149388E-04

2449534.500000000, A.D. 1994-Jul-01,  8.872558472412200E+01,  2.878866189193494E+01, -2.782410898568735E+01,  2.744670573069875E-04, -8.899513797123461E-05,  7.672087972375236E-04,  5.621925701218020E-01,  9.734062604592651E+01,  4.554090505514832E-06

2449718.500000000, A.D. 1995-Jan-01,  8.870628140584041E+01,  2.896709126918781E+01, -2.766813828130390E+01,  9.281844042144290E-04,  1.399223876930378E-03,  7.342193033172706E-04,  5.621399135416910E-01,  9.733150884170531E+01,  1.053643909493152E-03

2449899.500000000, A.D. 1995-Jul-01,  8.868327110469700E+01,  2.914781955085980E+01, -2.751385941859798E+01,  2.785937437697014E-04,  2.055288705717590E-03,  8.358997500325945E-04,  5.620778361252367E-01,  9.732076047023597E+01,  6.331121984438600E-04

2450083.500000000, A.D. 1996-Jan-01,  8.865372321131645E+01,  2.933491434464731E+01, -2.735597486665996E+01, -1.210831798016554E-03,  1.407015447153014E-03,  1.000294228209660E-03,  5.619899622216634E-01,  9.730554557548010E+01, -9.602134458686356E-04

2450265.500000000, A.D. 1996-Jul-01,  8.862141053940549E+01,  2.951326517966094E+01, -2.719946297248359E+01, -1.032972231377276E-03,  2.441272194273201E-04,  9.429005009106835E-04,  5.618780327111477E-01,  9.728616558149645E+01, -1.130529211753975E-03

2450449.500000000, A.D. 1997-Jan-01,  8.859179263041798E+01,  2.968783556593979E+01, -2.704162396572268E+01,  5.696988532008611E-04,  1.016044732515499E-04,  7.416229907395693E-04,  5.617748658645917E-01,  9.726830279574537E+01,  3.437128906166323E-04

2450630.500000000, A.D. 1997-Jul-01,  8.856542762456245E+01,  2.986432140055441E+01, -2.688639919422855E+01,  9.744210312013572E-04,  9.302057687691398E-04,  7.184434300964436E-04,  5.616997010695436E-01,  9.725528841491672E+01,  9.743801498747941E-04

2450814.500000000, A.D. 1998-Jan-01,  8.853885550658438E+01,  3.004978837682037E+01, -2.672829544093216E+01, -1.151070811073944E-04,  2.133477045260086E-03,  8.912381754181833E-04,  5.616382153373292E-01,  9.724464249039775E+01,  3.095060711141463E-04

2450995.500000000, A.D. 1998-Jul-01,  8.850534830177652E+01,  3.023121369090812E+01, -2.657175432899897E+01, -9.813441081639757E-04,  1.801968544100404E-03,  9.884647867754986E-04,  5.615390401979035E-01,  9.722747084731147E+01, -6.031602893910053E-04

2451179.500000000, A.D. 1999-Jan-01,  8.846473240200751E+01,  3.041190593097127E+01, -2.641179065320666E+01, -1.006710093142510E-03,  1.732132220342764E-04,  9.413778301636742E-04,  5.613992644371038E-01,  9.720326942455104E+01, -1.117802617142784E-03

2451360.500000000, A.D. 1999-Jul-01,  8.842846302664273E+01,  3.058576598489504E+01, -2.625487407457288E+01, -1.621734354964611E-04, -1.720229676054750E-04,  8.271828122689205E-04,  5.612781888235683E-01,  9.718230583191963E+01, -4.251780413622448E-04

2451544.500000000, A.D. 2000-Jan-01,  8.839640336031836E+01,  3.076107984724773E+01, -2.609585180258979E+01,  9.389829366512834E-04,  1.012925660436078E-03,  7.292310934866548E-04,  5.611819363462369E-01,  9.716564023208811E+01,  9.790651794604123E-04

2451726.500000000, A.D. 2000-Jul-01,  8.836270742495346E+01,  3.094090881006370E+01, -2.593796175259985E+01,  3.049889235113847E-04,  2.001794664625117E-03,  8.392202856678665E-04,  5.610905138506679E-01,  9.714981091767464E+01,  6.908848188695302E-04

2451910.500000000, A.D. 2001-Jan-01,  8.832135968405957E+01,  3.112570133824513E+01, -2.577718439868347E+01, -1.236591079939995E-03,  1.484882281002718E-03,  1.014082465002262E-03,  5.609671225588965E-01,  9.712844637778569E+01, -9.177496106718243E-04

2452091.500000000, A.D. 2001-Jul-01,  8.827789180306475E+01,  3.130082548628195E+01, -2.561872325327108E+01, -1.293128835221595E-03,  5.572044768022363E-04,  9.929943176924889E-04,  5.608217692719295E-01,  9.710327923630580E+01, -1.257969606096642E-03

2452275.500000000, A.D. 2002-Jan-01,  8.823374893358434E+01,  3.147194983660598E+01, -2.545767761347192E+01,  1.713788093247555E-04, -1.166834141866903E-04,  7.922795638302012E-04,  5.606648615992484E-01,  9.707611151495566E+01, -8.983113665341099E-05

2452456.500000000, A.D. 2002-Jul-01,  8.819468213008761E+01,  3.164278436021047E+01, -2.529953087868345E+01,  8.261639238558575E-04,  5.260197693775101E-04,  7.326728191678046E-04,  5.605417711308689E-01,  9.705479906102238E+01,  7.312540632462973E-04

2452640.500000000, A.D. 2003-Jan-01,  8.815754056285610E+01,  3.182105894356258E+01, -2.513874186069676E+01,  1.962595464999778E-04,  2.020154972756143E-03,  8.581778170737496E-04,  5.604422078668049E-01,  9.703756021623818E+01,  6.184380424126562E-04

2452821.500000000, A.D. 2003-Jul-01,  8.811426313159787E+01,  3.199699735691151E+01, -2.497952893524784E+01, -7.257485219689573E-04,  1.990349233710616E-03,  9.720528096428052E-04,  5.603118468649955E-01,  9.701498890846483E+01, -2.530023311139225E-04

2453005.500000000, A.D. 2004-Jan-01,  8.806353197345899E+01,  3.217370933503108E+01, -2.481671381882068E+01, -1.279877244097840E-03,  4.555425327558698E-04,  9.934646364872807E-04,  5.601419890069608E-01,  9.698557893202859E+01, -1.265224649820404E-03

2453187.500000000, A.D. 2004-Jul-01,  8.801611702588119E+01,  3.234185227048292E+01, -2.465601893748375E+01, -3.152047453125511E-04, -2.050694829192228E-04,  8.549060428924633E-04,  5.599796616060890E-01,  9.695747281383169E+01, -5.719415187533162E-04

2453371.500000000, A.D. 2005-Jan-01,  8.797455634206541E+01,  3.251052197900186E+01, -2.449418862882852E+01,  8.899122493206867E-04,  8.770876440797374E-04,  7.411856529339631E-04,  5.598506933039329E-01,  9.693514264452824E+01,  9.145235550007241E-04

2453552.500000000, A.D. 2005-Jul-01,  8.793227592160281E+01,  3.268221501012813E+01, -2.433445313346623E+01,  5.689644091393984E-04,  1.742188857969020E-03,  8.088742389320859E-04,  5.597302087068319E-01,  9.691428138322028E+01,  9.006455266907849E-04

2453736.500000000, A.D. 2006-Jan-01,  8.788523387162893E+01,  3.286173594522982E+01, -2.417122660048566E+01, -1.050129761057344E-03,  1.766509498180203E-03,  1.010326799277011E-03,  5.595984390486256E-01,  9.689146617415254E+01, -6.054317402171904E-04

2453917.500000000, A.D. 2006-Jul-01,  8.783473831673609E+01,  3.303306291545701E+01, -2.401012777986709E+01, -1.404797038234286E-03,  9.094697131822944E-04,  1.028218976779912E-03,  5.594390993329857E-01,  9.686387735761767E+01, -1.218566530932579E-03

2454101.500000000, A.D. 2007-Jan-01,  8.778164427293548E+01,  3.320089824288823E+01, -2.384616870940762E+01, -2.431593090829059E-04, -2.131763441072164E-04,  8.507238862646793E-04,  5.592585773022444E-01,  9.683262093691535E+01, -5.030234122113305E-04

2454282.500000000, A.D. 2007-Jul-01,  8.773464633165075E+01,  3.336719268383122E+01, -2.368533070945854E+01,  5.860909280843334E-04,  1.781753855190632E-04,  7.615482186859773E-04,  5.591147004455307E-01,  9.680770943140932E+01,  4.062504064398611E-04

2454466.500000000, A.D. 2008-Jan-01,  8.769093673606146E+01,  3.354006627873829E+01, -2.352205804851802E+01,  4.826250651642167E-04,  1.801551805573703E-03,  8.258886462813067E-04,  5.590010682373953E-01,  9.678803462447175E+01,  8.608441184275093E-04

2454648.500000000, A.D. 2008-Jul-01,  8.764120926172356E+01,  3.371526671449878E+01, -2.335948719939994E+01, -6.720859171376352E-04,  2.017012419522320E-03,  9.757950916788199E-04,  5.588650824771317E-01,  9.676448941996200E+01, -1.415021548757261E-04

2454832.500000000, A.D. 2009-Jan-01,  8.758309110492560E+01,  3.389038368082827E+01, -2.319409511292146E+01, -1.361376536558035E-03,  5.397058284234744E-04,  1.015263393862048E-03,  5.586846689657046E-01,  9.673325178879648E+01, -1.286949844538792E-03

2455013.500000000, A.D. 2009-Jul-01,  8.752794623247277E+01,  3.405725851700727E+01, -2.303169896615425E+01, -7.336917801073286E-04, -1.278490506817616E-04,  9.175989600315349E-04,  5.585107607869272E-01,  9.670314052106302E+01, -9.276491475499458E-04

2455197.500000000, A.D. 2010-Jan-01,  8.747587929448429E+01,  3.422333916489075E+01, -2.286710326430561E+01,  7.543589123136600E-04,  4.939866380806074E-04,  7.541085619425035E-04,  5.583516754573546E-01,  9.667559575011032E+01,  6.790731678290567E-04

2455378.500000000, A.D. 2010-Jul-01,  8.742468705208253E+01,  3.439253877118487E+01, -2.270490588385922E+01,  7.323760284877006E-04,  1.417381897702937E-03,  7.862928116220093E-04,  5.582102072511927E-01,  9.665110128951933E+01,  9.821140309196725E-04

2455562.500000000, A.D. 2011-Jan-01,  8.736984107794552E+01,  3.457033218896579E+01, -2.253938803820250E+01, -7.892480219041664E-04,  1.976840891670572E-03,  9.920377441220035E-04,  5.580663441001876E-01,  9.662619215708320E+01, -2.377859572591207E-04

2455743.500000000, A.D. 2011-Jul-01,  8.730959176776486E+01,  3.474120578318826E+01, -2.237581186202460E+01, -1.407882245754626E-03,  1.281882046550129E-03,  1.047194197899591E-03,  5.578861670787698E-01,  9.659499547289346E+01, -1.054084800373799E-03

2455927.500000000, A.D. 2012-Jan-01,  8.724404740645896E+01,  3.490887429951888E+01, -2.220907193363614E+01, -6.838927151388062E-04, -1.695045391507138E-04,  9.131105643362677E-04,  5.576709685507830E-01,  9.655773500281319E+01, -8.892308763779284E-04

2456109.500000000, A.D. 2012-Jul-01,  8.718479127612295E+01,  3.507241301086629E+01, -2.204478478389395E+01,  4.514485041423004E-04,  8.923149353727901E-05,  7.818635580861493E-04,  5.574866606305331E-01,  9.652582307566254E+01,  2.616190437693217E-04

2456293.500000000, A.D. 2013-Jan-01,  8.712921409071056E+01,  3.524160380365194E+01, -2.187897690423009E+01,  4.907371238876482E-04,  1.711872067330090E-03,  8.285091277381038E-04,  5.573348322268427E-01,  9.649953480247605E+01,  8.804159024396284E-04

2456474.500000000, A.D. 2013-Jul-01,  8.706854604514588E+01,  3.541091565550357E+01, -2.171490582325841E+01, -3.603732793086486E-04,  2.065458961390477E-03,  9.453270464424693E-04,  5.571624841026386E-01,  9.646969364981862E+01,  2.201201954696947E-04

2456658.500000000, A.D. 2014-Jan-01,  8.699978186840049E+01,  3.558338086597493E+01, -2.154708343661342E+01, -1.493920344345720E-03,  8.927470012250829E-04,  1.049258137122301E-03,  5.569533248777874E-01,  9.643347885266132E+01, -1.252803918201484E-03

2456839.500000000, A.D. 2014-Jul-01,  8.693251192768371E+01,  3.574626726226210E+01, -2.138210292616239E+01, -1.119483194414244E-03,  4.778093727019194E-05,  9.774955808550237E-04,  5.567387452745866E-01,  9.639632554608575E+01, -1.208680999583995E-03

2457023.500000000, A.D. 2015-Jan-01,  8.686712141627805E+01,  3.590621221254901E+01, -2.121477584094010E+01,  4.897949729094418E-04,  1.356581355456051E-04,  7.826259430636153E-04,  5.565280465416471E-01,  9.635984419136601E+01,  3.197889690800106E-04

2457204.500000000, A.D. 2015-Jul-01,  8.680527464444266E+01,  3.606822786699568E+01, -2.105017717726761E+01,  7.752641942072341E-04,  1.011615392015566E-03,  7.757086923487308E-04,  5.563471019637967E-01,  9.632851460889970E+01,  9.078868361702300E-04

2457388.500000000, A.D. 2016-Jan-01,  8.674231429720506E+01,  3.623865106095470E+01, -2.088249940301919E+01, -4.717083188524483E-04,  2.043127199461608E-03,  9.626531391284938E-04,  5.561781481846355E-01,  9.629926116886793E+01,  1.352087092125432E-04

2457570.500000000, A.D. 2016-Jul-01,  8.667249463338416E+01,  3.640556010076043E+01, -2.071560625643246E+01, -1.421045969972118E-03,  1.343716834389123E-03,  1.058729137905762E-03,  5.559704402324442E-01,  9.626329765178227E+01, -9.991248329599587E-04

2457754.500000000, A.D. 2017-Jan-01,  8.659801499933573E+01,  3.656757319303542E+01, -2.054645322784032E+01, -8.247280692062260E-04, -1.666384560902337E-04,  9.387541819501413E-04,  5.557285356060497E-01,  9.622141316410297E+01, -1.006028111166211E-03

2457935.500000000, A.D. 2017-Jul-01,  8.653009835186708E+01,  3.672530112520502E+01, -2.038061996948696E+01,  9.036163872120255E-05, -1.573312211943147E-04,  8.269921043919105E-04,  5.555188644595745E-01,  9.618510973046413E+01, -1.540118509805254E-04

2458119.500000000, A.D. 2018-Jan-01,  8.646644233516430E+01,  3.688688135394005E+01, -2.021251985161164E+01,  6.627407922993004E-04,  1.363696648660569E-03,  8.047477516862972E-04,  5.553404482739290E-01,  9.615421792553740E+01,  9.499466278915919E-04

2458300.500000000, A.D. 2018-Jul-01,  8.639961732696277E+01,  3.705069229618455E+01, -2.004635437833480E+01, -2.117612002279462E-05,  1.982074289519896E-03,  9.091738949913696E-04,  5.551563292397628E-01,  9.612233870299836E+01,  5.553547133008728E-04

2458484.500000000, A.D. 2019-Jan-01,  8.632547173971082E+01,  3.722015454995609E+01, -1.987644980871885E+01, -1.472779319183060E-03,  1.252186355825374E-03,  1.066032317459281E-03,  5.549458784653765E-01,  9.608590028097125E+01, -1.058643748591669E-03

2458665.500000000, A.D. 2019-Jul-01,  8.625086769651438E+01,  3.738062995647497E+01, -1.970918851994422E+01, -1.396384233164624E-03,  3.307619251586501E-04,  1.028393522723874E-03,  5.547196931680639E-01,  9.604673751075173E+01, -1.336266777596908E-03

2458849.500000000, A.D. 2020-Jan-01,  8.617602664802550E+01,  3.753774790637883E+01, -1.953936067760399E+01,  1.490780836658257E-04, -1.197596117657312E-04,  8.242236367977182E-04,  5.544851548671330E-01,  9.600612846278901E+01, -8.075892911989733E-05

2459031.500000000, A.D. 2020-Jul-01,  8.610687254278774E+01,  3.769693827356345E+01, -1.937176643710605E+01,  7.379628586373094E-04,  8.970542407371894E-04,  7.839080970716488E-04,  5.542908498046702E-01,  9.597248558412214E+01,  8.562265224906194E-04

2459215.500000000, A.D. 2021-Jan-01,  8.603632325793563E+01,  3.786493388348968E+01, -1.920194721347059E+01, -4.150430413884426E-04,  2.038450274601970E-03,  9.622570944209666E-04,  5.541102513563224E-01,  9.594121593212144E+01,  2.397280193024194E-04

2459396.500000000, A.D. 2021-Jul-01,  8.595971956307247E+01,  3.802887470857371E+01, -1.903397452984435E+01, -1.261742646813682E-03,  1.660266197715173E-03,  1.055249912942633E-03,  5.538948183272235E-01,  9.590391485943222E+01, -6.820012397462651E-04

2459580.500000000, A.D. 2022-Jan-01,  8.587556861927605E+01,  3.819157997364204E+01, -1.886249947407932E+01, -1.198272381228937E-03,  3.381890954052965E-05,  9.968766100049663E-04,  5.536371009029132E-01,  9.585929247066623E+01, -1.256156872629316E-03

2459761.500000000, A.D. 2022-Jul-01,  8.579668605564824E+01,  3.834811521603864E+01, -1.869434740542090E+01, -3.361571993943341E-04, -2.631596253040058E-04,  8.816021454005961E-04,  5.533997842205434E-01,  9.581820236086986E+01, -5.783225394266234E-04

2459945.500000000, A.D. 2023-Jan-01,  8.572131936083187E+01,  3.850624916206539E+01, -1.852397229991414E+01,  6.986530161849027E-04,  9.814927978086343E-04,  7.932512542582228E-04,  5.531853254966650E-01,  9.578106998390014E+01,  8.664436542542758E-04

2460126.500000000, A.D. 2023-Jul-01,  8.564418891400170E+01,  3.866724666668144E+01, -1.835577055369366E+01,  2.535697640728715E-04,  1.789904881481926E-03,  8.738240548345163E-04,  5.529743589444672E-01,  9.574454225771331E+01,  7.821621443745637E-04

2460310.500000000, A.D. 2024-Jan-01,  8.556032100362592E+01,  3.883501157317418E+01, -1.818390807051173E+01, -1.356882249213438E-03,  1.578263467499964E-03,  1.066236233601562E-03,  5.527439947326914E-01,  9.570465593088407E+01, -7.752156017130847E-04

2460492.500000000, A.D. 2024-Jul-01,  8.547222390572384E+01,  3.899437311005291E+01, -1.801340518347838E+01, -1.508695811723922E-03,  4.045948849956775E-04,  1.048706985858981E-03,  5.524773097491721E-01,  9.565848085737288E+01, -1.380593178907854E-03

2460676.500000000, A.D. 2025-Jan-01,  8.538433645079674E+01,  3.914802167001757E+01, -1.784131810120657E+01, -1.057955785467045E-05, -1.871680542867966E-04,  8.459193742796378E-04,  5.522001179005603E-01,  9.561048657656472E+01, -2.439366752760754E-04

2460857.500000000, A.D. 2025-Jul-01,  8.530188641260438E+01,  3.930186990773778E+01, -1.767234789857217E+01,  6.073150516117175E-04,  4.903964290314458E-04,  7.914825248758558E-04,  5.519583032839414E-01,  9.556861767359497E+01,  5.973850314127571E-04

2461041.500000000, A.D. 2026-Jan-01,  8.522018332032894E+01,  3.946294156131179E+01, -1.750058465410994E+01, -1.041255554019433E-04,  1.946652268888521E-03,  9.253957100019369E-04,  5.517380764190046E-01,  9.553048657396052E+01,  5.417334476377035E-04

2461222.500000000, A.D. 2026-Jul-01,  8.513286507359688E+01,  3.962148506674603E+01, -1.733064910996639E+01, -1.024255064041902E-03,  1.865210618736043E-03,  1.036976826555470E-03,  5.514884620048667E-01,  9.548726717791440E+01, -3.274450712824719E-04

2461406.500000000, A.D. 2027-Jan-01,  8.503733351612804E+01,  3.978001615688358E+01, -1.715702688955944E+01, -1.494956970646027E-03,  3.016300600341690E-04,  1.046755095851666E-03,  5.511963389857745E-01,  9.543668764507798E+01, -1.394511004664985E-03

2461587.500000000, A.D. 2027-Jul-01,  8.494647422531354E+01,  3.993048442785935E+01, -1.698667107859609E+01, -7.761979103203592E-04, -2.700652572419408E-04,  9.408821645752500E-04,  5.509158546476166E-01,  9.538812328737676E+01, -9.718355387457420E-04

2461771.500000000, A.D. 2028-Jan-01,  8.485903464006599E+01,  4.008018646723620E+01, -1.681408042359198E+01,  6.115089165857075E-04,  5.587255948279930E-04,  7.963056941147270E-04,  5.506522990137629E-01,  9.534249004396392E+01,  6.387155857717738E-04

2461953.500000000, A.D. 2028-Jul-01,  8.477311517624646E+01,  4.023464264668362E+01, -1.664311729279626E+01,  2.799843851262495E-04,  1.685705385236186E-03,  8.731126304770623E-04,  5.504132869512230E-01,  9.530110638819076E+01,  8.082549018666949E-04

2462137.500000000, A.D. 2029-Jan-01,  8.468074424395516E+01,  4.039553029880798E+01, -1.646933239012271E+01, -1.338521571082383E-03,  1.619528477648753E-03,  1.071280985984955E-03,  5.501576455145489E-01,  9.525684344554149E+01, -6.883345217720975E-04

2462318.500000000, A.D. 2029-Jul-01,  8.458592608145042E+01,  4.054814488030734E+01, -1.629796015719641E+01, -1.646207733844437E-03,  7.434198386375386E-04,  1.082410356936800E-03,  5.498752819486186E-01,  9.520795370963789E+01, -1.331220620740749E-03

2462502.500000000, A.D. 2030-Jan-01,  8.448812400853275E+01,  4.069671444527012E+01, -1.612367503886301E+01, -4.249711658055074E-04, -3.139152011176206E-04,  8.992368957074919E-04,  5.495683705938446E-01,  9.515481365585201E+01, -6.639636495362714E-04

2462683.500000000, A.D. 2030-Jul-01,  8.439709600833632E+01,  4.084419660478838E+01, -1.595273305985534E+01,  3.820748992589967E-04,  1.219185019898100E-04,  8.138415674420717E-04,  5.493003123024525E-01,  9.510840080145364E+01,  2.548952325711054E-04

2462867.500000000, A.D. 2031-Jan-01,  8.430845458570992E+01,  4.099803282597779E+01, -1.577922916292502E+01,  1.907144078451010E-04,  1.736188607283812E-03,  8.883963716296859E-04,  5.490613164676922E-01,  9.506701995543338E+01,  7.704138049666272E-04

2463048.500000000, A.D. 2031-Jul-01,  8.421495926433029E+01,  4.115200414218909E+01, -1.560761754443626E+01, -7.025211355579124E-04,  1.966667251621179E-03,  1.006184742360055E-03,  5.488032494000475E-01,  9.502233702780075E+01,  6.383092253460703E-05

2463232.500000000, A.D. 2032-Jan-01,  8.411272101541535E+01,  4.130853943800770E+01, -1.543220736572771E+01, -1.659136955384822E-03,  6.466735368828063E-04,  1.083198138434132E-03,  5.485069779941626E-01,  9.497103922405691E+01, -1.364179268773103E-03

2463414.500000000, A.D. 2032-Jul-01,  8.401214274853655E+01,  4.145633010731261E+01, -1.525893500303811E+01, -9.178438635033732E-04, -2.581272215337257E-04,  9.637450696932764E-04,  5.482029553583274E-01,  9.491839933645056E+01, -1.080051508260937E-03

2463598.500000000, A.D. 2033-Jan-01,  8.391580180959677E+01,  4.160271913472841E+01, -1.508446580325452E+01,  5.346998907118110E-04,  4.450687931171812E-04,  8.068088968021879E-04,  5.479195352280412E-01,  9.486932666209968E+01,  5.398537403044364E-04

2463779.500000000, A.D. 2033-Jul-01,  8.382078119739415E+01,  4.175257461016509E+01, -1.491258887616239E+01,  4.626731253378288E-04,  1.366032398985289E-03,  8.447107132747063E-04,  5.476576034148271E-01,  9.482397457451501E+01,  8.776279337631089E-04

2463963.500000000, A.D. 2034-Jan-01,  8.372107004521668E+01,  4.191060575852174E+01, -1.473726957494746E+01, -1.087466471191508E-03,  1.840855365551326E-03,  1.050915392486906E-03,  5.473931207320950E-01,  9.477818081756467E+01, -3.099881882989693E-04

2464144.500000000, A.D. 2034-Jul-01,  8.361687056577540E+01,  4.206177945755199E+01, -1.456415968826053E+01, -1.667810695920131E-03,  1.113237865484277E-03,  1.099894168677006E-03,  5.470940055540359E-01,  9.472639062993233E+01, -1.147002214456167E-03

2464328.500000000, A.D. 2035-Jan-01,  8.350689444248998E+01,  4.220927403210703E+01, -1.438784578446526E+01, -8.664431035899147E-04, -2.953114862367743E-04,  9.571353916322373E-04,  5.467568949571684E-01,  9.466802173946715E+01, -1.041428465889865E-03

2464509.500000000, A.D. 2035-Jul-01,  8.340352607868559E+01,  4.235329227215075E+01, -1.421500047273829E+01,  3.455341766095988E-05, -1.555773535519809E-04,  8.505836071120338E-04,  5.464512023334567E-01,  9.461509270242333E+01, -1.669752909486666E-04

2464693.500000000, A.D. 2036-Jan-01,  8.330296009964866E+01,  4.250131006835696E+01, -1.403975751233662E+01,  3.814928388109792E-04,  1.429109363302720E-03,  8.576050887630943E-04,  5.461716654512934E-01,  9.456669239164226E+01,  8.510177672305543E-04

2464875.500000000, A.D. 2036-Jul-01,  8.319813609392928E+01,  4.265254994738002E+01, -1.386555936538466E+01, -6.679622792779827E-04,  1.953676782977853E-03,  1.003763932049912E-03,  5.458834536135926E-01,  9.451679005887119E+01,  1.464113577357987E-04

2465059.500000000, A.D. 2037-Jan-01,  8.308397507684188E+01,  4.280460551696611E+01, -1.368840599178236E+01, -1.737187159518867E-03,  7.196979778929152E-04,  1.097367958234510E-03,  5.455512435544110E-01,  9.445926967020351E+01, -1.360874853401999E-03

2465240.500000000, A.D. 2037-Jul-01,  8.297223488893211E+01,  4.294732894193268E+01, -1.351435735497394E+01, -1.318237569148751E-03, -1.039885523148841E-04,  1.020317703205804E-03,  5.452132951599650E-01,  9.440075571958430E+01, -1.352023984057352E-03

2465424.500000000, A.D. 2038-Jan-01,  8.286178199822821E+01,  4.308678986997408E+01, -1.333791266571868E+01,  2.832709356565697E-04,  7.170799376583580E-05,  8.286984879686527E-04,  5.448749705607645E-01,  9.434217663113108E+01,  1.643898229960717E-04

2465605.500000000, A.D. 2038-Jul-01,  8.275522165564031E+01,  4.322859410177715E+01, -1.316437806765396E+01,  5.200529626510511E-04,  9.609593218454311E-04,  8.277779629279915E-04,  5.445685642552962E-01,  9.428912402392172E+01,  7.814351588470113E-04

2465789.500000000, A.D. 2039-Jan-01,  8.264639418278567E+01,  4.337824790324382E+01, -1.298764953012607E+01, -7.818452758870891E-04,  1.920700460169975E-03,  1.018843092207002E-03,  5.442725996558272E-01,  9.423787934206207E+01,  5.801861076047853E-05

2465970.500000000, A.D. 2039-Jul-01,  8.253286788042698E+01,  4.352268949681785E+01, -1.281300590565771E+01, -1.563394565002504E-03,  1.422336035801230E-03,  1.100122363170120E-03,  5.439444335743433E-01,  9.418105914642737E+01, -8.624177993367100E-04

2466154.500000000, A.D. 2040-Jan-01,  8.241239670215408E+01,  4.366442837839345E+01, -1.263491841387822E+01, -1.265478545563141E-03, -1.783849141524056E-04,  1.013738559768158E-03,  5.435749776472566E-01,  9.411708983564263E+01, -1.326950285400614E-03

2466336.500000000, A.D. 2040-Jul-01,  8.229866150599923E+01,  4.380053248484316E+01, -1.245948187940686E+01, -1.010384240946506E-04, -2.485962277242688E-04,  8.683624587319591E-04,  5.432302540436506E-01,  9.405740279392214E+01, -3.192021004111720E-04

2466520.500000000, A.D. 2041-Jan-01,  8.218954517089350E+01,  4.394047084501599E+01, -1.228269094056511E+01,  3.879357232895164E-04,  1.300454055347408E-03,  8.569152384654585E-04,  5.429217881874467E-01,  9.400399358655719E+01,  8.350879162210040E-04

2466701.500000000, A.D. 2041-Jul-01,  8.207779163382111E+01,  4.408255909584589E+01, -1.210802855529874E+01, -3.283492931324665E-04,  1.879056862844602E-03,  9.637439200952791E-04,  5.426111076098894E-01,  9.395020091207698E+01,  4.706154005230030E-04

2466885.500000000, A.D. 2042-Jan-01,  8.195789621675159E+01,  4.422941373836043E+01, -1.192955746475204E+01, -1.737727798499591E-03,  1.069284761094693E-03,  1.112555145156616E-03,  5.422732592579700E-01,  9.389170428328431E+01, -1.154510590942191E-03

2467066.500000000, A.D. 2042-Jul-01,  8.183872870071264E+01,  4.436742198858227E+01, -1.175399260484136E+01, -1.610636746317707E-03,  1.528037424010065E-04,  1.068483860406344E-03,  5.419209811114736E-01,  9.383070921301002E+01, -1.466384599928869E-03

2467250.500000000, A.D. 2043-Jan-01,  8.171903806836332E+01,  4.450164677221800E+01, -1.157584294671915E+01, -4.202191288817889E-05, -2.121838983844446E-04,  8.637890735924433E-04,  5.415575730034254E-01,  9.376778704963118E+01, -2.439602188602511E-04

2467431.500000000, A.D. 2043-Jul-01,  8.160495965098087E+01,  4.463767363936423E+01, -1.140089091355780E+01,  4.731989015521307E-04,  5.513563305525458E-04,  8.242909588779648E-04,  5.412333005348811E-01,  9.371164101217872E+01,  5.744109197709689E-04

2467615.500000000, A.D. 2044-Jan-01,  8.149031690028477E+01,  4.478163562443040E+01, -1.122300349988386E+01, -4.397222979217591E-04,  1.893155396850388E-03,  9.789537313107486E-04,  5.409297081263575E-01,  9.365907561612221E+01,  4.052857062060671E-04

2467797.500000000, A.D. 2044-Jul-01,  8.136892487866540E+01,  4.492463622847633E+01, -1.104603310350766E+01, -1.545581736669291E-03,  1.486578136503243E-03,  1.102676501895219E-03,  5.405940606462974E-01,  9.360096005647917E+01, -7.602330501388400E-04

2467981.500000000, A.D. 2045-Jan-01,  8.124017807605216E+01,  4.506382086310438E+01, -1.086654396199464E+01, -1.392967013810796E-03, -1.333040604868101E-04,  1.033136271171259E-03,  5.402131082821912E-01,  9.353500019932960E+01, -1.394116630028146E-03

2468162.500000000, A.D. 2045-Jul-01,  8.111770290155816E+01,  4.519752597348267E+01, -1.069060370930631E+01, -5.154863833933931E-04, -3.816873572497831E-04,  9.170819971062594E-04,  5.398545726070982E-01,  9.347292167156503E+01, -7.367968659730469E-04

2468346.500000000, A.D. 2046-Jan-01,  8.099812105636744E+01,  4.533283317730270E+01, -1.051238852781875E+01,  4.502213527191340E-04,  9.187300679562533E-04,  8.385550587649189E-04,  5.395172462289529E-01,  9.341451541972974E+01,  7.418601236034171E-04

2468527.500000000, A.D. 2046-Jul-01,  8.087719788023024E+01,  4.547132543859301E+01, -1.033652054919783E+01, -3.851196071005807E-05,  1.701975813734637E-03,  9.232611985363133E-04,  5.391874399219017E-01,  9.335741122784169E+01,  6.933894957617038E-04

2468711.500000000, A.D. 2047-Jan-01,  8.074852625279848E+01,  4.561602503718279E+01, -1.015692395230861E+01, -1.635782332172334E-03,  1.402404266935268E-03,  1.110804590588013E-03,  5.388378877110779E-01,  9.329688813869814E+01, -8.510172608860617E-04

2468892.500000000, A.D. 2047-Jul-01,  8.061813236784941E+01,  4.575204264769414E+01, -9.979994008742418E+00, -1.819285646267220E-03,  4.899992284838227E-04,  1.104854503120237E-03,  5.384608679825831E-01,  9.323160919629699E+01, -1.450960547979205E-03

2469076.500000000, A.D. 2048-Jan-01,  8.048448717027536E+01,  4.588328316518116E+01, -9.800223077753595E+00, -4.625514608586615E-04, -3.816660311762209E-04,  9.102214032209035E-04,  5.380561878291008E-01,  9.316154099977173E+01, -6.833364907728095E-04

2469258.500000000, A.D. 2048-Jul-01,  8.035780041975481E+01,  4.601430037984392E+01, -9.623043563913178E+00,  3.823826668043946E-04,  4.253252081302010E-04,  8.313077106214576E-04,  5.376909827029649E-01,  9.309830769235616E+01,  4.543451180070116E-04

2469442.500000000, A.D. 2049-Jan-01,  8.023102444756768E+01,  4.615258042651300E+01, -9.443883650793259E+00, -4.084828753271450E-04,  1.839570217105942E-03,  9.731805611248328E-04,  5.373487412180512E-01,  9.303905041616490E+01,  4.614977115080096E-04

2469623.500000000, A.D. 2049-Jul-01,  8.009920040153408E+01,  4.628824047407311E+01, -9.266757701967165E+00, -1.323788140266071E-03,  1.706989559121446E-03,  1.082073984333198E-03,  5.369789809980661E-01,  9.297502841869802E+01, -3.984741537112335E-04

2469807.500000000, A.D. 2050-Jan-01,  7.995842243328204E+01,  4.642303047938425E+01, -9.085931551507228E+00, -1.709398713416982E-03,  1.193844579877583E-04,  1.080121261125441E-03,  5.365640307937264E-01,  9.290318201798954E+01, -1.517198236772914E-03

2469988.500000000, A.D. 2050-Jul-01,  7.982321904620969E+01,  4.655020030944760E+01, -8.908594900590797E+00, -9.610620136306335E-04, -4.124939836099075E-04,  9.713778275953995E-04,  5.361607034525756E-01,  9.283334805365850E+01, -1.126430910318277E-03

2470172.500000000, A.D. 2051-Jan-01,  7.969077072671445E+01,  4.667635139873992E+01, -8.728998039642853E+00,  3.791163955501536E-04,  4.906606648709308E-04,  8.345199262051610E-04,  5.357706555088543E-01,  9.276581334571755E+01,  4.940376515311236E-04

2470353.500000000, A.D. 2051-Jul-01,  7.955982416442166E+01,  4.680587905147387E+01, -8.552042080456568E+00,  1.791698658425683E-04,  1.389837812779290E-03,  8.875172764920237E-04,  5.354031144679875E-01,  9.270217558720395E+01,  7.736303710041256E-04

2470537.500000000, A.D. 2052-Jan-01,  7.942333471312169E+01,  4.694255906063897E+01, -8.371546550185352E+00, -1.420399997590862E-03,  1.635210142697811E-03,  1.092657726914973E-03,  5.350310237661139E-01,  9.263775007930654E+01, -4.879133044641315E-04

2470719.500000000, A.D. 2052-Jul-01,  7.928228427216462E+01,  4.707258466682928E+01, -8.192397659657157E+00, -1.886278493370648E-03,  5.479546323026881E-04,  1.116273277894380E-03,  5.346216166477301E-01,  9.256686343417977E+01, -1.435716589760994E-03

2470903.500000000, A.D. 2053-Jan-01,  7.913938812673241E+01,  4.719641132243866E+01, -8.011457046378453E+00, -6.089675089409787E-04, -4.409755566389221E-04,  9.279015637147094E-04,  5.341879106775144E-01,  9.249176957327813E+01, -8.264478415166298E-04

2471084.500000000, A.D. 2053-Jul-01,  7.900393869369969E+01,  4.731970609716460E+01, -7.834031482189276E+00,  1.733678112360710E-04,  3.791736834602870E-05,  8.464851551839012E-04,  5.337950436208299E-01,  9.242374675105869E+01,  9.585834391040230E-05

2471268.500000000, A.D. 2054-Jan-01,  7.886996303559155E+01,  4.744904267328818E+01, -7.653987818507084E+00, -1.055186488044499E-04,  1.638290105534744E-03,  9.309788062419618E-04,  5.334298949551205E-01,  9.236052321946295E+01,  6.743935892145464E-04

2471449.500000000, A.D. 2054-Jul-01,  7.873178947955506E+01,  4.757845958869640E+01, -7.476021151116076E+00, -1.009834493805036E-03,  1.818651915342576E-03,  1.048157582634753E-03,  5.330492228576882E-01,  9.229461188898370E+01, -8.813822998439745E-06

2471633.500000000, A.D. 2055-Jan-01,  7.858420364049489E+01,  4.770955664654725E+01, -7.294249781174522E+00, -1.892841264487791E-03,  4.477733957493912E-04,  1.114092814435798E-03,  5.326294649413181E-01,  9.222193305874170E+01, -1.469399089475921E-03

2471814.500000000, A.D. 2055-Jul-01,  7.844045766805034E+01,  4.783254723343014E+01, -7.115823755372865E+00, -1.361613221770642E-03, -3.024780581905200E-04,  1.024980185114002E-03,  5.322099535553525E-01,  9.214929691391602E+01, -1.395208025929462E-03

2471998.500000000, A.D. 2056-Jan-01,  7.829796540156711E+01,  4.795319367400285E+01, -6.935056547037783E+00,  1.972025585092786E-04,  1.064295040498218E-04,  8.453012853546680E-04,  5.317924406027567E-01,  9.207700678710206E+01,  1.594532883146182E-04

2472180.500000000, A.D. 2056-Jul-01,  7.815901826791215E+01,  4.807855856946036E+01, -6.756351493669577E+00,  1.880304626110976E-04,  1.283113829466504E-03,  8.830075753514094E-04,  5.314113457222589E-01,  9.201102225400425E+01,  7.653499383843978E-04

2472364.500000000, A.D. 2057-Jan-01,  7.801412369007241E+01,  4.821133688957333E+01, -6.574999903971532E+00, -1.385882928698098E-03,  1.672039612498717E-03,  1.088988942312839E-03,  5.310263928009286E-01,  9.194436972184364E+01, -3.770462450777214E-04

2472545.500000000, A.D. 2057-Jul-01,  7.786571709942413E+01,  4.833743185221218E+01, -6.396078747516726E+00, -1.925897219536767E-03,  9.142779808261865E-04,  1.131570131758502E-03,  5.306091323039294E-01,  9.187212330636123E+01, -1.230026324319145E-03

2472729.500000000, A.D. 2058-Jan-01,  7.771108739965466E+01,  4.845933682284807E+01, -6.213988474685085E+00, -1.049201276828531E-03, -4.469518598055620E-04,  9.804840338018192E-04,  5.301515009070166E-01,  9.179288688624257E+01, -1.190574597163082E-03

2472910.500000000, A.D. 2058-Jul-01,  7.756373264580340E+01,  4.857856955043568E+01, -6.035538319724401E+00, -1.577417917930133E-04, -2.572041879553606E-04,  8.761308467515359E-04,  5.297267431907906E-01,  9.171934236749109E+01, -3.272763871043296E-04

2473094.500000000, A.D. 2059-Jan-01,  7.741819350585887E+01,  4.870173672966821E+01, -5.854657950901514E+00,  1.012964099543639E-04,  1.344338301422740E-03,  8.939414354297854E-04,  5.293259515201186E-01,  9.164994744089370E+01,  7.428271992204016E-04

2473275.500000000, A.D. 2059-Jul-01,  7.726925686673262E+01,  4.882633344315310E+01, -5.675963312111843E+00, -6.943811157231216E-04,  1.811055905798399E-03,  1.006402535860474E-03,  5.289178396962302E-01,  9.157928506905651E+01,  3.173272520506373E-04

2473459.500000000, A.D. 2060-Jan-01,  7.711061422441955E+01,  4.895399922187271E+01, -5.493433046620897E+00, -1.977952506667074E-03,  8.036776461488119E-04,  1.132941479882794E-03,  5.284747185223903E-01,  9.150256101618182E+01, -1.304899389384118E-03

2473641.500000000, A.D. 2060-Jul-01,  7.695211658724440E+01,  4.907224867036224E+01, -5.312982898180830E+00, -1.516721700669279E-03, -2.801785723542447E-04,  1.041963684480945E-03,  5.280081588826855E-01,  9.142177871874452E+01, -1.487609132716084E-03

2473825.500000000, A.D. 2061-Jan-01,  7.679619414024657E+01,  4.918623974316868E+01, -5.131287940087769E+00,  7.182731305073921E-05, -1.709538673370898E-05,  8.541073146516205E-04,  5.275445743207829E-01,  9.134151154006045E+01,  3.202661299178626E-06

2474006.500000000, A.D. 2061-Jul-01,  7.664441918740829E+01,  4.930295497311076E+01, -4.952631393690335E+00,  2.585810858259136E-04,  8.827226089650930E-04,  8.591352141240934E-04,  5.271145995493605E-01,  9.126706371620330E+01,  6.473819551197393E-04

2474190.500000000, A.D. 2062-Jan-01,  7.648912268087476E+01,  4.942688194720589E+01, -4.770740660605262E+00, -1.095078478670484E-03,  1.767835971457619E-03,  1.053701939266702E-03,  5.266931531762361E-01,  9.119409253873680E+01, -1.546055104580315E-05

2474371.500000000, A.D. 2062-Jul-01,  7.632986914218640E+01,  4.954544804352976E+01, -4.591130040128988E+00, -1.849343604345486E-03,  1.226022917875595E-03,  1.129741371681342E-03,  5.262406502447919E-01,  9.111574408488788E+01, -9.394983375233042E-04

2474555.500000000, A.D. 2063-Jan-01,  7.616305183915685E+01,  4.966037367442245E+01, -4.408119950781269E+00, -1.465225502336981E-03, -3.567741841153081E-04,  1.032787432083749E-03,  5.257433336472778E-01,  9.102963638528850E+01, -1.470578609243115E-03

2474736.500000000, A.D. 2063-Jul-01,  7.600400395407875E+01,  4.977044732766414E+01, -4.228817594613289E+00, -5.580594337571262E-04, -4.775441495002036E-04,  9.170841580284741E-04,  5.252734363658286E-01,  9.094827619309737E+01, -7.703336655186751E-04

2474920.500000000, A.D. 2064-Jan-01,  7.584784259287133E+01,  4.988220737474884E+01, -4.047239995698120E+00,  2.162271089538629E-04,  9.472805606287377E-04,  8.660827542721785E-04,  5.248262158095284E-01,  9.087084235415237E+01,  6.619016482152380E-04

2475102.500000000, A.D. 2064-Jul-01,  7.569028365318547E+01,  4.999864377272404E+01, -3.867083597978463E+00, -6.424000776056255E-04,  1.744688590459408E-03,  9.968522218463585E-04,  5.243915496363083E-01,  9.079558223925427E+01,  3.827687151961680E-04

2475286.500000000, A.D. 2065-Jan-01,  7.552352679932616E+01,  5.011772767022532E+01, -3.684004180112744E+00, -2.005846920639395E-03,  8.572554772196013E-04,  1.137113991923549E-03,  5.239245661460702E-01,  9.071472655437205E+01, -1.242511266868090E-03

2475467.500000000, A.D. 2065-Jul-01,  7.535863391819439E+01,  5.022813266726951E+01, -3.504040990520302E+00, -1.828741049063848E-03, -5.174737555491787E-05,  1.086676977532201E-03,  5.234438427624380E-01,  9.063149188069515E+01, -1.591261039316283E-03

2475651.500000000, A.D. 2066-Jan-01,  7.519283270111708E+01,  5.033417594929137E+01, -3.321550117660433E+00, -2.418559954780604E-04, -3.305841581540878E-04,  8.819962996238838E-04,  5.229483586282261E-01,  9.054570146228110E+01, -4.169730080101008E-04

2475832.500000000, A.D. 2066-Jul-01,  7.503324270729226E+01,  5.044249327706256E+01, -3.142386091748691E+00,  2.315781974504762E-04,  4.590588801828179E-04,  8.480493098833241E-04,  5.224947470718411E-01,  9.046716105597403E+01,  4.185744172130344E-04

2476016.500000000, A.D. 2067-Jan-01,  7.487212232031757E+01,  5.055819655805846E+01, -2.960271478651813E+00, -7.527691986424845E-04,  1.747336093349482E-03,  1.009414236338272E-03,  5.220611476571619E-01,  9.039208564459165E+01,  3.207426154635135E-04

2476197.500000000, A.D. 2067-Jul-01,  7.470658889024969E+01,  5.067129654189034E+01, -2.780345622721619E+00, -1.641055468030089E-03,  1.487696455200504E-03,  1.110467565402466E-03,  5.216026946153142E-01,  9.031270696106255E+01, -5.569718069326007E-04

2476381.500000000, A.D. 2068-Jan-01,  7.453182718650147E+01,  5.078287396837388E+01, -2.596823686566914E+00, -1.798546263587936E-03, -1.347096406403920E-04,  1.078655453390819E-03,  5.210989074383217E-01,  9.022547891535616E+01, -1.592576307335997E-03

2476563.500000000, A.D. 2068-Jul-01,  7.436269867941175E+01,  5.088778780167035E+01, -2.416016542340684E+00, -7.027314162797606E-04, -5.285323717060032E-04,  9.306746714300080E-04,  5.206050762510589E-01,  9.013997469583448E+01, -9.030552029268633E-04

2476747.500000000, A.D. 2069-Jan-01,  7.419752644408977E+01,  5.099435251867843E+01, -2.234025154649213E+00,  1.912981502244551E-04,  8.230787489941847E-04,  8.621112943200911E-04,  5.201394674106939E-01,  9.005935702419960E+01,  6.022721115434317E-04

2476928.500000000, A.D. 2069-Jul-01,  7.403151106397137E+01,  5.110442903714983E+01, -2.054506115597742E+00, -3.394212262692721E-04,  1.578214168920316E-03,  9.506077716523603E-04,  5.196858858222951E-01,  8.998082180668848E+01,  5.953806286389755E-04

2477112.500000000, A.D. 2070-Jan-01,  7.385679418653197E+01,  5.121998398684051E+01, -1.871276901036867E+00, -1.918563468098274E-03,  1.191334402691643E-03,  1.132632827290268E-03,  5.192128176237306E-01,  8.989891258721819E+01, -9.210154542751576E-04

2477293.500000000, A.D. 2070-Jul-01,  7.368140163511569E+01,  5.132719505309417E+01, -1.690914268666556E+00, -2.052576801114424E-03,  2.707973680838052E-04,  1.119760063342463E-03,  5.187138666247378E-01,  8.981252189977511E+01, -1.550239116570985E-03

2477477.500000000, A.D. 2071-Jan-01,  7.350228665700224E+01,  5.142915297683744E+01, -1.507794277401253E+00, -6.507502689924884E-04, -5.241667503799801E-04,  9.213756500709795E-04,  5.181839773985873E-01,  8.972077442435527E+01, -8.490601003562644E-04

2477658.500000000, A.D. 2071-Jul-01,  7.333029174352556E+01,  5.153133587803288E+01, -1.328223391366178E+00,  5.250741920633849E-05,  6.029956686503308E-05,  8.523804877302860E-04,  5.176931351862817E-01,  8.963578772980458E+01,  6.499133937367970E-05

2477842.500000000, A.D. 2072-Jan-01,  7.315801110809417E+01,  5.163923782041589E+01, -1.145966520231879E+00, -4.541704934738835E-04,  1.600013234063968E-03,  9.625143600359130E-04,  5.172239866414992E-01,  8.955455717734857E+01,  5.392717712358107E-04

2478024.500000000, A.D. 2072-Jul-01,  7.298001072542419E+01,  5.174764512643534E+01, -9.647909091626109E-01, -1.627583928302972E-03,  1.512375363847097E-03,  1.104042119522155E-03,  5.167340326998152E-01,  8.946972428208841E+01, -4.647873797720928E-04

2478208.500000000, A.D. 2073-Jan-01,  7.279288963203993E+01,  5.185256494995158E+01, -7.809700400971411E-01, -1.927210193036402E-03, -9.443836713171294E-05,  1.090280673743402E-03,  5.161938188329797E-01,  8.937618915054961E+01, -1.633942422185923E-03

2478389.500000000, A.D. 2073-Jul-01,  7.261222810058632E+01,  5.195038940311976E+01, -6.008086498145961E-01, -1.151624714923475E-03, -5.848954769002414E-04,  9.788991766296938E-04,  5.156648376350128E-01,  8.928459889533607E+01, -1.283488045887258E-03

2478573.500000000, A.D. 2074-Jan-01,  7.243359062588820E+01,  5.204680841462417E+01, -4.184457398233905E-01,  1.370401412747319E-04,  3.896664599684615E-04,  8.500650267100762E-04,  5.151448448466592E-01,  8.919456493500334E+01,  3.346784528042088E-04

2478754.500000000, A.D. 2074-Jul-01,  7.225680338922022E+01,  5.214685076792296E+01, -2.388278413706456E-01, -1.121254529664418E-04,  1.275043482107500E-03,  9.081546760726444E-04,  5.146501068512738E-01,  8.910890370652234E+01,  6.528055035310046E-04

2478938.500000000, A.D. 2075-Jan-01,  7.207336856568064E+01,  5.225315721019135E+01, -5.569680755488528E-02, -1.723444882296190E-03,  1.430437785407346E-03,  1.111377165757141E-03,  5.141497990357889E-01,  8.902227809358614E+01, -5.563942975277786E-04

2479119.500000000, A.D. 2075-Jul-01,  7.188826850348028E+01,  5.235214248126724E+01,  1.247821645729225E-01, -2.147292502131261E-03,  6.018918381949380E-04,  1.137369101821000E-03,  5.136214121400793E-01,  8.893079073861861E+01, -1.379869539892629E-03

2479303.500000000, A.D. 2076-Jan-01,  7.169786251234436E+01,  5.244590574759268E+01,  3.082424025995144E-01, -1.081999236238025E-03, -6.178930881491739E-04,  9.674004168387522E-04,  5.130549829390313E-01,  8.883271656266722E+01, -1.234734291113078E-03

2479485.500000000, A.D. 2076-Jul-01,  7.151583563479018E+01,  5.253803216901561E+01,  4.888363343335786E-01, -4.482406897454611E-05, -7.930604859014438E-05,  8.559151478190957E-04,  5.125263607824441E-01,  8.874118847354147E+01, -7.836059193646583E-05

2479669.500000000, A.D. 2077-Jan-01,  7.133527145935952E+01,  5.263631733276252E+01,  6.710652365904703E-01, -4.102460449086647E-04,  1.501813705380958E-03,  9.499718588054905E-04,  5.120300160979837E-01,  8.865524905547076E+01,  5.687471798885882E-04

2479850.500000000, A.D. 2077-Jul-01,  7.115120920872947E+01,  5.273466210505216E+01,  8.510808752489483E-01, -1.322934979641509E-03,  1.630914458265077E-03,  1.066077501655354E-03,  5.115219626146290E-01,  8.856728232171646E+01, -8.146780915964711E-05

2480034.500000000, A.D. 2078-Jan-01,  7.095708927573382E+01,  5.283362361873617E+01,  1.034812007874795E+00, -2.129747441666637E-03,  2.128663154458672E-04,  1.120629531380913E-03,  5.109741500706063E-01,  8.847243152000728E+01, -1.567884337336315E-03

2480215.500000000, A.D. 2078-Jul-01,  7.076798543728643E+01,  5.292496349656895E+01,  1.215023042338408E+00, -1.557802067281660E-03, -5.072512475299709E-04,  1.026940315524094E-03,  5.104276128835908E-01,  8.837780153951870E+01, -1.537049001648517E-03

2480399.500000000, A.D. 2079-Jan-01,  7.057972078551055E+01,  5.301354597783522E+01,  1.397474300488814E+00, -2.259470933854291E-05, -1.329823321279467E-05,  8.523310972313193E-04,  5.098800157939172E-01,  8.828298804257366E+01, -1.255739066933004E-05

2480580.500000000, A.D. 2079-Jul-01,  7.039529797066169E+01,  5.310620211944394E+01,  1.576896551932324E+00,  3.288193503077416E-05,  9.077356771674882E-04,  8.735645657842299E-04,  5.093684096628072E-01,  8.819440618692873E+01,  5.884573767491110E-04

2480764.500000000, A.D. 2080-Jan-01,  7.020572408310336E+01,  5.320620120736429E+01,  1.759585886614597E+00, -1.435943187848463E-03,  1.591468434839043E-03,  1.075276249598532E-03,  5.088634702095656E-01,  8.810697863077446E+01, -1.616602997200651E-04

2480946.500000000, A.D. 2080-Jul-01,  7.001063132299224E+01,  5.330178741877334E+01,  1.940964926092037E+00, -2.185468578010139E-03,  6.758567559610910E-04,  1.138202109363813E-03,  5.083222769021783E-01,  8.801327391436116E+01, -1.304035701363286E-03

2481130.500000000, A.D. 2081-Jan-01,  6.981053604778336E+01,  5.339099316167871E+01,  2.124288981399432E+00, -1.235643663625985E-03, -6.340321946465343E-04,  9.791134334937827E-04,  5.077407165487946E-01,  8.791257986059662E+01, -1.342613712386647E-03

2481311.500000000, A.D. 2081-Jul-01,  6.961849397071366E+01,  5.347841727314835E+01,  2.303851668553273E+00, -3.557082761816770E-04, -3.947005966169353E-04,  8.771298106465817E-04,  5.071938909130298E-01,  8.781789993675528E+01, -4.993408033933039E-04

2481495.500000000, A.D. 2082-Jan-01,  6.942736309517360E+01,  5.356959491013902E+01,  2.485778166914683E+00, -1.845794343125356E-04,  1.219015823504204E-03,  9.055199586779638E-04,  5.066693183121151E-01,  8.772707300645894E+01,  6.239606579283528E-04

2481676.500000000, A.D. 2082-Jul-01,  6.923328759294678E+01,  5.366251149521280E+01,  2.665411172498445E+00, -1.005391308380992E-03,  1.641414824484252E-03,  1.019025642882138E-03,  5.061416496072013E-01,  8.763571000237292E+01,  2.418194435092191E-04

2481860.500000000, A.D. 2083-Jan-01,  6.902854919346275E+01,  5.375766000413643E+01,  2.848784692128455E+00, -2.233563785954717E-03,  5.651797406672564E-04,  1.135866617750924E-03,  5.055786677547086E-01,  8.753823271632083E+01, -1.377239226353144E-03

2482041.500000000, A.D. 2083-Jul-01,  6.882652070064832E+01,  5.384412073601602E+01,  3.028855733745099E+00, -1.932571048926458E-03, -3.106818224025849E-04,  1.070449676103542E-03,  5.050014037815985E-01,  8.743828255774059E+01, -1.675447972396388E-03

2482225.500000000, A.D. 2084-Jan-01,  6.862320737887404E+01,  5.392565319411827E+01,  3.211294792241716E+00, -3.245600862132419E-04, -3.602440696842285E-04,  8.696896698607581E-04,  5.044059136265403E-01,  8.733517663358190E+01, -4.454782421255876E-04

2482407.500000000, A.D. 2084-Jul-01,  6.842565840740716E+01,  5.401035817075140E+01,  3.391287213602047E+00, -8.038900877791450E-06,  7.673266588643456E-04,  8.651334735412270E-04,  5.038520069807984E-01,  8.723927067086910E+01,  5.023819702255814E-04

2482591.500000000, A.D. 2085-Jan-01,  6.822353076026505E+01,  5.410183663623229E+01,  3.573590163838899E+00, -1.409401061280163E-03,  1.575367161929607E-03,  1.062468202573747E-03,  5.033068291739009E-01,  8.714487605975170E+01, -8.178603522255227E-05

2482772.500000000, A.D. 2085-Jul-01,  6.801817720859628E+01,  5.418799132771096E+01,  3.753468798558592E+00, -2.134403548056422E-03,  9.918596019144841E-04,  1.132906591444667E-03,  5.027322271228674E-01,  8.704538679869162E+01, -1.001535324536589E-03

2482956.500000000, A.D. 2086-Jan-01,  6.780460842341051E+01,  5.426953090506473E+01,  3.936598247258003E+00, -1.665719952931795E-03, -5.679947868095351E-04,  1.025550700177390E-03,  5.021096167962587E-01,  8.693758516239177E+01, -1.607257878608888E-03

2483137.500000000, A.D. 2086-Jul-01,  6.759955205825875E+01,  5.434684726435141E+01,  4.115901715959862E+00, -7.540602442083529E-04, -6.394738708525260E-04,  9.101732103406041E-04,  5.015138974551637E-01,  8.683443955590096E+01, -9.441108903703280E-04

2483321.500000000, A.D. 2087-Jan-01,  6.739646526417059E+01,  5.442539039804562E+01,  4.297380686124331E+00, -5.905680425566323E-05,  8.244940921180584E-04,  8.695224825390686E-04,  5.009367160461681E-01,  8.673450369285399E+01,  5.145571855513954E-04

2483502.500000000, A.D. 2087-Jul-01,  6.719287051279903E+01,  5.450702435545406E+01,  4.476377812924559E+00, -6.894480734151488E-04,  1.493470449774220E-03,  9.674939194873497E-04,  5.003724397737568E-01,  8.663680228494056E+01,  4.548817861886200E-04

2483686.500000000, A.D. 2088-Jan-01,  6.697999447464852E+01,  5.459262513019026E+01,  4.659014464230485E+00, -2.195188711143937E-03,  8.823763137718704E-04,  1.133314360881912E-03,  4.997869672534483E-01,  8.653543086047088E+01, -1.081434037957787E-03

2483868.500000000, A.D. 2088-Jul-01,  6.676639987278945E+01,  5.466979933921761E+01,  4.839664832789456E+00, -2.048399814381737E-03, -2.897609222565687E-04,  1.077753384660078E-03,  4.991719205852388E-01,  8.642893883102624E+01, -1.705325663160901E-03

2484052.500000000, A.D. 2089-Jan-01,  6.655366081015448E+01,  5.474117845023473E+01,  5.021547025021626E+00, -4.486020717910795E-04, -4.816228240767873E-04,  8.735767352050735E-04,  4.985447469320737E-01,  8.632034707922600E+01, -6.004841984687388E-04

2484233.500000000, A.D. 2089-Jul-01,  6.634765689780789E+01,  5.481536077807963E+01,  5.200030365317022E+00, -1.875611283718673E-05,  3.317299953973678E-04,  8.451476488665669E-04,  4.979614148276648E-01,  8.621934625628104E+01,  2.474417819549104E-04

2484417.500000000, A.D. 2090-Jan-01,  6.613904846276563E+01,  5.489620765521879E+01,  5.381373984390588E+00, -1.071820293621799E-03,  1.562309475416440E-03,  1.012580339527937E-03,  4.973967637121018E-01,  8.612157994628778E+01,  2.360008321940464E-04

2484598.500000000, A.D. 2090-Jul-01,  6.592686951854182E+01,  5.497445030614691E+01,  5.560405783677703E+00, -1.944623248401919E-03,  1.252980211243713E-03,  1.109574215674677E-03,  4.968107590729817E-01,  8.602011638830193E+01, -6.178943269075177E-04

2484782.500000000, A.D. 2091-Jan-01,  6.570492726762502E+01,  5.505008104905808E+01,  5.742862826414673E+00, -2.013357192580514E-03, -3.761878099170517E-04,  1.065991056145621E-03,  4.961781837136471E-01,  8.591058936007117E+01, -1.709624133791448E-03

2484963.500000000, A.D. 2091-Jul-01,  6.549051514082986E+01,  5.512026023873521E+01,  5.921533158009242E+00, -1.177316550614364E-03, -7.459976863821111E-04,  9.501947567780234E-04,  4.955621980094608E-01,  8.580393474158724E+01, -1.312248028889467E-03

2485147.500000000, A.D. 2092-Jan-01,  6.527754907371684E+01,  5.518991086854837E+01,  6.102281388246632E+00, -4.272009281778027E-05,  4.071360342005619E-04,  8.451223819899734E-04,  4.949562773029706E-01,  8.569902282343226E+01,  2.898319286223360E-04

2485329.500000000, A.D. 2092-Jul-01,  6.506518058283221E+01,  5.526522538054332E+01,  6.281255658150714E+00, -6.486919862740037E-04,  1.413394515413936E-03,  9.501200221829506E-04,  4.943781966579728E-01,  8.559893126249806E+01,  4.891679296003608E-04

2485513.500000000, A.D. 2093-Jan-01,  6.484321289347058E+01,  5.534453047143615E+01,  6.462956891133848E+00, -2.204716759555474E-03,  9.398340599243731E-04,  1.125912853235897E-03,  4.937790914785476E-01,  8.549519941627324E+01, -9.786457927428065E-04

2485694.500000000, A.D. 2093-Jul-01,  6.462166536794479E+01,  5.541590718658453E+01,  6.641647122325855E+00, -2.288784809036336E-03,  1.344894762958675E-05,  1.106000740300377E-03,  4.931560138034480E-01,  8.538731686109058E+01, -1.637411021926461E-03

2485878.500000000, A.D. 2094-Jan-01,  6.439593711287536E+01,  5.548141699266873E+01,  6.822897363261022E+00, -8.461694304405928E-04, -7.026275329891650E-04,  9.043113823176264E-04,  4.924988816871278E-01,  8.527353796219190E+01, -1.023794988669496E-03

2486059.500000000, A.D. 2094-Jul-01,  6.417785210557386E+01,  5.554797013879415E+01,  7.000531063279276E+00, -1.765043294401893E-04, -8.029496042200251E-05,  8.398943138276392E-04,  4.918823230926275E-01,  8.516678415082499E+01, -1.163386017165356E-04

2486243.500000000, A.D. 2095-Jan-01,  6.395831949467043E+01,  5.561975199138652E+01,  7.180730442834808E+00, -7.673550711395342E-04,  1.428565007976879E-03,  9.586727794377234E-04,  4.912853724974983E-01,  8.506342535930668E+01,  4.380456264967232E-04

2486424.500000000, A.D. 2095-Jul-01,  6.373510930790400E+01,  5.569058467215388E+01,  7.358664687277513E+00, -1.692560228428827E-03,  1.421357456266613E-03,  1.071338863809655E-03,  4.906728685015183E-01,  8.495737357991122E+01, -2.452483999718633E-04

2486608.500000000, A.D. 2096-Jan-01,  6.350089693491825E+01,  5.575996052990531E+01,  7.540140084823278E+00, -2.291885585116545E-03, -1.015015125508313E-04,  1.096382539267832E-03,  4.900142137343399E-01,  8.484333104218896E+01, -1.684630140900102E-03

2486790.500000000, A.D. 2096-Jul-01,  6.327136435751049E+01,  5.582107119566567E+01,  7.718929224309544E+00, -1.348438670083133E-03, -7.936809782445272E-04,  9.572084292001670E-04,  4.893483019640430E-01,  8.472803199332748E+01, -1.442651856867602E-03

2486974.500000000, A.D. 2097-Jan-01,  6.304527357139788E+01,  5.588046625629364E+01,  7.898660958207238E+00, -1.155853301794687E-04,  2.492290856438719E-04,  8.366277010189541E-04,  4.886962907000169E-01,  8.461513974251818E+01,  1.565697030970024E-04

2487155.500000000, A.D. 2097-Jul-01,  6.282135493785062E+01,  5.594377635410336E+01,  8.075600513526798E+00, -4.134361591489120E-04,  1.118010452323451E-03,  8.994666690649871E-04,  4.880721043325758E-01,  8.450706522320732E+01,  5.187358049544541E-04

2487339.500000000, A.D. 2098-Jan-01,  6.258961507326379E+01,  5.601225876940001E+01,  8.255905851823789E+00, -2.031729892622136E-03,  1.182577742174449E-03,  1.099975940690927E-03,  4.874411910382648E-01,  8.439782597261458E+01, -6.142935910892084E-04

2487520.500000000, A.D. 2098-Jul-01,  6.235719720363841E+01,  5.607351089322490E+01,  8.433432584042013E+00, -2.410374686991908E-03,  3.303674561853372E-04,  1.118942080187565E-03,  4.867834031771245E-01,  8.428393353501984E+01, -1.451555697607472E-03

2487704.500000000, A.D. 2099-Jan-01,  6.211899402729640E+01,  5.612851620921690E+01,  8.613710411953331E+00, -1.280433396898805E-03, -8.301114678110101E-04,  9.421364297499436E-04,  4.860837549051048E-01,  8.416279319195985E+01, -1.402245156802275E-03

2487885.500000000, A.D. 2099-Jul-01,  6.189002698706081E+01,  5.618272216226320E+01,  8.790190627584192E+00, -4.400295605903848E-04, -4.672869655606359E-04,  8.487233406356171E-04,  4.854233366944164E-01,  8.404844532345881E+01, -5.476181624155524E-04

2488069.500000000, A.D. 2100-Jan-01,  6.166160767798529E+01,  5.624060418919260E+01,  8.968935931569920E+00, -4.970062409394245E-04,  1.153681493612429E-03,  9.052851686886159E-04,  4.847859183232974E-01,  8.393807975373161E+01,  5.046218021948702E-04
