julian, epoch, x, y, z, vx, vy, vz, LT, RG, RR
2433282.500000000, A.D. 1950-Jan-01,  3.411796770850954E+00, -3.757844434890570E+00, -6.092807570071462E-02,  7.584025230229899E-03,  1.297878242050856E-02,  3.118799569949311E-04,  2.931635368409957E-02,  5.075969289981533E+00, -4.514624387281469E-03

2433463.500000000, A.D. 1950-Jul-01,  4.264537960879110E+00, -2.648297784116490E+00, -8.428842111300403E-02,  7.398273392626604E-03,  1.275412123526973E-02,  2.850541303264746E-04,  2.899682349163664E-02,  5.020644352179209E+00, -4.482532285920577E-04

2433647.500000000, A.D. 1951-Jan-01,  4.796304502790741E+00, -1.321604261345037E+00, -1.019803152345625E-01,  1.029384880819997E-02,  5.195456605673675E-03, -1.762402920292808E-04,  2.873955878963692E-02,  4.976100349851420E+00,  8.545661431834462E-03

2433828.500000000, A.D. 1951-Jul-01,  4.949595930370767E+00,  9.367033128420287E-02, -1.116365248965038E-01,  8.150028315406259E-03,  4.643859275775608E-03, -2.330611769150869E-04,  2.859886962775027E-02,  4.951740776595309E+00,  8.239598718871715E-03

2434012.500000000, A.D. 1952-Jan-01,  4.704008456213795E+00,  1.533064691358802E+00, -1.123423512841267E-01, -2.250777236836689E-03,  7.002809777019649E-04, -2.984070586000678E-04,  2.858187477145989E-02,  4.948798208445560E+00, -1.915732863668971E-03

2434194.500000000, A.D. 1952-Jul-01,  4.081270508088430E+00,  2.825313465179385E+00, -1.034319489299166E-01,  2.564001541671237E-03,  7.357209363230963E-03,  2.915734725269808E-04,  2.867465651111963E-02,  4.964862868677823E+00,  6.288320416509493E-03

2434378.500000000, A.D. 1953-Jan-01,  3.108086256384359E+00,  3.904923573117411E+00, -8.544955482182179E-02, -3.598690439126415E-03, -3.107617253376735E-03, -1.045066761731842E-04,  2.882899593686313E-02,  4.991585911855333E+00, -4.670082520156071E-03

2434559.500000000, A.D. 1953-Jul-01,  1.916621606713685E+00,  4.658655323244553E+00, -6.185835816336975E-02, -5.154566418618944E-03, -5.708422319637910E-03, -2.292746235576033E-04,  2.909642524913907E-02,  5.037889861895675E+00, -7.236907484193074E-03

2434743.500000000, A.D. 1954-Jan-01,  5.652501624999708E-01,  5.069651704333419E+00, -3.366390521054606E-02, -1.292254892686206E-02, -3.252821628781143E-03, -2.519252463012540E-04,  2.946194276007356E-02,  5.101177257062432E+00, -4.662975546384309E-03

2434924.500000000, A.D. 1954-Jul-01, -8.097340674768643E-01,  5.104776180259094E+00, -3.183773017710047E-03, -1.410929357713369E-02, -3.053237343877004E-03, -1.111218628710620E-04,  2.985134029722194E-02,  5.168599350596241E+00, -8.050466904529031E-04

2435108.500000000, A.D. 1955-Jan-01, -2.149812921424870E+00,  4.777728503280109E+00,  2.869038674719480E-02, -1.368877904161945E-02,  3.318508738692554E-03,  4.577279044081867E-04,  3.025909109285829E-02,  5.239199212329326E+00,  8.645668623450347E-03

2435289.500000000, A.D. 1955-Jul-01, -3.329552213059795E+00,  4.126536763491499E+00,  5.818475437776606E-02, -1.178854604781492E-02,  1.778528963591195E-03,  4.865492881185017E-04,  3.062528654359461E-02,  5.302603989134044E+00,  8.791539889043820E-03

2435473.500000000, A.D. 1956-Jan-01, -4.307025481340410E+00,  3.180013577389976E+00,  8.389823718573557E-02, -2.683969805706352E-04, -1.503791002425225E-05,  4.168650771271869E-04,  3.092464806459141E-02,  5.354436829723837E+00,  2.134951177590208E-04

2435655.500000000, A.D. 1956-Jul-01, -4.994315541451611E+00,  2.052864102588398E+00,  1.037017491322163E-01, -8.684316260080593E-03, -2.758745376355484E-03,  1.060744847623388E-05,  3.119217994965507E-02,  5.400758539691832E+00,  6.982349987898570E-03

2435839.500000000, A.D. 1957-Jan-01, -5.368697165925798E+00,  7.803249862974699E-01,  1.167527530440342E-01,  1.821997155657287E-04,  1.918224360820361E-03,  4.124788449449984E-04,  3.134007608419591E-02,  5.426365961580845E+00,  1.044568955015760E-04

2436020.500000000, A.D. 1957-Jul-01, -5.419120951501014E+00, -5.157441479792346E-01,  1.233578920495432E-01,  2.550778359070198E-03,  1.237309303186237E-03,  4.838123635706511E-04,  3.144772705815709E-02,  5.445005149924377E+00, -2.644888115030284E-03

2436204.500000000, A.D. 1958-Jan-01, -5.148660020739761E+00, -1.805942175789962E+00,  1.229858878564160E-01,  9.318350745735523E-03, -6.938219681242162E-03,  2.431090730805397E-04,  3.152039207996604E-02,  5.457586708433753E+00, -6.489516209906127E-03

2436385.500000000, A.D. 1958-Jul-01, -4.566260082062086E+00, -2.968496162813464E+00,  1.147807042142700E-01,  1.177311542647854E-02, -8.163322186709079E-03,  3.662587771008955E-05,  3.146246422700508E-02,  5.447556811611223E+00, -5.419330812561937E-03

2436569.500000000, A.D. 1959-Jan-01, -3.691137756022272E+00, -3.966695602295983E+00,  9.868908807469934E-02,  8.765120134849777E-03, -1.264667286945682E-02, -5.133788177735101E-04,  3.129931923725982E-02,  5.419309132289137E+00,  3.277460367770121E-03

2436750.500000000, A.D. 1959-Jul-01, -2.600324591835724E+00, -4.701364746020340E+00,  7.696415287570366E-02,  8.028850021798777E-03, -1.042742353358738E-02, -5.222521414194187E-04,  3.103256563562797E-02,  5.373122177920059E+00,  5.230722401703159E-03

2436934.500000000, A.D. 1960-Jan-01, -1.325970124724489E+00, -5.138259961400363E+00,  5.065021216544539E-02, -5.183306872002921E-04, -4.191820492881301E-03, -3.321082645038694E-04,  3.064971190280057E-02,  5.306833108981696E+00,  4.185006876937122E-03

2437116.500000000, A.D. 1960-Jul-01,  1.159784586589021E-02, -5.249111925995165E+00,  2.128913801306085E-02,  1.005190749086489E-02, -6.788534274751003E-03, -2.232045663052310E-04,  3.031666548991839E-02,  5.249167910159737E+00,  6.809765942780572E-03

2437300.500000000, A.D. 1961-Jan-01,  1.364912422384101E+00, -4.997377569795376E+00, -9.637843516597272E-03,  2.377340931901153E-03, -4.839572794581730E-03, -5.669061180310702E-04,  2.991967199676014E-02,  5.180430617612789E+00,  5.295988013121111E-03

2437481.500000000, A.D. 1961-Jul-01,  2.606343965973867E+00, -4.403174235931918E+00, -4.015199201637736E-02,  1.154887012886155E-03, -1.423711408475549E-03, -6.206230321411031E-04,  2.955270392057139E-02,  5.116892064857915E+00,  1.818252432086301E-03

2437665.500000000, A.D. 1962-Jan-01,  3.683375892800391E+00, -3.471084156471842E+00, -6.848003755068223E-02, -1.363761585992706E-03,  1.052942694410009E-02, -2.104733246999685E-04,  2.923369342927846E-02,  5.061657110523773E+00, -8.210228283576312E-03

2437846.500000000, A.D. 1962-Jul-01,  4.457097929602544E+00, -2.292015584539531E+00, -9.058003086772959E-02, -3.065409974849531E-03,  1.309451257758331E-02, -1.031234840307688E-06,  2.895099883606654E-02,  5.012710059023101E+00, -8.712964729358931E-03

2438030.500000000, A.D. 1963-Jan-01,  4.887931712937703E+00, -9.186697793981755E-01, -1.053130327142826E-01,  2.393270694637172E-03,  1.505277579054775E-02,  3.753957997267868E-04,  2.873105386536098E-02,  4.974627767861739E+00, -4.361975730178821E-04

2438211.500000000, A.D. 1963-Jul-01,  4.926527696606676E+00,  5.036948213981410E-01, -1.118543994348773E-01,  2.277481316334674E-03,  1.395011740250749E-02,  3.432780809558550E-04,  2.860887426938085E-02,  4.953473026595474E+00,  3.675861242328437E-03

2438395.500000000, A.D. 1964-Jan-01,  4.566780236550048E+00,  1.902433748409164E+00, -1.102224316117213E-01,  5.975678784744059E-03,  6.223421522531305E-03,  5.329704114787658E-05,  2.857970465150003E-02,  4.948422463822249E+00,  7.906233686742958E-03

2438577.500000000, A.D. 1964-Jul-01,  3.854702736034421E+00,  3.145364560910631E+00, -9.949151654096224E-02, -3.278611195410308E-03,  1.471487485753738E-02,  2.499535832455579E-04,  2.873977657014891E-02,  4.976138057378171E+00,  6.756385313482214E-03

2438761.500000000, A.D. 1965-Jan-01,  2.814032214705538E+00,  4.146822893724387E+00, -8.047936900095692E-02,  6.212225675300999E-04,  8.116469201298231E-03,  4.696969951115718E-04,  2.894761827892434E-02,  5.012124733698479E+00,  7.056468379987376E-03

2438942.500000000, A.D. 1965-Jul-01,  1.570342016212340E+00,  4.811457382213276E+00, -5.500079783014065E-02, -5.422829254891837E-04,  4.036673968747373E-03,  4.946466163342079E-04,  2.923297946016140E-02,  5.061533490603260E+00,  3.663614827370238E-03

2439126.500000000, A.D. 1966-Jan-01,  1.804034612823281E-01,  5.116907703418535E+00, -2.483093304738370E-02, -3.800667685668177E-03, -7.251319471001686E-03,  3.806584179366854E-05,  2.957150349421561E-02,  5.120147110130977E+00, -7.380829195784188E-03

2439307.500000000, A.D. 1966-Jul-01, -1.191471747256241E+00,  5.045926458232419E+00,  5.997935910452292E-03, -4.152085161409047E-03, -9.799214713090634E-03, -1.101965886855301E-04,  2.994427454704656E-02,  5.184690417144980E+00, -8.582901195717781E-03

2439491.500000000, A.D. 1967-Jan-01, -2.495125736869791E+00,  4.622559079520694E+00,  3.647036013431931E-02, -1.173637153888694E-02, -7.934040909576822E-03, -1.936740278519080E-04,  3.033936180363909E-02,  5.253097655061968E+00, -1.408485812961187E-03

2439672.500000000, A.D. 1967-Jul-01, -3.616175476482208E+00,  3.895252558578160E+00,  6.454949428811582E-02, -1.222482648310361E-02, -7.806523637756891E-03, -7.248687258439737E-05,  3.069941128038553E-02,  5.315438289457782E+00,  2.595093163863138E-03

2439856.500000000, A.D. 1968-Jan-01, -4.518814950464894E+00,  2.900410797098784E+00,  8.965614910301672E-02, -1.167445881316778E-02, -1.307126604687354E-03,  2.786243433633714E-04,  3.101625936487017E-02,  5.370298834659411E+00,  9.122117185662752E-03

2440038.500000000, A.D. 1968-Jul-01, -5.136546499921659E+00,  1.724201975983670E+00,  1.084053369913728E-01, -7.726909781557162E-03, -1.428927439569654E-02, -1.236732360764671E-04,  3.129922473120760E-02,  5.419292769073437E+00,  2.775016971259254E-03

2440222.500000000, A.D. 1969-Jan-01, -5.423090835782632E+00,  4.259675029903270E-01,  1.200454602461491E-01, -7.459220900809661E-03, -6.162282020618872E-03, -1.687939530820953E-04,  3.142528118375644E-02,  5.441118767246226E+00,  6.948357367976298E-03

2440403.500000000, A.D. 1969-Jul-01, -5.377947237695438E+00, -8.739397979849537E-01,  1.240122479737350E-01, -4.967956337569299E-03, -3.592332647045554E-03, -1.438836519155369E-04,  3.147602718086032E-02,  5.449905164274464E+00,  5.475149621126995E-03

2440587.500000000, A.D. 1970-Jan-01, -5.002147887811094E+00, -2.139266913409049E+00,  1.206067283169705E-01,  2.788048908492077E-03,  2.502500969464137E-03,  2.495284076116553E-04,  3.142884692898879E-02,  5.441736156894691E+00, -3.541085992233837E-03

2440768.500000000, A.D. 1970-Jul-01, -4.339062607725976E+00, -3.254641922950590E+00,  1.106397076470036E-01,  5.024131860438041E-03,  2.668785697115286E-03,  2.979602031562327E-04,  3.133313151333765E-02,  5.425163546410511E+00, -5.613286680637482E-03

2440952.500000000, A.D. 1971-Jan-01, -3.404390762153946E+00, -4.194416439477767E+00,  9.389880117318564E-02,  1.293705479298754E-02, -3.871551881428591E-03,  6.503781873912077E-05,  3.120481218900891E-02,  5.402945744134604E+00, -5.144930804818391E-03

2441133.500000000, A.D. 1971-Jul-01, -2.266192765759436E+00, -4.858135390478958E+00,  7.099776311013159E-02,  1.503218729125716E-02, -4.030807485771124E-03, -1.279046879172777E-04,  3.096353886488655E-02,  5.361170563055347E+00, -2.703272796571818E-03

2441317.500000000, A.D. 1972-Jan-01, -9.608650569520426E-01, -5.215823840165813E+00,  4.248973004678502E-02,  1.149306309433329E-02, -8.049867201282805E-03, -4.569859743441092E-04,  3.063197139726579E-02,  5.303761435667421E+00,  5.830576977931744E-03

2441499.500000000, A.D. 1972-Jul-01,  4.005625246688488E-01, -5.224420830736607E+00,  1.194861605870770E-02,  1.490235876818304E-02,  5.097862970086578E-03, -1.721843393354633E-06,  3.026237471921076E-02,  5.239767754607963E+00, -3.943700672025004E-03

2441683.500000000, A.D. 1973-Jan-01,  1.731050242981335E+00, -4.866850530402889E+00, -1.889119089746238E-02,  1.155273475591976E-02, -2.469966589515087E-03, -1.317788377159322E-04,  2.983385120480881E-02,  5.165571208114563E+00,  6.199084415189051E-03

2441864.500000000, A.D. 1973-Jul-01,  2.922006603901049E+00, -4.178684012249968E+00, -4.805984158857240E-02,  9.765687473673443E-03, -2.559677531388136E-03, -2.170584910308469E-04,  2.945051841819350E-02,  5.099199193584063E+00,  7.695702241384129E-03

2442048.500000000, A.D. 1974-Jan-01,  3.916988313797301E+00, -3.170420660090840E+00, -7.446884911140461E-02,  1.159234619976005E-03, -1.426333999538926E-03, -4.782562659428797E-04,  2.910764418538009E-02,  5.039832360490123E+00,  1.805298625556614E-03

2442229.500000000, A.D. 1974-Jul-01,  4.603846145122009E+00, -1.938254237692528E+00, -9.526369245367378E-02, -1.483449554470627E-03,  1.516317394463805E-03, -4.527342725327661E-04,  2.885523405023707E-02,  4.996128900357530E+00, -1.946597692693868E-03

2442413.500000000, A.D. 1975-Jan-01,  4.943540517895240E+00, -5.273629699430190E-01, -1.088577751501503E-01, -6.586669508731554E-03,  1.187106609969585E-02,  9.701278253792216E-06,  2.872038996968221E-02,  4.972781371561563E+00, -7.807076448345978E-03

2442594.500000000, A.D. 1975-Jul-01,  4.876235472748630E+00,  9.010908352286700E-01, -1.129763839420168E-01, -9.027363397742509E-03,  1.278962679498320E-02,  2.082336478800394E-04,  2.864703711994684E-02,  4.960080719338524E+00, -6.556034358932657E-03

2442778.500000000, A.D. 1976-Jan-01,  4.408504606493923E+00,  2.272593225104996E+00, -1.075664438173555E-01, -3.264385388610780E-03,  1.411492857560297E-02,  3.964892694686597E-04,  2.865213826911274E-02,  4.960963955937070E+00,  3.556523338342405E-03

2442960.500000000, A.D. 1976-Jul-01,  3.590725975369558E+00,  3.451887886221189E+00, -9.402955186336018E-02, -1.298119286952503E-02,  5.897911794836970E-03,  2.158758018146797E-05,  2.877210236881237E-02,  4.981735095913658E+00, -5.270253338302380E-03

2443144.500000000, A.D. 1977-Jan-01,  2.490707518269060E+00,  4.360890001986959E+00, -7.382431565895309E-02, -7.579259906307111E-03,  1.205481804150689E-02,  2.568594108552617E-04,  2.900807514680352E-02,  5.022592515880056E+00,  6.704317195697868E-03

2443325.500000000, A.D. 1977-Jul-01,  1.211310106725599E+00,  4.928886869473429E+00, -4.775209925258368E-02, -7.295931371054815E-03,  1.098471458594058E-02,  3.933936127012013E-04,  2.931522379802469E-02,  5.075773656272134E+00,  8.921988602273813E-03

2443509.500000000, A.D. 1978-Jan-01, -1.877584357590248E-01,  5.134463703259914E+00, -1.710895651700852E-02, -1.501345758849155E-03,  4.065723919100986E-03,  4.773441262862398E-04,  2.967417449309402E-02,  5.137924042518076E+00,  4.116260806193095E-03

2443690.500000000, A.D. 1978-Jul-01, -1.551657679580241E+00,  4.966700035549432E+00,  1.448722481360063E-02, -6.551892020782812E-04, -1.674087139553224E-04,  4.194300344720074E-04,  3.005265902971020E-02,  5.203456608583362E+00,  3.675189071763349E-05

2443874.500000000, A.D. 1979-Jan-01, -2.832533682631726E+00,  4.442963234567186E+00,  4.536010315101825E-02, -1.183922815220092E-03, -1.102523887461343E-02, -1.216357409941842E-04,  3.043277675307991E-02,  5.269271952169182E+00, -8.660920814962397E-03

2444055.500000000, A.D. 1979-Jul-01, -3.896030762562387E+00,  3.633465793764107E+00,  7.218413439620362E-02, -6.958382223049305E-04, -1.268733700909866E-02, -2.531985010475723E-04,  3.077128737862665E-02,  5.327883250085800E+00, -8.147001875572289E-03

2444239.500000000, A.D. 1980-Jan-01, -4.717715686087097E+00,  2.581622112176917E+00,  9.461271870150420E-02, -8.413643952610888E-03, -1.123150685335126E-02, -1.920115983134675E-04,  3.106486200320851E-02,  5.378714120621503E+00,  1.985513010706985E-03

2444421.500000000, A.D. 1980-Jul-01, -5.239873416729978E+00,  1.368922605726828E+00,  1.112450251190437E-01,  3.389207443341908E-03, -1.107223677410586E-02,  2.767761526463944E-05,  3.128529456113750E-02,  5.416880834893560E+00, -6.076001154237209E-03

2444605.500000000, A.D. 1981-Jan-01, -5.448673954784230E+00,  6.500480178261499E-02,  1.221521856946327E-01, -3.446528254585449E-03, -1.538830140493496E-02, -1.994119311489847E-04,  3.147906233241320E-02,  5.450430684475199E+00,  3.257419032942865E-03

2444786.500000000, A.D. 1981-Jul-01, -5.319214413993587E+00, -1.230065966584609E+00,  1.247142927064283E-01, -2.351824498615719E-03, -1.516476896639533E-02, -3.505388030522602E-04,  3.154017801021524E-02,  5.461012536058870E+00,  5.698541719970340E-03

2444970.500000000, A.D. 1982-Jan-01, -4.853751694520529E+00, -2.471283733822851E+00,  1.190585657196923E-01, -3.497148736561183E-03, -5.801883792209980E-03, -2.355113846648272E-04,  3.146482231275691E-02,  5.447965101502537E+00,  5.742392327549257E-03

2445151.500000000, A.D. 1982-Jul-01, -4.107155927523190E+00, -3.539864982920530E+00,  1.064577853218058E-01, -1.849209115102703E-03, -2.406842586503413E-03, -1.492453846144082E-04,  3.132158277660760E-02,  5.423163944631535E+00,  2.968562226946940E-03

2445335.500000000, A.D. 1983-Jan-01, -3.094775697587246E+00, -4.404657486143296E+00,  8.746538530389839E-02,  4.505359251566080E-03,  4.705593103802228E-03,  3.271641696901359E-04,  3.109476764557698E-02,  5.383892122084279E+00, -6.434190337841148E-03

2445516.500000000, A.D. 1983-Jul-01, -1.913122712307739E+00, -4.983331659303167E+00,  6.374894808645123E-02,  6.480856513909150E-03,  5.645000898763484E-03,  3.483774650471837E-04,  3.083158473392801E-02,  5.338323413520682E+00, -7.588033480332212E-03

2445700.500000000, A.D. 1984-Jan-01, -5.926580810667201E-01, -5.256867027932280E+00,  3.534606844584772E-02,  1.492391732308256E-02,  9.007935005099542E-04,  7.899499313487480E-06,  3.055415356055757E-02,  5.290287694915072E+00, -2.566940291604983E-03

2445882.500000000, A.D. 1984-Jul-01,  7.651345435901831E-01, -5.168778692791181E+00,  4.559296899943232E-03,  5.918003807197280E-03,  8.435325062452276E-03, -1.217080203999123E-05,  3.017769113210351E-02,  5.225105246024743E+00, -7.477804361474272E-03

2446066.500000000, A.D. 1985-Jan-01,  2.083564272905564E+00, -4.724443001960135E+00, -2.765436913747110E-02,  1.341185201492221E-02,  9.667473705796154E-03,  1.071786841831570E-04,  2.982224362782904E-02,  5.163561418462162E+00, -3.434051679852180E-03

2446247.500000000, A.D. 1985-Jul-01,  3.227992968470197E+00, -3.946405380013305E+00, -5.646167996265262E-02,  1.222223106536924E-02,  1.024935330479786E-02,  2.011816848747062E-04,  2.944791864776390E-02,  5.098749057287993E+00, -1.973398043877154E-04

2446431.500000000, A.D. 1986-Jan-01,  4.138759781452104E+00, -2.861010723867969E+00, -8.083819502034262E-02,  9.383117033430741E-03,  1.502256248945261E-03, -1.053360352017249E-04,  2.906253777053495E-02,  5.032022426860510E+00,  6.865035250031721E-03

2446612.500000000, A.D. 1986-Jul-01,  4.726711718610389E+00, -1.580583340026966E+00, -9.909903088946069E-02,  7.083372419929675E-03,  5.018516722699716E-04, -2.270314129902993E-04,  2.879075206551341E-02,  4.984964190798446E+00,  6.561800320571249E-03

2446796.500000000, A.D. 1987-Jan-01,  4.953247798312591E+00, -1.541204670898076E-01, -1.103118360038669E-01, -2.226015903523508E-03,  1.554521217876107E-04, -5.490374560339094E-04,  2.862850833393274E-02,  4.956872559490213E+00, -2.217003012495613E-03

2446977.500000000, A.D. 1987-Jul-01,  4.784798069769858E+00,  1.263547514514515E+00, -1.127381152220367E-01, -5.587913094864516E-03,  1.710395906573248E-03, -4.596926359082883E-04,  2.858943107319305E-02,  4.950106541533524E+00, -4.954245773629716E-03

2447161.500000000, A.D. 1988-Jan-01,  4.228001012654852E+00,  2.608454100640011E+00, -1.056096617884183E-01, -1.212551818456772E-02,  9.704731112822024E-03,  8.370560984041177E-05,  2.869867714025670E-02,  4.969021911686364E+00, -5.224609204591388E-03

2447343.500000000, A.D. 1988-Jul-01,  3.321930703791987E+00,  3.722410788122258E+00, -8.983463052840007E-02, -8.606970595025619E-03, -2.228700425117074E-03, -1.082241251822665E-04,  2.881956791516456E-02,  4.989953500501490E+00, -7.390484924196707E-03

2447527.500000000, A.D. 1989-Jan-01,  2.148367614885426E+00,  4.552194578379948E+00, -6.630431093402911E-02, -1.481476176004500E-02,  1.059208537909412E-03, -8.965511130496430E-05,  2.907464716578774E-02,  5.034119103653461E+00, -5.363378566849372E-03

2447708.500000000, A.D. 1989-Jul-01,  8.323118678168246E-01,  5.019171747526912E+00, -3.895410051796271E-02, -1.472809975926969E-02,  9.897386908799106E-04, -1.075173576998592E-04,  2.938504352226264E-02,  5.087862566778729E+00, -1.432136856634003E-03

2447892.500000000, A.D. 1990-Jan-01, -5.599726295080412E-01,  5.117507081342592E+00, -8.813399498851401E-03, -9.644657591172109E-03,  7.716460744464283E-03,  3.245741162317725E-04,  2.973271713713731E-02,  5.148060387116730E+00,  8.719191850528754E-03

2448073.500000000, A.D. 1990-Jul-01, -1.898762015206688E+00,  4.855745545499497E+00,  2.218766510605144E-02, -8.584910390495288E-03,  6.519563007746948E-03,  4.726756232803624E-04,  3.011258792101473E-02,  5.213832974454861E+00,  9.200242621954104E-03

2448257.500000000, A.D. 1991-Jan-01, -3.135141953060976E+00,  4.248874505486261E+00,  5.272364812116724E-02, -7.498021989092511E-04,  2.321745594328935E-04,  6.061798048095870E-04,  3.049825298769711E-02,  5.280608810760868E+00,  6.380281191357882E-04

2448438.500000000, A.D. 1991-Jul-01, -4.142995216513385E+00,  3.368693567081287E+00,  7.918587928588397E-02,  1.721817636696888E-03, -3.390356394894161E-03,  4.788763439665112E-04,  3.084298541870131E-02,  5.340297380897988E+00, -3.467341319231294E-03

2448622.500000000, A.D. 1992-Jan-01, -4.898677394925762E+00,  2.251184630814189E+00,  1.003374501522089E-01,  3.212099488137905E-03, -1.298306481055687E-02, -1.085571373665230E-04,  3.114227824988398E-02,  5.392118328215147E+00, -8.340545352317919E-03

2448804.500000000, A.D. 1992-Jul-01, -5.323843661930517E+00,  1.007829635457570E+00,  1.147814787149683E-01,  5.163741769954087E-03, -1.180489555154368E-03,  2.617431127257137E-04,  3.130107509871376E-02,  5.419613150275605E+00, -5.286473812041277E-03

2448988.500000000, A.D. 1993-Jan-01, -5.435199027305226E+00, -3.060896128467746E-01,  1.223510421731002E-01,  7.372789544548453E-03, -9.099050551886029E-03,  1.537601552929814E-04,  3.144877077642384E-02,  5.445185864140288E+00, -6.844328534411787E-03

2449169.500000000, A.D. 1993-Jul-01, -5.218357351975881E+00, -1.582445405159850E+00,  1.231068012501517E-01,  7.793979368319819E-03, -1.066706467636117E-02,  1.243198695069170E-04,  3.150202045557715E-02,  5.454405760277310E+00, -4.359121502448277E-03

2449353.500000000, A.D. 1994-Jan-01, -4.684766656295485E+00, -2.783787469457677E+00,  1.167581275561222E-01,  1.958180914598181E-03, -1.495374168562640E-02, -3.182648783665151E-04,  3.148062479923708E-02,  5.450701217219485E+00,  5.947355535939963E-03

2449534.500000000, A.D. 1994-Jul-01, -3.869286274173814E+00, -3.802705996490848E+00,  1.026467412424505E-01,  2.703792827131445E-03, -1.344722221775729E-02, -4.828161702061134E-04,  3.133849973651988E-02,  5.426093025441512E+00,  7.486883175871269E-03

2449718.500000000, A.D. 1995-Jan-01, -2.790732640008184E+00, -4.598602055054352E+00,  8.136890278384290E-02, -5.591147553407494E-04, -3.344771194386938E-03, -4.219005270636061E-04,  3.107097376694668E-02,  5.379772339708940E+00,  3.142750442740413E-03

2449899.500000000, A.D. 1995-Jul-01, -1.561668954372080E+00, -5.091621142875394E+00,  5.573824688899792E-02, -3.175542999432635E-04,  4.185503713812277E-04, -2.959519910608765E-04,  3.076054430582457E-02,  5.326023144691692E+00, -3.101152640550356E-04

2450083.500000000, A.D. 1996-Jan-01, -2.129959113276055E-01, -5.259461671996528E+00,  2.674388351226024E-02,  4.499575198342716E-03,  8.104608130308012E-03,  1.730285327370103E-04,  3.040140881746968E-02,  5.263840762480196E+00, -8.279057338430394E-03

2450265.500000000, A.D. 1996-Jul-01,  1.124212008783178E+00, -5.072652809178964E+00, -3.655270097806662E-03, -1.378905370983063E-03, -6.677491906442964E-04, -2.967613985931007E-04,  3.000806848133065E-02,  5.195735994463444E+00,  3.537829050088738E-04

2450449.500000000, A.D. 1997-Jan-01,  2.410024706168326E+00, -4.537110896804878E+00, -3.470198352309518E-02,  2.482793239148623E-03,  9.337832674513850E-03, -1.870265413129710E-04,  2.967222700938683E-02,  5.137586846166955E+00, -7.080503012539130E-03

2450630.500000000, A.D. 1997-Jul-01,  3.501915235629081E+00, -3.679518030284073E+00, -6.310614822193303E-02,  3.151765703876662E-03,  1.261780441565999E-02, -1.415925296941211E-04,  2.933954537585726E-02,  5.079984806932012E+00, -6.964841135948606E-03

2450814.500000000, A.D. 1998-Jan-01,  4.346751500688261E+00, -2.528592415791840E+00, -8.732001783886911E-02,  9.065566340191272E-03,  1.392927922925640E-02,  1.794622775103148E-04,  2.904784471019300E-02,  5.029478402324743E+00,  8.288381606471167E-04

2450995.500000000, A.D. 1998-Jul-01,  4.839020394920970E+00, -1.199024710434352E+00, -1.036317469474359E-01,  7.252860648990746E-03,  1.338175626528901E-02,  2.984887237221555E-04,  2.879923758259927E-02,  4.986433412537329E+00,  3.814500202727595E-03

2451179.500000000, A.D. 1999-Jan-01,  4.943481915785724E+00,  2.440167679289650E-01, -1.114893091758113E-01,  5.619950521519063E-03,  3.220580380924500E-03,  5.625163994156460E-05,  2.859318350777779E-02,  4.950756255441332E+00,  5.769164639903173E-03

2451360.500000000, A.D. 1999-Jul-01,  4.660579395412711E+00,  1.641996930647803E+00, -1.109384348735336E-01,  3.357357083310681E-03,  1.134113568360570E-03, -6.703933003646493E-05,  2.854617435777620E-02,  4.942616873431978E+00,  3.544049221432143E-03

2451544.500000000, A.D. 2000-Jan-01,  3.999367318027638E+00,  2.932160488021257E+00, -1.020053325617844E-01, -5.946176121930332E-03, -1.067289197971803E-03, -3.102846890027528E-04,  2.864733311912571E-02,  4.960131970007621E+00, -5.418959643514780E-03

2451726.500000000, A.D. 2000-Jul-01,  3.028205098336364E+00,  3.970654375795527E+00, -8.495630748258466E-02,  1.910535924081965E-03,  3.587219314461628E-03,  1.209415214109500E-04,  2.884484892905604E-02,  4.994330772365362E+00,  4.008310394548333E-03

2451910.500000000, A.D. 2001-Jan-01,  1.794345560661157E+00,  4.718739050060094E+00, -5.999461884050761E-02, -7.508829922709243E-03, -4.293001567168468E-03,  7.876346021293293E-05,  2.915908926544814E-02,  5.048739799981403E+00, -6.682007093817416E-03

2452091.500000000, A.D. 2001-Jul-01,  4.451889385224921E-01,  5.089478927060845E+00, -3.092039143015818E-02, -9.544931959417838E-03, -7.344765391639209E-03,  5.157666226977530E-05,  2.950715933598128E-02,  5.109006264488759E+00, -8.148731754782493E-03

2452275.500000000, A.D. 2002-Jan-01, -9.558248518145066E-01,  5.085472781118359E+00,  7.419196085435298E-04, -1.472487925053798E-02, -4.499836433594529E-03, -6.294666629297058E-05,  2.988552276895955E-02,  5.174517862109147E+00, -1.702465255897868E-03

2452456.500000000, A.D. 2002-Jul-01, -2.265043856453130E+00,  4.723514245058830E+00,  3.123008844743514E-02, -1.366869470974048E-02, -4.119407663118984E-03, -8.136422996666278E-05,  3.025566112000820E-02,  5.238605330940115E+00,  2.195158913779448E-03

2452640.500000000, A.D. 2003-Jan-01, -3.433321020449003E+00,  4.033015736292949E+00,  5.978869429521233E-02, -9.149573861060667E-03,  3.488402768121638E-03,  2.964588512284615E-04,  3.059198008735029E-02,  5.296837155001943E+00,  8.590019115153126E-03

2452821.500000000, A.D. 2003-Jul-01, -4.368572400485880E+00,  3.092577986383640E+00,  8.474493949677954E-02, -7.376552201221922E-03,  2.848774018325731E-03,  4.203251880313575E-04,  3.091690857684523E-02,  5.353096778960938E+00,  7.672321331514948E-03

2453005.500000000, A.D. 2004-Jan-01, -5.045178811662897E+00,  1.932288745329446E+00,  1.051977835037768E-01,  2.166717925531703E-03, -1.981119656284390E-03,  4.102860603227973E-04,  3.120845332436085E-02,  5.403576187177635E+00, -2.723458111778774E-03

2453187.500000000, A.D. 2004-Jul-01, -5.395537871637085E+00,  6.686095437746290E-01,  1.186394009996743E-01, -6.253137150271653E-03, -2.210880924336862E-03,  1.717995718009707E-04,  3.140785226199390E-02,  5.438101042989742E+00,  5.936117068765167E-03

2453371.500000000, A.D. 2005-Jan-01, -5.409241826566974E+00, -6.619504727489924E-01,  1.237046733217996E-01,  5.482835628433827E-03, -2.220663393356143E-05,  1.213492327138334E-04,  3.148233845874032E-02,  5.450997928164703E+00, -5.435385050764498E-03

2453552.500000000, A.D. 2005-Jul-01, -5.099305713565384E+00, -1.921870131877930E+00,  1.216523905234527E-01,  8.144768791642906E-03,  3.623978791480288E-04,  1.295886374295438E-04,  3.148123888440678E-02,  5.450807542770623E+00, -7.744427334100908E-03

2453736.500000000, A.D. 2006-Jan-01, -4.480687026111368E+00, -3.080964256377058E+00,  1.126378746424439E-01,  1.100539346814876E-02, -7.044373968791637E-03,  3.805200015959486E-05,  3.141244066616311E-02,  5.438895500544181E+00, -5.075290235747157E-03

2453917.500000000, A.D. 2006-Jul-01, -3.600399077266611E+00, -4.038096635237758E+00,  9.729727550068087E-02,  1.159704353358076E-02, -8.206748311026940E-03, -3.795130943742543E-05,  3.125113954537255E-02,  5.410967077234957E+00, -1.592697669810565E-03

2454101.500000000, A.D. 2007-Jan-01, -2.483747200300059E+00, -4.760470159358460E+00,  7.568348379309657E-02,  6.290786409868118E-03, -1.225960195219675E-02, -4.529872658165873E-04,  3.101448196713914E-02,  5.369991087782157E+00,  7.952054626052507E-03

2454282.500000000, A.D. 2007-Jul-01, -1.220763421804815E+00, -5.172973546901196E+00,  4.889440933517029E-02,  6.244247671905348E-03, -9.760707803752934E-03, -5.688858937332911E-04,  3.069855566212065E-02,  5.315290143747600E+00,  8.060015091355892E-03

2454466.500000000, A.D. 2008-Jan-01,  1.509982324230060E-01, -5.244166907635400E+00,  1.809661073751019E-02,  4.140708410013784E-04,  2.638643759706707E-04, -3.257924658137889E-04,  3.030051509798589E-02,  5.246371556481040E+00, -2.529597053178105E-04

2454648.500000000, A.D. 2008-Jul-01,  1.484507889675387E+00, -4.962865391615375E+00, -1.315746546699677E-02,  8.091564417940142E-03, -4.204253569498316E-03, -3.709981729463336E-04,  2.991806001797075E-02,  5.180151512137422E+00,  6.347694092439495E-03

2454832.500000000, A.D. 2009-Jan-01,  2.724888580488989E+00, -4.316867515377155E+00, -4.265018038155464E-02, -1.426319089970880E-03, -2.009505423254674E-04, -2.413254587806334E-04,  2.948467553501196E-02,  5.105113315028807E+00, -5.893681436664120E-04

2455013.500000000, A.D. 2009-Jul-01,  3.748749966359501E+00, -3.376597602266036E+00, -6.924125483959559E-02, -2.932590694279850E-03,  2.129636743000402E-03, -2.723783073601012E-04,  2.914167222719945E-02,  5.045724133291560E+00, -3.600199949694358E-03

2455197.500000000, A.D. 2010-Jan-01,  4.510475416933724E+00, -2.167694145691100E+00, -9.167871930092723E-02, -1.331632511960662E-03,  1.248594807038746E-02, -5.503193480672183E-05,  2.890743069429427E-02,  5.005166469119641E+00, -6.606566872826244E-03

2455378.500000000, A.D. 2010-Jul-01,  4.907393448686923E+00, -8.038340651331818E-01, -1.066013318808028E-01, -2.162189668294847E-03,  1.490075723237222E-02,  6.427278039551498E-05,  2.872704936052361E-02,  4.973934409342632E+00, -4.542742500629235E-03

2455562.500000000, A.D. 2011-Jan-01,  4.914060082228368E+00,  6.479167490665413E-01, -1.130155798010467E-01,  2.881328772525349E-03,  1.537866838023404E-02,  3.850220894123130E-04,  2.863431577719387E-02,  4.957878087120437E+00,  4.856837059914669E-03

2455743.500000000, A.D. 2011-Jul-01,  4.522243358946261E+00,  2.025339604877926E+00, -1.096494673075630E-01,  1.462636751197274E-03,  1.316660778496576E-02,  4.668762260885410E-04,  2.862508429434932E-02,  4.956279705414279E+00,  6.704637508179335E-03

2455927.500000000, A.D. 2012-Jan-01,  3.749795820436338E+00,  3.254857295852859E+00, -9.717978692150768E-02,  2.007802616926429E-03,  1.919789925952229E-03,  3.598876433343415E-05,  2.868317353790206E-02,  4.966337546151543E+00,  2.773471315582725E-03

2456109.500000000, A.D. 2012-Jul-01,  2.703518072147971E+00,  4.213738286186903E+00, -7.772370705418247E-02, -2.604306817473867E-03,  1.088662426303305E-02,  3.449559077214311E-04,  2.891836188085415E-02,  5.007059145401247E+00,  7.750214754650511E-03

2456293.500000000, A.D. 2013-Jan-01,  1.428424817884322E+00,  4.850734695050301E+00, -5.276109755327620E-02,  1.483396879447594E-03,  3.308098142160419E-03,  1.618262409229973E-04,  2.920654452882830E-02,  5.056956424127820E+00,  3.590517239474067E-03

2456474.500000000, A.D. 2013-Jul-01,  6.468257458487901E-02,  5.120216181918379E+00, -2.341158096795807E-02,  1.702319251165341E-04,  2.015866767409081E-04,  2.348772386239269E-04,  2.957457107245249E-02,  5.120678244837999E+00,  2.026449439695813E-04

2456658.500000000, A.D. 2014-Jan-01, -1.335256837295170E+00,  5.022363827775417E+00,  8.989442014512555E-03, -6.804642410000840E-03, -9.268268749174071E-03, -3.063483612708791E-06,  3.001443583060146E-02,  5.196838466814047E+00, -7.208748200831784E-03

2456839.500000000, A.D. 2014-Jul-01, -2.616228532810034E+00,  4.568591650592268E+00,  3.986597878731329E-02, -7.322857558176145E-03, -1.217140654798132E-02, -1.178487430088877E-04,  3.040703209832259E-02,  5.264814403377900E+00, -6.923817785061599E-03

2457023.500000000, A.D. 2015-Jan-01, -3.734453907435506E+00,  3.794716681581175E+00,  6.812539079408568E-02, -1.193901541953331E-02, -8.950421302780735E-03, -2.301068329411901E-04,  3.075194341527544E-02,  5.324533946656891E+00,  1.991857643861554E-03

2457204.500000000, A.D. 2015-Jul-01, -4.592804168400949E+00,  2.789113086356197E+00,  9.114980414998114E-02, -1.057123002598491E-02, -7.841321300480477E-03, -2.168078551897962E-04,  3.103840619488830E-02,  5.374133439407800E+00,  4.961078056962857E-03

2457388.500000000, A.D. 2016-Jan-01, -5.167764805890496E+00,  1.593271334888612E+00,  1.088377906624605E-01, -7.036848629002451E-03,  6.412951049449744E-04,  3.377120412475517E-04,  3.123917605824208E-02,  5.408895663650248E+00,  6.918841470949150E-03

2457570.500000000, A.D. 2016-Jul-01, -5.434559747428687E+00,  3.129642880762197E-01,  1.203419099327294E-01, -7.989887866206092E-03, -1.148373610202058E-02, -1.290536535344760E-04,  3.144708394189422E-02,  5.444893797795276E+00,  7.311803426450453E-03

2457754.500000000, A.D. 2017-Jan-01, -5.361743429790099E+00, -1.006956901035045E+00,  1.249247782934767E-01, -5.973906753332644E-03, -4.123159691667050E-03,  7.991082453467106E-05,  3.151648070020628E-02,  5.456909474022002E+00,  6.632395572033635E-03

2457935.500000000, A.D. 2017-Jul-01, -4.966519231387900E+00, -2.247315184891967E+00,  1.211025811433855E-01, -2.324441284394440E-03, -2.247451578223109E-03, -4.874271286989609E-06,  3.149188671812578E-02,  5.452651158028676E+00,  3.043386351418938E-03

2458119.500000000, A.D. 2018-Jan-01, -4.255191745832245E+00, -3.373094997348779E+00,  1.089827688657211E-01,  8.300396506399762E-03,  2.407128491756745E-03,  1.788132831088108E-04,  3.136712872566644E-02,  5.431049981251127E+00, -7.994727420641758E-03

2458300.500000000, A.D. 2018-Jul-01, -3.301288266383372E+00, -4.266966177282164E+00,  9.115683519044683E-02,  1.021274993324351E-02,  3.723745051212792E-03,  2.461263217564505E-04,  3.116309038208109E-02,  5.395721837199582E+00, -9.189111504987467E-03

2458484.500000000, A.D. 2019-Jan-01, -2.133332185777412E+00, -4.905345253967419E+00,  6.788768676765602E-02,  1.358257877599302E-02, -3.255675841580180E-03,  1.201508220063088E-04,  3.089666258455367E-02,  5.349591294062489E+00, -2.429677512707999E-03

2458665.500000000, A.D. 2019-Jul-01, -8.461375106192419E-01, -5.225126613251791E+00,  4.074639488718152E-02,  1.384137756626238E-02, -3.978554263590882E-03, -6.568200638855591E-06,  3.057184151865260E-02,  5.293350269922194E+00,  1.714693514346503E-03

2458849.500000000, A.D. 2020-Jan-01,  5.176504988799153E-01, -5.203549724468883E+00,  1.015440401371894E-02,  8.531664890987894E-03, -7.855122755131120E-03, -5.814833916484792E-04,  3.020159572710588E-02,  5.229244198345654E+00,  8.659958514132584E-03

2459031.500000000, A.D. 2020-Jul-01,  1.843887321718787E+00, -4.829474430094809E+00, -2.154479595076299E-02,  1.594225194040390E-02,  3.692977785280213E-03, -1.147274043316287E-04,  2.985680883796623E-02,  5.169546199074675E+00,  2.236762334810850E-03

2459215.500000000, A.D. 2021-Jan-01,  3.042073200168927E+00, -4.090139054425532E+00, -5.180385633925832E-02,  9.566250764833589E-03, -1.025149736685225E-03, -3.134275779281543E-04,  2.944162481409271E-02,  5.097659313768882E+00,  6.534465086690577E-03

2459396.500000000, A.D. 2021-Jul-01,  3.995362727068202E+00, -3.065595395810557E+00, -7.709342139916993E-02,  5.938578312633447E-03, -5.515077357093529E-04, -2.424593711561453E-04,  2.908863292459687E-02,  5.036540662725138E+00,  5.050324765198190E-03

2459580.500000000, A.D. 2022-Jan-01,  4.651767165186659E+00, -1.788025343660373E+00, -9.618258589987762E-02, -4.232652186931477E-03,  1.457961956790946E-03, -3.488027057996881E-04,  2.878806140652056E-02,  4.984498317635477E+00, -4.466374593543124E-03

2459761.500000000, A.D. 2022-Jul-01,  4.938778265880557E+00, -3.983838142245082E-01, -1.083226517346021E-01, -6.334510802914673E-03,  3.064035982136142E-03, -3.838553401501415E-04,  2.862349112051225E-02,  4.956003855915474E+00, -6.550403780019021E-03

2459945.500000000, A.D. 2023-Jan-01,  4.841482923283126E+00,  1.044037105201407E+00, -1.125931207970943E-01, -6.684989572936015E-03,  1.288173199146430E-02, -9.007519601865005E-05,  2.861222768055367E-02,  4.954053651741196E+00, -3.816291902142735E-03

2460126.500000000, A.D. 2023-Jul-01,  4.352594956492765E+00,  2.385855385699198E+00, -1.074959113184994E-01, -8.194451623250758E-03,  1.398381251857438E-02,  9.284911053907018E-05,  2.867412188829791E-02,  4.964770301605737E+00, -4.660347117248984E-04

2460310.500000000, A.D. 2024-Jan-01,  3.500042972052536E+00,  3.556735252071807E+00, -9.313317742570741E-02, -2.822155881171321E-03,  1.341674851289795E-02,  5.532427499242691E-04,  2.882518339503395E-02,  4.990925790700765E+00,  7.571867800819662E-03

2460492.500000000, A.D. 2024-Jul-01,  2.373501671854414E+00,  4.439286989427776E+00, -7.096697714851055E-02, -1.491615341323582E-02,  7.102526728447734E-03,  2.126506776303981E-04,  2.907663206876931E-02,  5.034462778951099E+00, -7.723667673795449E-04

2460676.500000000, A.D. 2025-Jan-01,  1.056247005735770E+00,  4.969317297271065E+00, -4.372606154462875E-02, -6.509771341101421E-03,  8.843344919348234E-03,  3.402340686483859E-04,  2.934263675481399E-02,  5.080520062605932E+00,  7.293462644364976E-03

2460857.500000000, A.D. 2025-Jul-01, -3.162524958449114E-01,  5.129577680392418E+00, -1.408651618479643E-02, -4.504219536386025E-03,  7.105936206265873E-03,  3.116124497528316E-04,  2.968233306059168E-02,  5.139336654690605E+00,  7.368758935803227E-03

2461041.500000000, A.D. 2026-Jan-01, -1.689089066253580E+00,  4.922900914558317E+00,  1.671319428912375E-02,  9.669482104175350E-04,  6.413051286709619E-06,  3.546554176629007E-04,  3.005948101682540E-02,  5.204637799036534E+00, -3.066041231917396E-04

2461222.500000000, A.D. 2026-Jul-01, -2.927318781497116E+00,  4.384635940138216E+00,  4.678359759916397E-02,  1.086493688328683E-03, -3.325533816890960E-03,  4.056670817901125E-04,  3.044986490590614E-02,  5.272230674113359E+00, -3.365328834170917E-03

2461406.500000000, A.D. 2027-Jan-01, -3.997715223328031E+00,  3.542873094702068E+00,  7.486164000475636E-02, -3.370035934572878E-03, -1.332727345422434E-02,  7.444664939160647E-05,  3.085407143672283E-02,  5.342216865416145E+00, -6.315509504687534E-03

2461587.500000000, A.D. 2027-Jul-01, -4.788037924630725E+00,  2.480512481107938E+00,  9.710659148989988E-02, -2.708882874460825E-03, -1.524371788406949E-02, -9.994643726393122E-05,  3.114909987754975E-02,  5.393299456431578E+00, -4.607885060385406E-03

2461771.500000000, A.D. 2028-Jan-01, -5.280324905996831E+00,  1.244391764397952E+00,  1.129658821376515E-01, -7.517742497942518E-03, -1.133035295407250E-02, -3.181383580611128E-04,  3.133882849834410E-02,  5.426149948786803E+00,  4.710667140785825E-03

2461953.500000000, A.D. 2028-Jul-01, -5.444905225867982E+00, -5.934677889192334E-02,  1.213880557606550E-01,  4.958058110076306E-03, -1.304470369163778E-02, -1.557748304847472E-04,  3.145683128779007E-02,  5.446581498419964E+00, -4.817866872906375E-03

2462137.500000000, A.D. 2029-Jan-01, -5.279780241228468E+00, -1.357287475738426E+00,  1.235158326757111E-01, -3.616422658061582E-03, -1.256424560715524E-02, -1.416563538211446E-04,  3.149303075171086E-02,  5.452849241303531E+00,  6.625841224894162E-03

2462318.500000000, A.D. 2029-Jul-01, -4.802960185061034E+00, -2.562218520350687E+00,  1.183004512521598E-01, -3.508400485459416E-03, -1.183424822391542E-02, -1.605949611267770E-04,  3.144735803804202E-02,  5.444941256072103E+00,  8.660082293761877E-03

2462502.500000000, A.D. 2030-Jan-01, -4.020797185228333E+00, -3.635121455532409E+00,  1.057189374180671E-01, -2.278748983508533E-03, -3.209118611999982E-03, -1.592336532437995E-04,  3.131167021798727E-02,  5.421447638310358E+00,  3.838659117332429E-03

2462683.500000000, A.D. 2030-Jul-01, -3.003688563824142E+00, -4.467865400559483E+00,  8.614762200797400E-02,  5.958499524741681E-04, -9.390528579880658E-05, -2.239083349159717E-04,  3.109749939646793E-02,  5.384365110088850E+00, -2.580584066724864E-04

2462867.500000000, A.D. 2031-Jan-01, -1.774136288607056E+00, -5.030783822211568E+00,  6.026578575094094E-02,  9.396489728128480E-03,  6.428244250969724E-03,  3.040415885054003E-05,  3.081117368118583E-02,  5.334789349291144E+00, -9.186478613478497E-03

2463048.500000000, A.D. 2031-Jul-01, -4.578875068135090E-01, -5.255403179357412E+00,  3.174259085382886E-02,  1.042384820349948E-02,  8.169785539368358E-03,  1.400236386077173E-04,  3.046821647038043E-02,  5.275408149003259E+00, -9.042716829315013E-03

2463232.500000000, A.D. 2032-Jan-01,  9.006528569431480E-01, -5.131155456372736E+00,  1.271423714316314E-03,  1.420892644382717E-02,  1.495488018570500E-03,  5.895174838868326E-05,  3.008814104373386E-02,  5.209600128868032E+00,  9.835310801606847E-04

2463414.500000000, A.D. 2032-Jul-01,  2.191671610912624E+00, -4.652259897002481E+00, -2.905169089724641E-02,  6.415186219557173E-03,  1.042027331203105E-02,  7.532226985319614E-05,  2.970199806778348E-02,  5.142741545137366E+00, -6.692933344296229E-03

2463598.500000000, A.D. 2033-Jan-01,  3.335559728924115E+00, -3.840915501638686E+00, -5.873741036248426E-02,  1.406917515098509E-02,  8.022355697332579E-03, -1.243539529654506E-04,  2.938260009979917E-02,  5.087439501293825E+00,  3.169116393487693E-03

2463779.500000000, A.D. 2033-Jul-01,  4.216619358908593E+00, -2.749105646386746E+00, -8.338576406778109E-02,  1.277748351601673E-02,  8.913293863631643E-03, -9.969061754992410E-05,  2.907582809423766E-02,  5.034323575076137E+00,  5.836436654000320E-03

2463963.500000000, A.D. 2034-Jan-01,  4.778239892390704E+00, -1.419007046065904E+00, -1.015420181865097E-01,  6.022322189909037E-03,  2.162733643045170E-03, -1.325435264124187E-04,  2.879399608128340E-02,  4.985525874717329E+00,  5.159059493004038E-03

2464144.500000000, A.D. 2034-Jul-01,  4.955645573962642E+00, -3.934124012953765E-03, -1.109992550301305E-01,  1.930462350369600E-03,  8.714026906350272E-04, -8.301839593760952E-05,  2.862860958307911E-02,  4.956890090236470E+00,  1.931145093375807E-03

2464328.500000000, A.D. 2035-Jan-01,  4.733462429845095E+00,  1.432493773486477E+00, -1.113487769289993E-01, -8.062730207236931E-03,  6.543675595656678E-04, -2.057083119630633E-04,  2.856990985581772E-02,  4.946726547521718E+00, -7.521003503414145E-03

2464509.500000000, A.D. 2035-Jul-01,  4.141657202025799E+00,  2.727450040317360E+00, -1.036368288534146E-01, -1.002585525563772E-02,  1.083531968463825E-03, -2.350302494258612E-04,  2.864741435482561E-02,  4.960146035533040E+00, -7.770742685609485E-03

2464693.500000000, A.D. 2036-Jan-01,  3.216004286378480E+00,  3.825620942509428E+00, -8.802462269585452E-02, -1.158994367280636E-02,  9.974943565615504E-03,  9.710122097510512E-05,  2.886939358910105E-02,  4.998580548512971E+00,  1.757493287288617E-04

2464875.500000000, A.D. 2036-Jul-01,  2.032095936036662E+00,  4.615714895547975E+00, -6.512746154245536E-02, -1.118141694507332E-02, -2.285539266611535E-03, -6.965112332769422E-05,  2.912973548944180E-02,  5.043657351217183E+00, -6.595724303434193E-03

2465059.500000000, A.D. 2037-Jan-01,  6.816597950681258E-01,  5.061699941391391E+00, -3.590288249749891E-02, -1.652539959351813E-02,  2.402650860975950E-03,  2.873737123869028E-04,  2.949857247044775E-02,  5.107519494810133E+00,  1.735636404563040E-04

2465240.500000000, A.D. 2037-Jul-01, -6.997742057494930E-01,  5.121493782811752E+00, -4.953319424461160E-03, -1.571688164349387E-02,  1.161066656542026E-03,  2.789708086288981E-04,  2.985412690862772E-02,  5.169081837404501E+00,  3.277812720571483E-03

2465424.500000000, A.D. 2038-Jan-01, -2.048148121104694E+00,  4.806136563898697E+00,  2.614705806058112E-02, -6.555560605147112E-03,  4.651536822813824E-03,  3.207439913427248E-04,  3.017372172377811E-02,  5.224417964278307E+00,  6.850728080170945E-03

2465605.500000000, A.D. 2038-Jul-01, -3.235912018623565E+00,  4.176609000038587E+00,  5.491134376922198E-02, -3.893401564337606E-03,  3.771805385358662E-03,  3.166990974046712E-04,  3.051649911211755E-02,  5.283768029271374E+00,  5.369170533243859E-03

2465789.500000000, A.D. 2039-Jan-01, -4.229920722797230E+00,  3.260508987616848E+00,  8.049976530378035E-02,  2.726484358148228E-03, -2.425154302565580E-03,  3.152413058012105E-04,  3.084885321488644E-02,  5.341313358313070E+00, -3.634812626268955E-03

2465970.500000000, A.D. 2039-Jul-01, -4.942287527940366E+00,  2.152392614521165E+00,  1.013196592490900E-01,  3.877228895986433E-03, -5.480366564143502E-03,  3.072765864061320E-04,  3.113923915724764E-02,  5.391592125636962E+00, -5.736180826262210E-03

2466154.500000000, A.D. 2040-Jan-01, -5.362213403549636E+00,  8.883912943617608E-01,  1.165574971683871E-01,  1.613171763239456E-03, -1.520868922702309E-02, -1.453579066480371E-04,  3.139893743553208E-02,  5.436557488636655E+00, -4.079489816701177E-03

2466336.500000000, A.D. 2040-Jul-01, -5.432861629537348E+00, -4.249722112403706E-01,  1.235548779710198E-01,  8.039023722066229E-03, -4.660127070357924E-03,  1.193887994397363E-04,  3.148153016211558E-02,  5.450857975942520E+00, -7.646452747110916E-03

2466520.500000000, A.D. 2041-Jan-01, -5.175515164433201E+00, -1.721297604167915E+00,  1.223790764531295E-01,  9.321981966809376E-03, -1.146172510324106E-02, -2.919568561421347E-04,  3.150903846080495E-02,  5.455620890214583E+00, -5.233638674121741E-03

2466701.500000000, A.D. 2041-Jul-01, -4.610756266003975E+00, -2.889193500307134E+00,  1.144906033357461E-01,  9.253457288445338E-03, -1.114167665703079E-02, -2.765299300433872E-04,  3.143262937367215E-02,  5.442391066890002E+00, -1.930518469599314E-03

2466885.500000000, A.D. 2042-Jan-01, -3.759219561829027E+00, -3.891513159565540E+00,  1.003587959575424E-01,  5.594791771749570E-04, -1.158468382604635E-02, -2.814823350987665E-04,  3.125493572566965E-02,  5.411624365478062E+00,  7.936710377932020E-03

2467066.500000000, A.D. 2042-Jul-01, -2.690421863455699E+00, -4.648570119766484E+00,  8.002395081587356E-02,  4.143227842563578E-04, -1.008181155708829E-02, -3.369415799881013E-04,  3.102371579699551E-02,  5.371589875860815E+00,  8.512254758904809E-03

2467250.500000000, A.D. 2043-Jan-01, -1.427054027838515E+00, -5.126258018898075E+00,  5.390668540490474E-02,  1.504421182407040E-04, -3.301925184823685E-04, -2.413736013326088E-04,  3.073417560229469E-02,  5.321457545204913E+00,  2.752913748952855E-04

2467431.500000000, A.D. 2043-Jul-01, -9.185445972703930E-02, -5.262499506964897E+00,  2.424323325583435E-02,  1.487041028479433E-03,  3.646294400103401E-03, -2.370960072529339E-04,  3.039861435969005E-02,  5.263356917114422E+00, -3.672743861243174E-03

2467615.500000000, A.D. 2044-Jan-01,  1.274791933423938E+00, -5.041960588328700E+00, -7.772792723923767E-03,  8.047929514171773E-03,  1.117703457129128E-02,  1.877789733405386E-04,  3.003631672392271E-02,  5.200627026050740E+00, -8.863583470520410E-03

2467797.500000000, A.D. 2044-Jul-01,  2.524310215752839E+00, -4.461951150662561E+00, -3.773815708998391E-02, -2.392222934202604E-03,  5.412403086961777E-03, -1.080734872968622E-04,  2.960908025183841E-02,  5.126653324026663E+00, -5.887761580674946E-03

2467981.500000000, A.D. 2045-Jan-01,  3.604984405031894E+00, -3.561176315617489E+00, -6.504121742842921E-02,  1.912506756138455E-03,  1.236167163525054E-02,  2.160159506597990E-04,  2.926889989619458E-02,  5.067752921305722E+00, -7.329004735562898E-03

2468162.500000000, A.D. 2045-Jul-01,  4.401178934448216E+00, -2.410252415668831E+00, -8.771660933752384E-02,  2.704709430504116E-03,  1.363206943506418E-02,  1.647636230296821E-04,  2.898561527430997E-02,  5.018703709507251E+00, -4.177825956078103E-03

2468346.500000000, A.D. 2046-Jan-01,  4.869797545003019E+00, -1.056725126866174E+00, -1.048216562726893E-01,  9.500513864741274E-03,  1.181187056046154E-02,  8.013273522453270E-05,  2.878653201703589E-02,  4.984233512054939E+00,  6.776423887551891E-03

2468527.500000000, A.D. 2046-Jul-01,  4.947666834340265E+00,  3.674053112416948E-01, -1.128064983566533E-01,  7.545250656685894E-03,  1.144350840624754E-02,  1.712296055673997E-04,  2.866142451967796E-02,  4.962571820380106E+00,  8.365919504851467E-03

2468711.500000000, A.D. 2047-Jan-01,  4.618174985201994E+00,  1.789935508806163E+00, -1.111720430899674E-01,  1.600025267146098E-03,  2.201840165501144E-03,  7.384882352794180E-06,  2.861288108912535E-02,  4.954166785928326E+00,  2.286868419749676E-03

2468892.500000000, A.D. 2047-Jul-01,  3.926602809054650E+00,  3.041114852470834E+00, -1.005353901579305E-01, -1.838720313220517E-03, -7.088902729845212E-04, -1.151844285100493E-05,  2.869025952366813E-02,  4.967564446554144E+00, -1.887158822923717E-03

2469076.500000000, A.D. 2048-Jan-01,  2.908865385525779E+00,  4.066363109891627E+00, -8.166010919983936E-02, -1.074867327122359E-02, -2.724340682470031E-03, -3.087718534255215E-04,  2.887959866440224E-02,  5.000347502527407E+00, -8.463289342251280E-03

2469258.500000000, A.D. 2048-Jul-01,  1.680745334922925E+00,  4.753929666637291E+00, -5.778187107826550E-02,  2.715339123315281E-04, -2.038399822225414E-03, -6.477570388873898E-05,  2.912378687597600E-02,  5.042627380723726E+00, -1.830451959396044E-03

2469442.500000000, A.D. 2049-Jan-01,  3.092228903818385E-01,  5.101191140325215E+00, -2.888068306747117E-02, -9.157285638192266E-03, -5.734578359465912E-03, -1.935603420549422E-04,  2.951657394619477E-02,  5.110636353715946E+00, -6.276954625363628E-03

2469623.500000000, A.D. 2049-Jul-01, -1.067656900929970E+00,  5.067939323301522E+00,  2.278651242996597E-03, -1.139670138294931E-02, -7.505163541149105E-03, -9.240818961884869E-05,  2.991244901097029E-02,  5.179179996391394E+00, -4.994643388087365E-03

2469807.500000000, A.D. 2050-Jan-01, -2.393407985645044E+00,  4.672488281408712E+00,  3.456692052220625E-02, -1.578010909475495E-02, -3.564558416089290E-03,  1.006499516379294E-04,  3.032105506854366E-02,  5.249927942138405E+00,  4.022219178200793E-03

2469988.500000000, A.D. 2050-Jul-01, -3.535870135832292E+00,  3.960607888287996E+00,  6.323584727181343E-02, -1.363100153044392E-02, -4.105890980550881E-03,  3.950013902445858E-05,  3.066620286763605E-02,  5.309688431030579E+00,  6.015065717428573E-03

2470172.500000000, A.D. 2051-Jan-01, -4.454663637882894E+00,  2.968610127948815E+00,  8.736643473405731E-02, -4.544339363675183E-03,  1.613859172870273E-03,  2.481477980222289E-04,  3.092158098323747E-02,  5.353905781049427E+00,  4.679966891520183E-03

2470353.500000000, A.D. 2051-Jul-01, -5.080218627295177E+00,  1.812967431374959E+00,  1.058181318810967E-01, -1.603280661093713E-03,  1.922285112831166E-03,  3.033500491463995E-04,  3.115926647424727E-02,  5.395059748082316E+00,  2.161636212148029E-03

2470537.500000000, A.D. 2052-Jan-01, -5.402141210749585E+00,  5.267638595899368E-01,  1.182347143102433E-01,  5.842162572547462E-03, -3.179245862888709E-03,  4.429182658139931E-04,  3.135558065354056E-02,  5.429050494544797E+00, -6.112032064004401E-03

2470719.500000000, A.D. 2052-Jul-01, -5.390044432326221E+00, -7.730591210512794E-01,  1.242516390371849E-01, -3.134235557272684E-03,  1.060995017563537E-04,  3.447589894426838E-04,  3.145703691750035E-02,  5.446617102100615E+00,  3.094486776115671E-03

2470903.500000000, A.D. 2053-Jan-01, -5.050206580283060E+00, -2.056812641765434E+00,  1.220006185264644E-01,  8.529310433284131E-03, -2.104128069202699E-03,  2.454061092101748E-04,  3.150170633960753E-02,  5.454351372783134E+00, -7.098377079060332E-03

2471084.500000000, A.D. 2053-Jul-01, -4.405984644790991E+00, -3.190481527045168E+00,  1.119830992949094E-01,  1.175008613691687E-02, -1.958721564933966E-03,  9.733360704940446E-05,  3.142455929909091E-02,  5.440993776790978E+00, -8.364379058808429E-03

2471268.500000000, A.D. 2054-Jan-01, -3.479924030720964E+00, -4.141385331988493E+00,  9.441170613252592E-02,  1.293115240663173E-02, -7.859179697958017E-03, -1.548852150550316E-04,  3.124649217248513E-02,  5.410162409563463E+00, -2.304211688273850E-03

2471449.500000000, A.D. 2054-Jul-01, -2.355529408140183E+00, -4.818755265689320E+00,  7.215223141831768E-02,  1.214445800412755E-02, -7.445259611568329E-03, -1.287893823111424E-04,  3.098075840705687E-02,  5.364152034359245E+00,  1.353608826744157E-03

2471633.500000000, A.D. 2055-Jan-01, -1.068593128731124E+00, -5.193891950952853E+00,  4.575078812352347E-02,  3.346698989725708E-03, -8.885586065260470E-03, -3.338967042820003E-04,  3.062685979975605E-02,  5.302876389994220E+00,  8.025689311263871E-03

2471814.500000000, A.D. 2055-Jul-01,  2.702730567782364E-01, -5.233946707405020E+00,  1.624806974785303E-02,  2.685191928006307E-03, -6.909444307317692E-03, -4.321564421290748E-04,  3.026917676907625E-02,  5.240945493033355E+00,  7.037351686583144E-03

2471998.500000000, A.D. 2056-Jan-01,  1.620159416991104E+00, -4.918617982032694E+00, -1.537117063737506E-02,  2.902704854594759E-04,  3.455035621296525E-03, -4.360789193859116E-04,  2.990913140800577E-02,  5.178605571244742E+00, -3.189471104579514E-03

2472180.500000000, A.D. 2056-Jul-01,  2.833992412190628E+00, -4.259198097476678E+00, -4.611167345824958E-02,  5.990059734794751E-03, -2.716818752237748E-03, -5.216908665312155E-04,  2.954808897890674E-02,  5.116093012478578E+00,  5.584595328289134E-03

2472364.500000000, A.D. 2057-Jan-01,  3.855616122529158E+00, -3.263809540307782E+00, -7.278424105588988E-02, -3.434761756789968E-03,  5.197636870094839E-03, -2.422429967275569E-04,  2.917838843651182E-02,  5.052081347866141E+00, -5.975673402464178E-03

2472545.500000000, A.D. 2057-Jul-01,  4.563771958974706E+00, -2.046235277390430E+00, -9.328900036773419E-02, -6.054699015066905E-03,  7.169029982976456E-03, -1.184087190308218E-04,  2.889133189349083E-02,  5.002379048168033E+00, -8.454125727494545E-03

2472729.500000000, A.D. 2058-Jan-01,  4.924637280479648E+00, -6.560680130572508E-01, -1.066662815461041E-01, -2.775008858661233E-03,  1.394350820868286E-02,  8.171359880459389E-05,  2.870023256354134E-02,  4.969291224879636E+00, -4.592710883196719E-03

2472910.500000000, A.D. 2058-Jul-01,  4.892528657323140E+00,  7.656322351065642E-01, -1.121174680584706E-01, -2.633902063504085E-03,  1.452885636466708E-02,  6.258614525924097E-05,  2.860811912018310E-02,  4.953342276565015E+00, -3.572734237988569E-04

2473094.500000000, A.D. 2059-Jan-01,  4.466409069672345E+00,  2.146524657741764E+00, -1.092764204179994E-01,  3.788992043340864E-03,  1.260420087231790E-02,  1.945561183314959E-04,  2.862718809638242E-02,  4.956643967444520E+00,  8.868330322570207E-03

2473275.500000000, A.D. 2059-Jul-01,  3.687159134360233E+00,  3.342266990306777E+00, -9.698727007304817E-02,  2.150052564702697E-03,  1.052935542739662E-02,  3.246983322966334E-04,  2.874752147090649E-02,  4.977479045374942E+00,  8.656593233211886E-03

2473459.500000000, A.D. 2060-Jan-01,  2.590437083189070E+00,  4.292598744856359E+00, -7.602479185859518E-02, -1.633230528119613E-03, -8.311512474765755E-04,  2.260796698825021E-04,  2.895980351146872E-02,  5.014234541311429E+00, -1.558715956063633E-03

2473641.500000000, A.D. 2060-Jul-01,  1.314136830098507E+00,  4.892462741446436E+00, -4.938987422203585E-02, -2.875327345191682E-03,  7.324804949771724E-03,  4.493467963693288E-04,  2.925947735972998E-02,  5.066121459690696E+00,  6.323490033816908E-03

2473825.500000000, A.D. 2061-Jan-01, -8.217368428342446E-02,  5.120286416807208E+00, -1.969188189206883E-02,  8.508266217877993E-04, -2.927722189122398E-03,  7.433052585970309E-05,  2.957633479397137E-02,  5.120983623752526E+00, -2.941262173427191E-03

2474006.500000000, A.D. 2061-Jul-01, -1.444530684509336E+00,  4.981932621346627E+00,  1.092595026754227E-02,  7.798147306660413E-04, -5.291240478639455E-03,  3.108474531271435E-05,  2.995843303533767E-02,  5.187141883399367E+00, -5.299012605031823E-03

2474190.500000000, A.D. 2062-Jan-01, -2.729535802323004E+00,  4.499740231764379E+00,  4.155039061836697E-02, -7.546733646833651E-03, -1.027910982192934E-02, -1.887684608006545E-06,  3.039687411681024E-02,  5.263055603400232E+00, -4.874416061705756E-03

2474371.500000000, A.D. 2062-Jul-01, -3.815166135499585E+00,  3.718707733297292E+00,  6.945078751361379E-02, -8.742022910741373E-03, -1.200722497112694E-02,  4.117908298388196E-05,  3.077278509247568E-02,  5.328142571200041E+00, -2.120106682592311E-03

2474555.500000000, A.D. 2063-Jan-01, -4.669089169248068E+00,  2.678467874448895E+00,  9.370692762046252E-02, -1.239881690492532E-02, -7.967945895657335E-03,  4.358255334888083E-05,  3.109319627237140E-02,  5.383620047247805E+00,  6.789739669921619E-03

2474736.500000000, A.D. 2063-Jul-01, -5.214438932910145E+00,  1.481990288291651E+00,  1.108540302795956E-01, -9.747137579037933E-03, -7.340076260647601E-03, -5.916223012841947E-05,  3.131532546457982E-02,  5.422080524638958E+00,  7.366429434202588E-03

2474920.500000000, A.D. 2064-Jan-01, -5.434853036116380E+00,  1.713101476980731E-01,  1.206114881797620E-01, -1.648739749021866E-03,  6.212783649367420E-04,  1.080110483377650E-04,  3.141240751182948E-02,  5.438889760049262E+00,  1.669479855828850E-03

2475102.500000000, A.D. 2064-Jul-01, -5.333817566980092E+00, -1.123714649453025E+00,  1.234973544773255E-01, -5.903495032576718E-03, -8.386940463361262E-03, -1.405974959155276E-04,  3.148986959265594E-02,  5.452301903580143E+00,  7.500562272324283E-03

2475286.500000000, A.D. 2065-Jan-01, -4.901698209545020E+00, -2.365889831386288E+00,  1.197092420382691E-01, -3.153728259551072E-03, -2.337876031875146E-04,  2.382882863825521E-04,  3.144259775723997E-02,  5.444117039001208E+00,  2.946348337399223E-03

2475467.500000000, A.D. 2065-Jul-01, -4.185660010015186E+00, -3.451157629649001E+00,  1.085922559298666E-01, -8.536620200009346E-05,  7.290050475286357E-04,  1.950230124316743E-04,  3.133825783078990E-02,  5.426051140762754E+00, -3.939180427137952E-04

2475651.500000000, A.D. 2066-Jan-01, -3.197809589227627E+00, -4.350055506782318E+00,  8.998072856974709E-02,  1.154136562119373E-02,  1.196668964140736E-03,  9.386716190691006E-06,  3.118622972727364E-02,  5.399728290623267E+00, -7.798877866328492E-03

2475832.500000000, A.D. 2066-Jul-01, -2.023449164534121E+00, -4.956144392458477E+00,  6.585660786236758E-02,  1.399263492137565E-02,  2.656759968002674E-03, -7.146702328696991E-05,  3.092036399106719E-02,  5.353695065387137E+00, -7.748924346243273E-03

2476016.500000000, A.D. 2067-Jan-01, -7.016616261594263E-01, -5.245843625826001E+00,  3.697965624998575E-02,  1.469954815053534E-02, -2.865796168233413E-03, -2.078844895205764E-04,  3.056803054183630E-02,  5.292690419741206E+00,  8.902319675441410E-04

2476197.500000000, A.D. 2067-Jul-01,  6.426838674881353E-01, -5.184998410683560E+00,  6.908588439184273E-03,  1.294696906079810E-02, -2.617087615624247E-03, -1.742952602200193E-04,  3.017524489812579E-02,  5.224681693741235E+00,  4.189575638239573E-03

2476381.500000000, A.D. 2068-Jan-01,  1.957555700429586E+00, -4.762436566129776E+00, -2.342922208265497E-02,  4.041298901355263E-03, -5.227831101171364E-03, -3.662714537125853E-04,  2.973880247159679E-02,  5.149114030116418E+00,  6.373302856092783E-03

2476563.500000000, A.D. 2068-Jul-01,  3.126999600065445E+00, -4.018887075757098E+00, -5.280223725622860E-02,  1.371932522846425E-02,  2.028018475801717E-03, -2.288331074814824E-04,  2.941115322950791E-02,  5.092383322448945E+00,  6.826279162365861E-03

2476747.500000000, A.D. 2069-Jan-01,  4.073664147636438E+00, -2.956246324223809E+00, -7.903659181267060E-02,  6.660015370200632E-03, -1.096552400141318E-03, -5.340836901746956E-04,  2.907351337814781E-02,  5.033922794409014E+00,  6.041919639078481E-03

2476928.500000000, A.D. 2069-Jul-01,  4.695471440332962E+00, -1.683308961369778E+00, -9.846774235274301E-02,  2.793276125411815E-03,  4.537625988150783E-04, -4.315502344194593E-04,  2.881438278213974E-02,  4.989055722548541E+00,  2.484321701237467E-03

2477112.500000000, A.D. 2070-Jan-01,  4.951925683190851E+00, -2.491573969886964E-01, -1.095815506947264E-01, -8.082392592629311E-03,  5.586423281912971E-03, -6.730093112301789E-05,  2.864310976841110E-02,  4.959400719499486E+00, -8.349382021353253E-03

2477293.500000000, A.D. 2070-Jul-01,  4.806088830011174E+00,  1.173074570769509E+00, -1.118545289289841E-01, -1.072490018119114E-02,  6.058297365023451E-03,  2.359756955295456E-05,  2.857983323873397E-02,  4.948444728011638E+00, -8.980726333306304E-03

2477477.500000000, A.D. 2071-Jan-01,  4.270535773754187E+00,  2.514755291125794E+00, -1.053467110781713E-01, -7.850700622437114E-03,  1.245929359886761E-02,  2.185225427064939E-04,  2.862966316883430E-02,  4.957072512955044E+00, -4.473696886791073E-04

2477658.500000000, A.D. 2071-Jul-01,  3.404142727320022E+00,  3.639052099569470E+00, -9.106150809659085E-02, -7.560740029481053E-03,  1.242881061523180E-02,  2.353634706956026E-04,  2.878455996826549E-02,  4.983892062394971E+00,  3.906549015037626E-03

2477842.500000000, A.D. 2072-Jan-01,  2.254920031338071E+00,  4.492438211610068E+00, -6.975895244980354E-02, -7.310564659152600E-04,  1.037142445532407E-02,  3.872575698336512E-04,  2.903399178478393E-02,  5.027079842643325E+00,  8.935106739198959E-03

2478024.500000000, A.D. 2072-Jul-01,  9.386364272666639E-01,  5.004136597422189E+00, -4.200899204363461E-02, -1.376224206190156E-02,  8.397320889950698E-03,  4.527706963942245E-04,  2.940651322174034E-02,  5.091579930008422E+00,  5.712289510283175E-03

2478208.500000000, A.D. 2073-Jan-01, -4.677203472272909E-01,  5.130146318387683E+00, -1.061075763496743E-02, -5.544955522039731E-03,  6.419721690270702E-03,  6.107654064599601E-04,  2.975220368816278E-02,  5.151434378836123E+00,  6.895384240703405E-03

2478389.500000000, A.D. 2073-Jul-01, -1.815773474086041E+00,  4.888262749779478E+00,  2.056238254320483E-02, -3.028122785480398E-03,  3.166916057627063E-03,  4.819911292398343E-04,  3.011730346018272E-02,  5.214649444751964E+00,  4.025009530301782E-03

2478573.500000000, A.D. 2074-Jan-01, -3.058208019165276E+00,  4.298442010682397E+00,  4.996404856639695E-02,  2.614869707899940E-03, -5.662068069285902E-03,  4.126281957489361E-05,  3.046920466229030E-02,  5.275579249128505E+00, -6.128772516108789E-03

2478754.500000000, A.D. 2074-Jul-01, -4.075760160280989E+00,  3.441538028027763E+00,  7.595326129682600E-02,  3.345272316471167E-03, -7.659904661717606E-03,  1.381739539795750E-05,  3.081214605853317E-02,  5.334957711209767E+00, -7.496841307073795E-03

2478938.500000000, A.D. 2075-Jan-01, -4.850261598841950E+00,  2.355559943404444E+00,  9.806275567457939E-02, -3.864267779577782E-03, -1.351893853551160E-02, -1.223738286031193E-04,  3.114676395728820E-02,  5.392895004375934E+00, -2.431710755889695E-03

2479119.500000000, A.D. 2075-Jul-01, -5.312207071321037E+00,  1.132631409274131E+00,  1.139474043810748E-01, -4.151964254780888E-03, -1.470335811672861E-02, -1.455559071423923E-04,  3.137727109871302E-02,  5.432806078706722E+00,  9.913887691676265E-04

2479303.500000000, A.D. 2076-Jan-01, -5.451065114338593E+00, -1.835642629859326E-01,  1.232101152100095E-01, -7.616228710267262E-03, -1.005839210151541E-02, -1.933534418758969E-04,  3.150860873312935E-02,  5.455546485174041E+00,  7.944043181783596E-03

2479485.500000000, A.D. 2076-Jul-01, -5.257889802404887E+00, -1.483437982970096E+00,  1.235839983573943E-01,  4.809596864896402E-03, -1.520077353705372E-02, -4.550888870291942E-04,  3.156058741496333E-02,  5.464546314947078E+00, -5.115094680132260E-04

2479669.500000000, A.D. 2077-Jan-01, -4.732394189165380E+00, -2.690833281318635E+00,  1.166054175956866E-01, -2.098938829500132E-03, -9.864065723057952E-03, -4.065613823760255E-04,  3.144860437772521E-02,  5.445157053098738E+00,  6.690009974341859E-03

2479850.500000000, A.D. 2077-Jul-01, -3.936475568167085E+00, -3.718577281262958E+00,  1.032597786404731E-01, -2.454493892713028E-03, -7.337586644695735E-03, -2.908370998948965E-04,  3.128088094981204E-02,  5.416116641781846E+00,  6.816213332223065E-03

2480034.500000000, A.D. 2078-Jan-01, -2.885343116042631E+00, -4.533173723587086E+00,  8.403611733415235E-02, -7.747772201399624E-04,  1.357830791614272E-03,  1.184476110158270E-04,  3.103873974946137E-02,  5.374191192591831E+00, -7.275198684926016E-04

2480215.500000000, A.D. 2078-Jul-01, -1.672289859134516E+00, -5.056226989217008E+00,  5.933602577695807E-02,  1.791502453767440E-03,  3.247830470622582E-03,  5.532837448992725E-05,  3.075999286685869E-02,  5.325927665994501E+00, -3.645261017365511E-03

2480399.500000000, A.D. 2079-Jan-01, -3.261311984161923E-01, -5.265234905763499E+00,  2.950030871256245E-02,  1.243783459656436E-02,  6.135278225047101E-03,  5.235012227648059E-05,  3.046821608779967E-02,  5.275408082761454E+00, -6.892073950413366E-03

2480580.500000000, A.D. 2079-Jul-01,  1.020747073322947E+00, -5.110851203792572E+00, -1.673167212679892E-03,  1.371948505077881E-02,  8.175906722261574E-03,  6.105007470179769E-05,  3.010077339769126E-02,  5.211787353153797E+00, -5.330574477613273E-03

2480764.500000000, A.D. 2080-Jan-01,  2.312522708902834E+00, -4.590267119644650E+00, -3.303944709382147E-02,  1.386687256592587E-02,  2.341887563879202E-03, -2.288190897564447E-05,  2.968605473233605E-02,  5.139981042177719E+00,  4.147549194923625E-03

2480946.500000000, A.D. 2080-Jul-01,  3.426813321630634E+00, -3.742554679714875E+00, -6.064595703386808E-02,  6.903742974535829E-03,  1.310737252338394E-02,  3.504759317085081E-04,  2.930951391387116E-02,  5.074785020477759E+00, -5.008778663062711E-03

2481130.500000000, A.D. 2081-Jan-01,  4.281927238605485E+00, -2.614817774748080E+00, -8.438663277034079E-02,  1.163734781196834E-02,  6.263937646164963E-03,  6.935825233816230E-05,  2.898095822256252E-02,  5.017897365993092E+00,  6.665215674075181E-03

2481311.500000000, A.D. 2081-Jul-01,  4.803252175372482E+00, -1.301820326227052E+00, -1.017969012233907E-01,  1.048136975509630E-02,  5.931717097654597E-03, -4.546246612611596E-05,  2.874812053373957E-02,  4.977582769889124E+00,  8.563847573953549E-03

2481495.500000000, A.D. 2082-Jan-01,  4.950929773308248E+00,  1.415778777950171E-01, -1.118731870922164E-01,  2.826143407471802E-03,  1.090110400132561E-03, -3.441252270870971E-04,  2.861317077652149E-02,  4.954216943746122E+00,  2.863191419286377E-03

2481676.500000000, A.D. 2082-Jul-01,  4.700220598975895E+00,  1.552044797343745E+00, -1.122125280674806E-01, -1.721450994356737E-03,  7.576199369280500E-04, -2.242996150663643E-04,  2.859523715282545E-02,  4.951111833058753E+00, -1.391640978390534E-03

2481860.500000000, A.D. 2083-Jan-01,  4.059835039132693E+00,  2.863892563484513E+00, -1.025268233152349E-01, -1.263429343188264E-02,  2.841214406495440E-03, -8.020812501586339E-05,  2.870069608044363E-02,  4.969371480343421E+00, -8.682786353530977E-03

2482041.500000000, A.D. 2083-Jul-01,  3.106388247832450E+00,  3.918680417374502E+00, -8.530135778273680E-02, -1.437432639048958E-02,  1.905092715288937E-03, -6.331761451837323E-05,  2.888508758514612E-02,  5.001297879693384E+00, -7.434347817136738E-03

2482225.500000000, A.D. 2084-Jan-01,  1.898759348722319E+00,  4.674563337586692E+00, -6.154369580757005E-02, -1.135749082981530E-02,  8.384613048979233E-03,  1.114165640548047E-04,  2.914240768024159E-02,  5.045851473038391E+00,  3.492454340859131E-03

2482407.500000000, A.D. 2084-Jul-01,  5.521248970077560E-01,  5.073117786848592E+00, -3.390794672802989E-02, -1.255964284375880E-02, -3.712466412301085E-03, -2.701413096872907E-04,  2.947354903340976E-02,  5.103186820995945E+00, -5.047651960882365E-03

2482591.500000000, A.D. 2085-Jan-01, -8.407967688046865E-01,  5.105270092973663E+00, -2.812488588652752E-03, -1.490457149251291E-02,  3.753674655077978E-03,  1.986198518063222E-04,  2.988278514631664E-02,  5.174043857442240E+00,  6.125707621320305E-03

2482772.500000000, A.D. 2085-Jul-01, -2.162008012425970E+00,  4.773782402827790E+00,  2.844787330670700E-02, -1.415935692113781E-02,  2.670384583435902E-03,  3.271185043018514E-04,  3.026729047091410E-02,  5.240618890630957E+00,  8.275698878006572E-03

2482956.500000000, A.D. 2086-Jan-01, -3.359178639079796E+00,  4.099229219384288E+00,  5.848087209117134E-02, -4.319620842284376E-03,  2.227183111075062E-03,  4.674033536659567E-04,  3.061089081213575E-02,  5.300111445498524E+00,  4.465462009106533E-03

2483137.500000000, A.D. 2086-Jul-01, -4.313684853848948E+00,  3.169141312570764E+00,  8.357036226139300E-02, -7.216531389493478E-04,  3.493353574742824E-04,  3.328048049253417E-04,  3.091835027011874E-02,  5.353346400413209E+00,  7.935017891451667E-04

2483321.500000000, A.D. 2087-Jan-01, -5.003840632674440E+00,  2.018272741058453E+00,  1.028559176543730E-01,  6.024389420848619E-03, -6.674121822388354E-03,  1.205394387713976E-04,  3.116769866832643E-02,  5.396519737228788E+00, -8.079815630124731E-03

2483502.500000000, A.D. 2087-Jul-01, -5.373529194526403E+00,  7.682161038088665E-01,  1.161455977667831E-01,  6.936849190956712E-03, -8.132825904180204E-03,  1.247229260165942E-04,  3.135764040983290E-02,  5.429407130291432E+00, -8.013516469074418E-03

2483686.500000000, A.D. 2088-Jan-01, -5.424748250130778E+00, -5.430928944921066E-01,  1.232455766474685E-01,  7.666963117939648E-04, -1.462539473720810E-02, -4.361313069443683E-05,  3.149539690775287E-02,  5.453258928522277E+00,  6.928771234260800E-04

2483868.500000000, A.D. 2088-Jul-01, -5.140663795862355E+00, -1.821573292253645E+00,  1.228017775925811E-01,  9.311006308497618E-03, -6.329448132937554E-03,  2.367039390645015E-04,  3.150683350888198E-02,  5.455239114623816E+00, -6.655277785655648E-03

2484052.500000000, A.D. 2089-Jan-01, -4.544554649759400E+00, -3.002063815853352E+00,  1.141770730935092E-01,  8.868014019932927E-03, -1.364417485913219E-02, -2.965055029077037E-04,  3.146380286828808E-02,  5.447788590164450E+00,  1.148457126274093E-04

2484233.500000000, A.D. 2089-Jul-01, -3.675109797843772E+00, -3.978916941205424E+00,  9.847519386874216E-02,  9.428931967202930E-03, -1.234225011151488E-02, -4.018627363873469E-04,  3.128812597892741E-02,  5.417371079686744E+00,  2.661227019986698E-03

2484417.500000000, A.D. 2090-Jan-01, -2.559285157535083E+00, -4.712838682475850E+00,  7.647069074878700E-02,  9.206250864982080E-04, -7.592992295591055E-03, -3.472618989160805E-04,  3.097672577748185E-02,  5.363453806192767E+00,  6.227675586769466E-03

2484598.500000000, A.D. 2090-Jul-01, -1.306601906637645E+00, -5.142572378372909E+00,  5.058749943689302E-02, -2.314951129748698E-04, -4.830459325373073E-03, -2.459380231695906E-04,  3.064608794983503E-02,  5.306205640976648E+00,  4.736155921630189E-03

2484782.500000000, A.D. 2091-Jan-01,  5.109206187176129E-02, -5.243636874840514E+00,  2.152387153621080E-02,  1.292957749009976E-04,  4.245663930654077E-03, -5.754038973459681E-05,  3.028641357179925E-02,  5.243929952909307E+00, -4.244403081096757E-03

2484963.500000000, A.D. 2091-Jul-01,  1.383694899622062E+00, -4.994145803004979E+00, -9.264466334756782E-03,  1.608066316338138E-03,  6.931265587599223E-03, -1.267308656647691E-04,  2.993044436315984E-02,  5.182295795036098E+00, -6.250029903896335E-03

2485147.500000000, A.D. 2092-Jan-01,  2.645612540969491E+00, -4.391911470215767E+00, -4.073495431693458E-02,  1.055334328332974E-02,  1.154771725424835E-02, -6.471930694236789E-05,  2.961315651631872E-02,  5.127359107342792E+00, -4.445535744425265E-03

2485329.500000000, A.D. 2092-Jul-01,  3.696730414526677E+00, -3.458482516060948E+00, -6.836285028481219E-02, -1.751562751495485E-03,  1.001874906099056E-02, -1.733998391942526E-04,  2.924009269591686E-02,  5.062765109195261E+00, -8.120635416153451E-03

2485513.500000000, A.D. 2093-Jan-01,  4.475648204170024E+00, -2.256938734131107E+00, -9.043638814761668E-02,  2.246748990885457E-03,  1.561710839957909E-02,  2.582155230735526E-04,  2.895452191561778E-02,  5.013320061337883E+00, -5.029511490714303E-03

2485694.500000000, A.D. 2093-Jul-01,  4.892047465106033E+00, -9.030563671852077E-01, -1.050737511065972E-01,  1.712360886535613E-03,  1.511516113952178E-02,  2.931454388475921E-04,  2.873787870012065E-02,  4.975809451369266E+00, -1.065895653052451E-03

2485878.500000000, A.D. 2094-Jan-01,  4.920160515238101E+00,  5.362540211013371E-01, -1.118994097088872E-01,  7.201015388027410E-03,  8.318366375510873E-03,  2.529548545212248E-05,  2.859206463437033E-02,  4.950562528516189E+00,  8.057282019973071E-03

2486059.500000000, A.D. 2094-Jul-01,  4.562854571024311E+00,  1.915857721890339E+00, -1.100882940718780E-01,  6.029123935600349E-03,  6.957867350196406E-03, -3.301897155867994E-05,  2.858868277465004E-02,  4.949976977657164E+00,  8.251338296359316E-03

2486243.500000000, A.D. 2095-Jan-01,  3.829706150121029E+00,  3.169482374073316E+00, -9.954441102681071E-02, -1.193417369143745E-03, -2.988170501602023E-05, -1.301645844573093E-04,  2.871668608004613E-02,  4.972140062951056E+00, -9.356514820238348E-04

2486424.500000000, A.D. 2095-Jul-01,  2.803505883727060E+00,  4.152771524739070E+00, -8.059399625365835E-02, -5.132216215699391E-03, -2.048685610134680E-03, -9.877354406580572E-06,  2.894200461833968E-02,  5.011152758498591E+00, -4.568834092692538E-03

2486608.500000000, A.D. 2096-Jan-01,  1.536487583051237E+00,  4.828681337900207E+00, -5.420680817063494E-02, -1.483751206356163E-02, -2.349055358587823E-03,  7.770287928983651E-05,  2.926763271576094E-02,  5.067533515815008E+00, -6.737933698761807E-03

2486790.500000000, A.D. 2096-Jul-01,  1.661217469595697E-01,  5.115960554283075E+00, -2.491666798250955E-02, -3.105962085028518E-03, -6.918325628787024E-03, -2.787276248579941E-05,  2.956324721918476E-02,  5.118717580423501E+00, -7.015263844030168E-03

2486974.500000000, A.D. 2097-Jan-01, -1.224547217563482E+00,  5.039181184588226E+00,  6.052034474210335E-03, -1.041754693291593E-02, -8.219698928733052E-03, -2.187988178098300E-04,  2.995089339178091E-02,  5.185836434585238E+00, -5.527574695747869E-03

2487155.500000000, A.D. 2097-Jul-01, -2.508391255128684E+00,  4.613744491565406E+00,  3.625257664033411E-02, -1.132698920707617E-02, -8.333921313167014E-03, -1.479624942935149E-04,  3.033108412346795E-02,  5.251664419169340E+00, -1.912427394027936E-03

2487339.500000000, A.D. 2098-Jan-01, -3.641492536156774E+00,  3.871980744728928E+00,  6.506539415975164E-02, -1.389542387202465E-02, -1.320132690728312E-03,  3.108513780738119E-04,  3.070106935989634E-02,  5.315725377025627E+00,  8.561160781904194E-03

2487520.500000000, A.D. 2098-Jul-01, -4.527716715470151E+00,  2.884449332095516E+00,  8.942324569771477E-02, -1.205029175170391E-02, -2.012513254658427E-03,  3.581671004501431E-04,  3.100988854375380E-02,  5.369195761177385E+00,  9.086527202944648E-03

2487704.500000000, A.D. 2099-Jan-01, -5.138395464044800E+00,  1.685976050482459E+00,  1.082872646763847E-01, -1.314237590727342E-03, -1.842866011362346E-04,  3.381206614125482E-04,  3.123981512911516E-02,  5.409006315341821E+00,  1.197814064684732E-03

2487885.500000000, A.D. 2099-Jul-01, -5.419519508303753E+00,  4.073367078430984E-01,  1.196327491978039E-01,  2.810032371411265E-03, -4.117777835274652E-04,  2.143256991407161E-04,  3.139642464821759E-02,  5.436122413000101E+00, -2.827588476146625E-03

2488069.500000000, A.D. 2100-Jan-01, -5.370016427994124E+00, -9.160934820077626E-01,  1.232076804111247E-01,  9.898764282319755E-03, -5.653066514224895E-03,  9.886949280848066E-06,  3.147073729619680E-02,  5.448989249137511E+00, -8.804673506259438E-03
