epoch, x, y, z, vx, vy, vz
A.D. 1950-Jan-01,  3.413528275772656E+00, -3.758716367934488E+00, -6.073351592706393E-02,  3.909286192676554E-03,  1.150223503915089E-02,  2.513618258368095E-05
A.D. 1950-Jul-01,  4.259553391477723E+00, -2.643664407057620E+00, -8.451667082974640E-02, -1.426349262611115E-03,  3.419584282592673E-03, -2.983589831013401E-04
A.D. 1951-Jan-01,  4.807662123685673E+00, -1.312085087208761E+00, -1.020114603414028E-01, -3.130876401612316E-04,  1.352367467007556E-02,  8.172542431295314E-05
A.D. 1951-Jul-01,  4.947713313862446E+00,  1.080167824928902E-01, -1.112795777318404E-01, -5.193608132627275E-03,  4.030895921311895E-03, -2.202701952683220E-04
A.D. 1952-Jan-01,  4.710311055700610E+00,  1.536940492083437E+00, -1.115240990115211E-01, -5.239845790148080E-03,  1.316515734036005E-02,  1.628605550915585E-04
A.D. 1952-Jul-01,  4.071255396651092E+00,  2.825605478753016E+00, -1.031244264828879E-01, -3.913177997958497E-03,  3.040837216800447E-04, -1.205780703281235E-04
A.D. 1953-Jan-01,  3.116796963330977E+00,  3.910903318842784E+00, -8.563057800043113E-02, -1.223269001065545E-02,  5.863513736405914E-03,  5.212033201585845E-05
A.D. 1953-Jul-01,  1.918471819586030E+00,  4.659119456507437E+00, -6.243921810515353E-02, -5.943973714379884E-03, -2.932311120377252E-03, -3.501566232781627E-05
A.D. 1954-Jan-01,  5.673008860668349E-01,  5.077781761438098E+00, -3.331897115598503E-02, -1.387705415089995E-02,  1.343414489374445E-03,  8.394367869524393E-05
A.D. 1954-Jul-01, -8.186379324478305E-01,  5.101149706214615E+00, -2.939141663523510E-03, -5.785704631026620E-03, -6.856211816863990E-03,  5.611046458179883E-06
A.D. 1955-Jan-01, -2.156035222913983E+00,  4.777723742561701E+00,  2.891249515009941E-02, -1.323634900516182E-02, -3.260040826569578E-03,  6.688833306774113E-05
A.D. 1955-Jul-01, -3.338617445126784E+00,  4.116697509188220E+00,  5.756035818749568E-02, -3.586116851505015E-03, -1.021331472993453E-02, -1.171919183505828E-06
A.D. 1956-Jan-01, -4.307752707933382E+00,  3.190436628379071E+00,  8.362152615858323E-02, -1.076122356821763E-02, -6.871204460033714E-03,  7.353851383773492E-06
A.D. 1956-Jul-01, -4.996940946222548E+00,  2.046582361646321E+00,  1.032583624329050E-01,  3.196403796665037E-03, -7.892164503663330E-03,  1.345730212050602E-04
A.D. 1957-Jan-01, -5.384155872793586E+00,  7.848475780286905E-01,  1.172897179908972E-01, -3.646319414530782E-03, -1.289834363156206E-02, -1.604054512951699E-04
A.D. 1957-Jul-01, -5.427986725704872E+00, -5.239661252098314E-01,  1.235018080285933E-01,  6.874305452137365E-03, -7.785870799488396E-03,  7.646831787322805E-05
A.D. 1958-Jan-01, -5.153215244470208E+00, -1.803206235222105E+00,  1.227179702413364E-01,  5.469471499924207E-04, -1.277433180768341E-02, -2.411381245154678E-04
A.D. 1958-Jul-01, -4.561077329675797E+00, -2.972018867727380E+00,  1.141612092295217E-01,  1.030212468186371E-02, -5.946797014339966E-03,  1.538838157916946E-05
A.D. 1959-Jan-01, -3.693093555703554E+00, -3.959450652713628E+00,  9.883026492486296E-02,  4.209397203693132E-03, -1.094905765614815E-02, -3.140812822486330E-04
A.D. 1959-Jul-01, -2.597840267643125E+00, -4.704455609084670E+00,  7.731838649519282E-02,  1.276302524774914E-02, -2.616902707250440E-03, -3.203660043904407E-05
A.D. 1960-Jan-01, -1.334749632934842E+00, -5.144481473879744E+00,  5.082905771171550E-02,  6.641431921226426E-03, -7.784858326050632E-03, -3.626238294292931E-04
A.D. 1960-Jul-01,  2.263133776241901E-02, -5.254862098774333E+00,  2.119712698316053E-02,  1.036539346404646E-02,  5.945415393020549E-03,  4.550562261182424E-05
A.D. 1961-Jan-01,  1.368467853339408E+00, -5.005063393598168E+00, -1.044219150441648E-02,  1.207498711591916E-02, -1.602522682264366E-03, -2.373381430746065E-04
A.D. 1961-Jul-01,  2.618321478954409E+00, -4.405432132307824E+00, -4.041577443261780E-02,  8.726312814015360E-03,  1.004562519590371E-02,  5.526259837789791E-05
A.D. 1962-Jan-01,  3.673575212112878E+00, -3.478445493022400E+00, -6.835424706425412E-02,  1.036174030514458E-02,  2.411086522526131E-03, -1.844301539390250E-04
A.D. 1962-Jul-01,  4.456717223751268E+00, -2.298632919020680E+00, -9.022808443107777E-02,  5.078787066556288E-03,  1.310749149146920E-02,  1.109701245775016E-04
A.D. 1963-Jan-01,  4.881406295078248E+00, -9.282605658839058E-01, -1.058865342363520E-01,  6.897627937721625E-03,  4.898681280050163E-03, -8.693977162718133E-05
A.D. 1963-Jul-01,  4.933691347239412E+00,  5.023185661577789E-01, -1.123947029855315E-01,  2.086712684817066E-04,  1.404931173182157E-02,  1.996837418811126E-04
A.D. 1964-Jan-01,  4.566695225910976E+00,  1.904284143279414E+00, -1.104669519997464E-01,  2.848334291348660E-03,  5.037173772895890E-03,  3.296807378658601E-05
A.D. 1964-Jul-01,  3.852678677932304E+00,  3.154860707911489E+00, -9.891962156710445E-02, -9.421763619722759E-03,  1.052522028380790E-02,  1.698025491539140E-04
A.D. 1965-Jan-01,  2.812837171119535E+00,  4.142666798881355E+00, -8.011744862550541E-02, -1.194792359342246E-03,  8.179659453639842E-03,  3.010140355821309E-04
A.D. 1965-Jul-01,  1.573204709699550E+00,  4.816969683223604E+00, -5.468654915787585E-02, -1.224447809515099E-02,  6.533511915410768E-03,  2.176828721250270E-04
A.D. 1966-Jan-01,  1.935138488411725E-01,  5.113025417640869E+00, -2.538961326445671E-02, -2.887412746487386E-03,  4.739118803585095E-03,  3.585961333653755E-04
A.D. 1966-Jul-01, -1.179773986591970E+00,  5.056244846618121E+00,  6.000170408301103E-03, -1.278198996601712E-02,  1.938579411090743E-03,  2.174617846227971E-04
A.D. 1967-Jan-01, -2.489703224661426E+00,  4.618074935730172E+00,  3.679257549730664E-02, -2.429925704073965E-03,  1.339983546708421E-03,  3.647320823647997E-04
A.D. 1967-Jul-01, -3.615234564413074E+00,  3.898314149290212E+00,  6.531410257824617E-02, -1.126876831492495E-02, -2.051966725093238E-03,  1.692197709745472E-04
A.D. 1968-Jan-01, -4.516224844222032E+00,  2.887770303067479E+00,  8.934226490704036E-02, -3.467245716404181E-04, -1.021325464167047E-03,  3.265691519382367E-04
A.D. 1968-Jul-01, -5.132680138840648E+00,  1.725241088660918E+00,  1.080045472970220E-01, -7.903525948038821E-03, -9.988414200118687E-03, -8.419328867421515E-05
A.D. 1969-Jan-01, -5.414626180799433E+00,  4.277234712479136E-01,  1.198663038614236E-01, -2.707881803802805E-03, -1.241304371267419E-03,  2.171868425210505E-04
A.D. 1969-Jul-01, -5.385134610189012E+00, -8.677518558730034E-01,  1.242855249598447E-01, -3.933924384626991E-03, -1.082812200922368E-02, -1.775846575219965E-04
A.D. 1970-Jan-01, -5.004601573281978E+00, -2.137206215674122E+00,  1.212430492445606E-01,  2.401420269215634E-04, -9.011140663619842E-04,  1.206448088159055E-04
A.D. 1970-Jul-01, -4.350533728275365E+00, -3.252560601458531E+00,  1.108776691554508E-01, -2.095210179578380E-04, -9.920236534305507E-03, -2.698121730697418E-04
A.D. 1971-Jan-01, -3.395140454969447E+00, -4.188601852519925E+00,  9.363453708219727E-02,  2.556969504645103E-03,  9.848528964772308E-04,  3.058789286772603E-05
A.D. 1971-Jul-01, -2.267026311269218E+00, -4.847434231479197E+00,  7.072331114357813E-02,  2.563611814918631E-03, -7.523909998377477E-03, -3.434867033262159E-04
A.D. 1972-Jan-01, -9.524202539709256E-01, -5.205444163471576E+00,  4.310175675733505E-02,  3.584386920014650E-03,  4.020110519586961E-03, -3.594941214699639E-05
A.D. 1972-Jul-01,  3.873577279730269E-01, -5.221179997352740E+00,  1.249669078787979E-02,  9.012974462241663E-03, -5.164638708125059E-03, -3.551284996852587E-04
A.D. 1973-Jan-01,  1.733019898835137E+00, -4.861115016286694E+00, -1.857281800549875E-02,  7.487145220096464E-04,  2.572904060088567E-03, -2.517880853347148E-04
A.D. 1973-Jul-01,  2.921690671449530E+00, -4.182328303226823E+00, -4.856930802914677E-02,  8.288640660206107E-03, -1.200720348674981E-03, -3.273781338325091E-04
A.D. 1974-Jan-01,  3.923445613699403E+00, -3.162893449993751E+00, -7.465365129292814E-02, -1.549954644377525E-03,  5.269681198436516E-03, -2.329739553431331E-04
A.D. 1974-Jul-01,  4.601170724847793E+00, -1.939952913059110E+00, -9.543027036915357E-02,  5.631402736558194E-03,  1.684640272211809E-03, -2.503984206541797E-04
A.D. 1975-Jan-01,  4.935478245506730E+00, -5.241181273294158E-01, -1.082070983337364E-01, -5.352048825877828E-03,  6.264423081431319E-03, -1.709565555250614E-04
A.D. 1975-Jul-01,  4.864436088188981E+00,  8.903690702540078E-01, -1.129790384635549E-01,  1.908084378554956E-03,  2.464787938599748E-03, -1.397082435591540E-04
A.D. 1976-Jan-01,  4.404554210931168E+00,  2.276413596133734E+00, -1.078626071690229E-01, -9.425550715442784E-03,  4.849692974022440E-03, -9.047946857667408E-05
A.D. 1976-Jul-01,  3.594365491921454E+00,  3.441401402512412E+00, -9.494623204083796E-02,  9.705424714010367E-04,  5.641525383367911E-03,  1.607944002370275E-04
A.D. 1977-Jan-01,  2.478427458256275E+00,  4.365867647533482E+00, -7.364781158291379E-02, -8.073870643784739E-03, -2.033617339355790E-03, -8.958455419329309E-05
A.D. 1977-Jul-01,  1.203344358287348E+00,  4.923814095770111E+00, -4.745543753396658E-02, -1.158641397900846E-03,  2.627951884593982E-03,  2.445102868803292E-04
A.D. 1978-Jan-01, -1.990784907767013E-01,  5.135404096856096E+00, -1.686349986826552E-02, -8.423924596931351E-03, -6.165555899170342E-03, -4.801491766556394E-05
A.D. 1978-Jul-01, -1.550145291236128E+00,  4.959518099229271E+00,  1.410791619146251E-02, -1.121059600663296E-03, -7.691295880287975E-04,  2.788371444890068E-04
A.D. 1979-Jan-01, -2.831795381479819E+00,  4.447342465500210E+00,  4.491439051524428E-02, -6.603086153141857E-03, -9.978814428937784E-03, -5.356993827800056E-05
A.D. 1979-Jul-01, -3.887979030487944E+00,  3.632827196376618E+00,  7.196721368806276E-02,  7.810525364640388E-04, -3.397755896165608E-03,  2.659017688067967E-04
A.D. 1980-Jan-01, -4.725649689651401E+00,  2.580049460310724E+00,  9.499645314760970E-02, -3.196275129225204E-03, -1.253845516913265E-02, -9.731546460357709E-05
A.D. 1980-Jul-01, -5.233907114453412E+00,  1.367525193643576E+00,  1.117835116344962E-01, -1.255132849607634E-04, -9.649115629502548E-04,  2.974602565925672E-04
A.D. 1981-Jan-01, -5.445100793446360E+00,  5.363758345349471E-02,  1.214272989648864E-01,  5.324926918392389E-03, -1.024931252479025E-02, -9.340694947892967E-06
A.D. 1981-Jul-01, -5.303720127047077E+00, -1.234151555603085E+00,  1.241046085742347E-01,  2.863294881247069E-03, -8.544298536325846E-04,  2.156656860974235E-04
A.D. 1982-Jan-01, -4.856387037545312E+00, -2.477663954556613E+00,  1.186938271235837E-01,  9.121521386643074E-03, -8.848665662463725E-03, -6.910650198550443E-05
A.D. 1982-Jul-01, -4.104303861237633E+00, -3.541394998679523E+00,  1.067959975756471E-01,  5.441483430929705E-03,  8.707121386161573E-04,  1.333957782058614E-04
A.D. 1983-Jan-01, -3.104877546284696E+00, -4.414966779024120E+00,  8.747987989362296E-02,  1.209083279689552E-02, -5.856740215838767E-03, -1.178788796344619E-04
A.D. 1983-Jul-01, -1.910544054938304E+00, -4.987544345579184E+00,  6.366802096267025E-02,  6.907687758300855E-03,  3.910602901562268E-03,  6.799182910757027E-05
A.D. 1984-Jan-01, -5.908957669078280E-01, -5.259809473839029E+00,  3.468277673676034E-02,  1.357292510558850E-02, -1.717526017266743E-03, -1.393726564204846E-04
A.D. 1984-Jul-01,  7.671410462213381E-01, -5.160110421645811E+00,  4.530414506764268E-03,  2.135657872510018E-03,  4.903631249905498E-03, -1.090208055932388E-04
A.D. 1985-Jan-01,  2.081728745678372E+00, -4.723806404430166E+00, -2.710403798778845E-02,  1.124934286216493E-02,  7.836814974489211E-03,  3.377150092749519E-05
A.D. 1985-Jul-01,  3.224546212856392E+00, -3.937569870697089E+00, -5.557091384383146E-02,  1.791804434342126E-04,  8.023927452357893E-03, -1.095857462857462E-04
A.D. 1986-Jan-01,  4.148388746241181E+00, -2.866331285218690E+00, -8.103777029564418E-02,  8.143937000942323E-03,  1.145003157603702E-02,  8.979047720364553E-05
A.D. 1986-Jul-01,  4.736864236438031E+00, -1.573017001377381E+00, -9.923403487569546E-02, -3.549231260778243E-03,  9.826567255654187E-03, -6.413532401937277E-05
A.D. 1987-Jan-01,  4.965295199135928E+00, -1.556932644305431E-01, -1.105131428523418E-01,  3.560501347842963E-03,  1.316650612120182E-02,  1.834141069189011E-04
A.D. 1987-Jul-01,  4.788718811617461E+00,  1.272130904755173E+00, -1.121808652588876E-01, -8.069032943250579E-03,  9.349352269713168E-03,  9.354083008417276E-06
A.D. 1988-Jan-01,  4.228984065369101E+00,  2.599086197899035E+00, -1.053864691331596E-01, -1.188555376729143E-03,  1.236860731166767E-02,  2.877593764782264E-04
A.D. 1988-Jul-01,  3.321092950687500E+00,  3.722297403316723E+00, -8.972293415854522E-02, -1.049585548868787E-02,  1.314475811845997E-03, -8.637175008984819E-05
A.D. 1989-Jan-01,  2.160032877549761E+00,  4.550672547752898E+00, -6.686631642894716E-02, -9.970925351409300E-03,  9.071063942645093E-03,  3.004286796538937E-04
A.D. 1989-Jul-01,  8.304506203019094E-01,  5.022640144786430E+00, -3.936138031371370E-02, -1.186913454643557E-02, -2.956368476210382E-03, -4.257508346105424E-05
A.D. 1990-Jan-01, -5.612371272761703E-01,  5.123563646303403E+00, -8.279444503144447E-03, -1.120350551316949E-02,  4.654876096200407E-03,  3.154054796488172E-04
A.D. 1990-Jul-01, -1.913441626713240E+00,  4.859402771808624E+00,  2.272833590856774E-02, -1.095911832379533E-02, -7.383832610961007E-03, -4.629488056920365E-05
A.D. 1991-Jan-01, -3.132442688285792E+00,  4.252695623854971E+00,  5.291675229704446E-02, -1.028820506469503E-02,  6.006023822919482E-04,  2.801487317068055E-04
A.D. 1991-Jul-01, -4.147430622170116E+00,  3.373355027877970E+00,  7.887332680921044E-02, -8.168130392380206E-03, -1.084773216319367E-02, -9.276596303781124E-05
A.D. 1992-Jan-01, -4.887371736736816E+00,  2.262834803845419E+00,  1.004589275062782E-01, -7.845278913750949E-03, -2.214010430926248E-03,  2.050795253754059E-04
A.D. 1992-Jul-01, -5.334821702028115E+00,  1.012549323795334E+00,  1.149535361488329E-01,  1.100821533314569E-03, -1.278848244065690E-02, -1.140823191797450E-04
A.D. 1993-Jan-01, -5.439511071696272E+00, -2.963163363394143E-01,  1.232726563985843E-01, -5.793677265971819E-03, -8.600057935847996E-03, -9.213471744554115E-05
A.D. 1993-Jul-01, -5.224202123893719E+00, -1.586466301240559E+00,  1.232156786105615E-01,  5.282685139537262E-03, -1.228943547988084E-02, -1.795150619373059E-04
A.D. 1994-Jan-01, -4.678494002444137E+00, -2.779770863877202E+00,  1.164768715428188E-01, -2.167752416356049E-03, -8.169609177955683E-03, -1.946588138313856E-04
A.D. 1994-Jul-01, -3.866558011525953E+00, -3.806957154049741E+00,  1.019881279385126E-01,  8.934116533322094E-03, -1.008581224678880E-02, -2.387584974826184E-04
A.D. 1995-Jan-01, -2.795322341964686E+00, -4.592221993296812E+00,  8.177048060661912E-02,  6.676267855466416E-04, -6.209950134594567E-03, -2.835566581971503E-04
A.D. 1995-Jul-01, -1.571882816325357E+00, -5.099150159924593E+00,  5.593805074484379E-02,  1.135963628439663E-02, -6.518366107069479E-03, -2.751843658030593E-04
A.D. 1996-Jan-01, -2.227669622697277E-01, -5.258744719003515E+00,  2.688122758337274E-02,  2.060261237274907E-03, -3.179344293439123E-03, -3.418200592076823E-04
A.D. 1996-Jul-01,  1.129319245571958E+00, -5.087582292519735E+00, -4.485118589577245E-03,  1.349613494994197E-02,  2.935856249585263E-03, -6.938556832983786E-05
A.D. 1997-Jan-01,  2.402897797677247E+00, -4.536487095352160E+00, -3.525851439319156E-02,  6.244305500727745E-03, -2.376109114820424E-03, -3.963554192695720E-04
A.D. 1997-Jul-01,  3.499845284177625E+00, -3.683699933339851E+00, -6.335466009715719E-02,  1.146235097422720E-02,  7.140004874258970E-03, -1.890535905997319E-05
A.D. 1998-Jan-01,  4.331690633881283E+00, -2.525686371770526E+00, -8.680705943831264E-02,  4.017705396831426E-03,  6.080969578276872E-04, -3.385530035591981E-04
A.D. 1998-Jul-01,  4.835492400332196E+00, -1.205471323822344E+00, -1.034931575054567E-01,  7.608523091233726E-03,  9.886194609636145E-03,  7.566635812986388E-05
A.D. 1999-Jan-01,  4.941792009870053E+00,  2.435590799804661E-01, -1.119642102026664E-01,  4.931293197169946E-04,  1.696936047685531E-03, -2.403861249961667E-04
A.D. 1999-Jul-01,  4.671383947524444E+00,  1.639137958935294E+00, -1.115638285448272E-01,  3.021560801041991E-03,  1.027836076603342E-02,  1.935316524904288E-04
A.D. 2000-Jan-01,  3.996537022627462E+00,  2.933537388839782E+00, -1.019679814687075E-01, -2.958820482699267E-03,  3.782865446561468E-04, -1.311606018724676E-04
A.D. 2000-Jul-01,  3.032525418998811E+00,  3.976162066255899E+00, -8.419768025754898E-02, -5.316407648768303E-03,  1.116223796031094E-02,  3.561756060428393E-04
A.D. 2001-Jan-01,  1.794441549764779E+00,  4.708174139998383E+00, -6.007707322704407E-02, -1.203009578382660E-03,  1.006938462576180E-03,  1.394710361062399E-04
A.D. 2001-Jul-01,  4.583684614667677E-01,  5.084490452320363E+00, -3.114067101199783E-02, -7.474640590712787E-03,  7.309847935987531E-03,  4.014225917897048E-04
A.D. 2002-Jan-01, -9.517336071289304E-01,  5.075912313460584E+00, -1.229596414929302E-04, -1.387381977318865E-03, -2.449648675634429E-03,  1.906381614273722E-04
A.D. 2002-Jul-01, -2.255722089127030E+00,  4.723897201122021E+00,  3.112966945803873E-02, -7.408342692393516E-03,  3.353774312623076E-03,  3.941466818551014E-04
A.D. 2003-Jan-01, -3.442471816819376E+00,  4.025587207741205E+00,  5.999589157866256E-02,  4.056509734230461E-04, -5.329353826064736E-03,  1.934357796536831E-04
A.D. 2003-Jul-01, -4.369947415276905E+00,  3.090534059925693E+00,  8.525150934177680E-02, -5.595006148188171E-03,  3.562928876940593E-04,  3.408400857761293E-04
A.D. 2004-Jan-01, -5.046347471415037E+00,  1.924295592145463E+00,  1.046326078604342E-01,  3.495683138234274E-03, -6.827953635832325E-03,  1.598425629167560E-04
A.D. 2004-Jul-01, -5.391532857720884E+00,  6.720737956701182E-01,  1.182276297509228E-01, -6.783333980897448E-03, -4.664634114504489E-03,  7.662271719717795E-05
A.D. 2005-Jan-01, -5.407086243446181E+00, -6.594410153160808E-01,  1.237649880189480E-01,  4.403293985870842E-03, -1.986338743753712E-03,  2.473833250679670E-04
A.D. 2005-Jul-01, -5.104011734103521E+00, -1.908989056696003E+00,  1.224958059088995E-01, -3.434093957899851E-03, -4.851647350447698E-03, -3.148417546737122E-05
A.D. 2006-Jan-01, -4.476585572534253E+00, -3.083275204390056E+00,  1.130459702886176E-01,  7.219390683608374E-03, -3.650036657627965E-04,  1.737068982500718E-04
A.D. 2006-Jul-01, -3.596924244023470E+00, -4.031744411996177E+00,  9.756713199416375E-02, -6.090537737615692E-04, -3.427670994437792E-03, -1.328919703926481E-04
A.D. 2007-Jan-01, -2.468099626833292E+00, -4.763297891687069E+00,  7.511559450207377E-02,  9.060090272631932E-03,  2.665909502323679E-03,  1.122773203073143E-04
A.D. 2007-Jul-01, -1.212622991562480E+00, -5.163419043010464E+00,  4.889090178680399E-02,  1.013468926267885E-03, -7.665617462892990E-04, -2.109750067383337E-04
A.D. 2008-Jan-01,  1.550135119987232E-01, -5.247648309266897E+00,  1.846648550625420E-02,  9.297740815572013E-03,  6.582151541640771E-03,  7.916351917331826E-05
A.D. 2008-Jul-01,  1.479046979945885E+00, -4.959127571319656E+00, -1.251359795115265E-02,  3.169921074310120E-03, -2.322710232834562E-03, -4.016328182442227E-04
A.D. 2009-Jan-01,  2.734428735456648E+00, -4.320527874523671E+00, -4.287203490314299E-02,  2.320493557572481E-03,  9.252741935366109E-03, -2.596503658498072E-05
A.D. 2009-Jul-01,  3.748550712385073E+00, -3.378631454361124E+00, -6.990256657074836E-02,  1.513616759058093E-03,  7.386341771549309E-04, -3.758085405400214E-04
A.D. 2010-Jan-01,  4.514100013080953E+00, -2.161397726995296E+00, -9.165479518794266E-02, -1.277038443327238E-03,  1.159000426329714E-02,  9.495650124318060E-06
A.D. 2010-Jul-01,  4.895363804069793E+00, -7.988111439196044E-01, -1.063169689508092E-01, -1.764785562977802E-03,  2.246382098785764E-03, -3.035291871630594E-04
A.D. 2011-Jan-01,  4.910605206729850E+00,  6.541060795220169E-01, -1.122163471228045E-01, -5.972843735987090E-03,  1.178506246095932E-02,  7.790321710903973E-05
A.D. 2011-Jul-01,  4.511070040288747E+00,  2.026767167988845E+00, -1.094886889366132E-01, -5.486601651569384E-03,  1.418836527222588E-03, -2.076005165533842E-04
A.D. 2012-Jan-01,  3.759748026062344E+00,  3.263541749305248E+00, -9.730130731191874E-02, -1.031208539562348E-02,  9.484117045844429E-03,  1.489281741524620E-04
A.D. 2012-Jul-01,  2.696838275491661E+00,  4.214682011473355E+00, -7.822903946229930E-02, -2.882678139634285E-03, -7.364860307933532E-04, -2.270862864025108E-05
A.D. 2013-Jan-01,  1.422443172443595E+00,  4.865132955078406E+00, -5.186117871392028E-02, -1.310834105962780E-02,  1.688808703298398E-05, -1.319355499895170E-05
A.D. 2013-Jul-01,  5.536338915917596E-02,  5.119912524552498E+00, -2.288884470350956E-02, -3.560729325272370E-03, -4.323180438220386E-03,  4.248659637211413E-05
A.D. 2014-Jan-01, -1.334283313456051E+00,  5.024988714911686E+00,  9.125969541754694E-03, -1.287074091457829E-02, -4.622528733354061E-03, -1.378692162932913E-05
A.D. 2014-Jul-01, -2.613239050035814E+00,  4.560318761801718E+00,  3.914462260144546E-02, -2.092468695724990E-03, -7.710527063666214E-03,  5.941667746014065E-05
A.D. 2015-Jan-01, -3.733689483515227E+00,  3.799983534177223E+00,  6.786508388990588E-02, -1.060677840547144E-02, -8.533121931566218E-03, -5.956246298760427E-05
A.D. 2015-Jul-01, -4.596506375680810E+00,  2.783731197340490E+00,  9.090065154217461E-02,  9.708103680802707E-04, -9.932410963649914E-03,  3.560383241788696E-05
A.D. 2016-Jan-01, -5.180725377838513E+00,  1.595564269103117E+00,  1.093587947124962E-01, -7.040972163589643E-03, -1.097563187201115E-02, -1.372482472967909E-04
A.D. 2016-Jul-01, -5.431420176637920E+00,  2.983611149760576E-01,  1.200936491598067E-01,  5.450772161049584E-03, -5.166805751473601E-03,  1.960216349942963E-04
A.D. 2017-Jan-01, -5.366840749635371E+00, -1.013552261990452E+00,  1.240088974409731E-01,  2.093144546725508E-03, -1.328909496981727E-02, -2.249890329368789E-04
A.D. 2017-Jul-01, -4.962404213413011E+00, -2.255192579828604E+00,  1.202381845137496E-01,  8.746145948426952E-03, -3.903837235058788E-03,  1.341474454196464E-04
A.D. 2018-Jan-01, -4.268248809586816E+00, -3.368919685773317E+00,  1.091817819175056E-01,  6.006344104399207E-03, -1.168464452154667E-02, -2.921217127414412E-04
A.D. 2018-Jul-01, -3.305922722316527E+00, -4.269464421953345E+00,  9.157565733848597E-02,  1.128973666538247E-02, -1.080632251270298E-03,  7.941208837998743E-05
A.D. 2019-Jan-01, -2.141071190470437E+00, -4.907589071108852E+00,  6.795101795435264E-02,  8.874691970798380E-03, -8.590053254719499E-03, -3.392073927339567E-04
A.D. 2019-Jul-01, -8.381626608009169E-01, -5.230694218450708E+00,  4.039092074958089E-02,  1.242202229242545E-02,  2.896177385072390E-03,  4.860974044664131E-05
A.D. 2020-Jan-01,  5.196459135720961E-01, -5.204032407254910E+00,  9.628526027948682E-03,  1.007016072688493E-02, -4.568328476842215E-03, -3.505849813959405E-04
A.D. 2020-Jul-01,  1.850639765965709E+00, -4.819943476695503E+00, -2.111370468156299E-02,  6.645692739915107E-03,  9.334589829761982E-03,  6.564470606058230E-05
A.D. 2021-Jan-01,  3.040371445672324E+00, -4.095223908673744E+00, -5.135198361658698E-02,  1.218050763004244E-02,  3.897519885938748E-03, -1.056852223218742E-04
A.D. 2021-Jul-01,  4.003559692431598E+00, -3.066671705757609E+00, -7.653456240728217E-02,  3.543773104718399E-03,  1.256590073707031E-02,  9.622090230799079E-05
A.D. 2022-Jan-01,  4.657708748150637E+00, -1.801691609315484E+00, -9.703947721720974E-02,  8.909522713575460E-03,  7.080166599688557E-03, -1.527246412342611E-05
A.D. 2022-Jul-01,  4.952384048660826E+00, -4.001642312989430E-01, -1.088121939775968E-01, -1.075761122977837E-03,  1.396906706202269E-02,  1.654139403390531E-04
A.D. 2023-Jan-01,  4.838580813810524E+00,  1.038104810488116E+00, -1.128555684597299E-01,  4.599123117642723E-03,  8.061158402902138E-03,  1.051119403988686E-04
A.D. 2023-Jul-01,  4.352259434540825E+00,  2.388321058723994E+00, -1.069452390460878E-01, -5.939160148654848E-03,  1.285785432478440E-02,  2.475902489835705E-04
A.D. 2024-Jan-01,  3.494260109327836E+00,  3.547980852018778E+00, -9.317484895176441E-02,  7.367472055573394E-04,  6.618607321753854E-03,  2.233508770048840E-04
A.D. 2024-Jul-01,  2.374920912621887E+00,  4.438060440643200E+00, -7.121656192361001E-02, -1.285820337936499E-02,  5.345659684906561E-03,  1.023134152478470E-04
A.D. 2025-Jan-01,  1.062520271475823E+00,  4.968458714653065E+00, -4.429992180669414E-02, -4.841406669581653E-03,  7.634289262286291E-03,  4.147187464798564E-04
A.D. 2025-Jul-01, -3.182508526119605E-01,  5.142243266344930E+00, -1.390832012523519E-02, -1.385888411669216E-02,  6.659474594011033E-04,  1.112466575396306E-04
A.D. 2026-Jan-01, -1.687239834926805E+00,  4.926583798091912E+00,  1.743623514876248E-02, -5.202458661190274E-03,  3.850947164487274E-03,  4.272175248117701E-04
A.D. 2026-Jul-01, -2.930975640481086E+00,  4.394001346313245E+00,  4.763160730557829E-02, -1.264754625308735E-02, -3.708264840497120E-03,  7.206021056779658E-05
A.D. 2027-Jan-01, -3.984392882592255E+00,  3.538759323202486E+00,  7.463581084829277E-02, -3.695795217957134E-03,  8.366823610740083E-04,  3.912323450397824E-04
A.D. 2027-Jul-01, -4.779674940252075E+00,  2.487151700961516E+00,  9.688852869824796E-02, -9.822899153901816E-03, -6.857367736005794E-03, -5.367429246153609E-06
A.D. 2028-Jan-01, -5.269819887157944E+00,  1.244147502873552E+00,  1.129656906933938E-01, -1.059888185777193E-03, -7.505122266811178E-04,  3.200306561538192E-04
A.D. 2028-Jul-01, -5.450744693073703E+00, -5.027342542297449E-02,  1.220803870677851E-01, -3.070543948562357E-03, -1.266923498713125E-02, -2.243513104429282E-04
A.D. 2029-Jan-01, -5.274607710172822E+00, -1.357919860350198E+00,  1.240620219314006E-01, -2.972838033481814E-03, -2.866897448240031E-03,  7.346290521833804E-05
A.D. 2029-Jul-01, -4.806190862591193E+00, -2.567317182587101E+00,  1.180765637355929E-01,  1.008674908531234E-03, -1.206160680868710E-02, -3.083484507005609E-04
A.D. 2030-Jan-01, -4.013882594305151E+00, -3.632958272577898E+00,  1.053075801976165E-01, -1.865624478476424E-04, -1.669347460751053E-03, -3.177069575411824E-05
A.D. 2030-Jul-01, -3.010221593917640E+00, -4.465815516791661E+00,  8.574395192141351E-02,  4.320563980565307E-03, -9.846169788386219E-03, -3.784731278483239E-04
A.D. 2031-Jan-01, -1.778749214184707E+00, -5.020660437522652E+00,  6.106040047698829E-02,  1.514309297980376E-03,  8.495441348928591E-04, -1.182799667900045E-04
A.D. 2031-Jul-01, -4.735477990211469E-01, -5.252954461485369E+00,  3.222417764946566E-02,  6.196556838859165E-03, -6.463255617574950E-03, -4.178192666297207E-04
A.D. 2032-Jan-01,  9.040766676335347E-01, -5.124701488070683E+00,  1.458701363988512E-03,  1.549542541602222E-03,  4.094636597117183E-03, -1.695536619607948E-04
A.D. 2032-Jul-01,  2.186443794176443E+00, -4.658749483268942E+00, -2.995608188137436E-02,  1.116097557901405E-02, -8.868652759579275E-04, -2.652534097320049E-04
A.D. 2033-Jan-01,  3.331453644925784E+00, -3.826454555029189E+00, -5.852623529302910E-02,  3.665724834985294E-04,  1.859388097234106E-03, -3.613513110928854E-04
A.D. 2033-Jul-01,  4.208913691267765E+00, -2.746144631248866E+00, -8.315413806463499E-02,  8.878844224969054E-03,  2.707887406246739E-03, -1.912061028408588E-04
A.D. 2034-Jan-01,  4.773321604069581E+00, -1.413054181594675E+00, -1.008572137213652E-01, -2.796935602078220E-03,  3.625471569519314E-03, -3.052804282322848E-04
A.D. 2034-Jul-01,  4.954638684151895E+00, -1.269491133017911E-02, -1.111940843244669E-01,  5.161103086844798E-03,  4.455165532910348E-03, -7.712134942614603E-05
A.D. 2035-Jan-01,  4.736057039661583E+00,  1.433300542590662E+00, -1.118976909433594E-01, -6.682026695040760E-03,  3.139930828276827E-03, -2.192442784820914E-04
A.D. 2035-Jul-01,  4.144920565833476E+00,  2.719973483543079E+00, -1.044271643290865E-01,  1.336540906063704E-03,  3.771590666308474E-03,  4.884095682113444E-05
A.D. 2036-Jan-01,  3.205549234359222E+00,  3.830186636322006E+00, -8.766363303838696E-02, -9.804617355244655E-03,  3.273109192984387E-04, -1.371512488664752E-04
A.D. 2036-Jul-01,  2.034765741229056E+00,  4.606850347337056E+00, -6.479657455745239E-02, -1.487139573534453E-03,  6.420767874302456E-03,  3.459046330907570E-04
A.D. 2037-Jan-01,  6.745203507390961E-01,  5.050462738453199E+00, -3.643560167207022E-02, -5.705242632550713E-03, -4.624410804926254E-03, -2.863307242313102E-05
A.D. 2037-Jul-01, -6.937144911718756E-01,  5.108504374565153E+00, -5.798320828396780E-03, -2.397622943005748E-03,  2.905237264413780E-03,  3.909906980227569E-04
A.D. 2038-Jan-01, -2.056284151422384E+00,  4.806756205938299E+00,  2.565227663475712E-02, -4.566564364069273E-03, -8.375326956889998E-03, -4.876570113758645E-06
A.D. 2038-Jul-01, -3.236394631719890E+00,  4.176314150866993E+00,  5.500495399050762E-02, -1.287705993061444E-03, -1.882339511883451E-04,  3.845413627792271E-04
A.D. 2039-Jan-01, -4.241968591595608E+00,  3.260696573696775E+00,  8.096409809262679E-02, -1.652868477887425E-03, -1.111072403407829E-02, -2.331479906302251E-05
A.D. 2039-Jul-01, -4.939908518655618E+00,  2.148092508515717E+00,  1.015950197857146E-01,  1.215624458347189E-03, -2.012873981040716E-03,  3.377294553953670E-04
A.D. 2040-Jan-01, -5.360289331302606E+00,  8.836565109567808E-01,  1.158628621263784E-01,  2.273729808727570E-03, -1.223251327069793E-02, -6.953651942646905E-05
A.D. 2040-Jul-01, -5.423821140687049E+00, -4.171790981856570E-01,  1.234374843046939E-01, -9.237203439721599E-04, -1.047959089283071E-03,  2.208196818619895E-04
A.D. 2041-Jan-01, -5.174527357966027E+00, -1.720956629110800E+00,  1.226704614391698E-01,  8.555591720875021E-03, -6.686615502829057E-03,  8.786867169635536E-05
A.D. 2041-Jul-01, -4.605017273250284E+00, -2.882838170665006E+00,  1.154230328928767E-01,  1.870381970015784E-03, -9.751415898826765E-05,  1.213459642261481E-04
A.D. 2042-Jan-01, -3.755567942917709E+00, -3.905151361479910E+00,  1.000781836676835E-01,  1.157666081879642E-02, -4.112152962288147E-03,  3.463076815723005E-05
A.D. 2042-Jul-01, -2.678060267503293E+00, -4.652440216515578E+00,  7.972893921509536E-02,  3.805695848526322E-03,  2.288648268656232E-03,  3.345871912975094E-05
A.D. 2043-Jan-01, -1.422859894287058E+00, -5.135011222007337E+00,  5.307735924735165E-02,  1.330406554587794E-02, -2.560448311561211E-04,  1.652386964375385E-06
A.D. 2043-Jul-01, -8.685640700627825E-02, -5.258267824502811E+00,  2.432032709161417E-02,  4.238085561831415E-03,  5.622271708835993E-03, -2.617770431260993E-05
A.D. 2044-Jan-01,  1.268070682840769E+00, -5.047550739675150E+00, -7.434026663565072E-03,  1.316690296600134E-02,  4.230276651081272E-03,  3.998416777986864E-06
A.D. 2044-Jul-01,  2.521389294055440E+00, -4.462842388514733E+00, -3.742477496562491E-02,  2.071869600105597E-04,  4.384234269152892E-03, -2.568121301009219E-04
A.D. 2045-Jan-01,  3.611247770016611E+00, -3.567414187150640E+00, -6.564562913544485E-02,  6.807259246133713E-03,  1.180001469999841E-02,  1.059015753088909E-04
A.D. 2045-Jul-01,  4.400865165398303E+00, -2.403005890501712E+00, -8.810078350898477E-02, -2.747576705043782E-03,  6.645890719796465E-03, -2.265702443814237E-04
A.D. 2046-Jan-01,  4.874029386224312E+00, -1.049287812714192E+00, -1.043805492397690E-01,  2.445825312095915E-03,  1.395011272981158E-02,  1.738992221540279E-04
A.D. 2046-Jul-01,  4.941275923037247E+00,  3.812865901523181E-01, -1.118627222175663E-01, -6.881671298973954E-03,  6.907513550237305E-03, -1.583667227520140E-04
A.D. 2047-Jan-01,  4.625947223213364E+00,  1.788811335248734E+00, -1.106686058467906E-01, -2.518854992873510E-03,  1.367920380351925E-02,  2.623142492244586E-04
A.D. 2047-Jul-01,  3.929677802391751E+00,  3.045758023526966E+00, -1.004171849392582E-01, -1.079215766359632E-02,  4.722856070940728E-03, -8.141077744412254E-05
A.D. 2048-Jan-01,  2.924060056169567E+00,  4.065047767868394E+00, -8.209808342357862E-02, -6.573665327497936E-03,  1.103980378624667E-02,  3.375288851511697E-04
A.D. 2048-Jul-01,  1.677852510577814E+00,  4.764419824897946E+00, -5.762291324065023E-02, -9.259712074433681E-03, -3.054757554460853E-03, -9.594028042388455E-05
A.D. 2049-Jan-01,  3.127963369552554E-01,  5.107519533721505E+00, -2.796948146883468E-02, -1.305856531294595E-02,  4.008588992802349E-03,  1.885852883678817E-04
A.D. 2049-Jul-01, -1.074544262545907E+00,  5.065254627488156E+00,  2.634676327139378E-03, -8.901118482954684E-03, -7.311955238273443E-03, -6.804464511787266E-05
A.D. 2050-Jan-01, -2.388077679638181E+00,  4.670570204525376E+00,  3.424625291320156E-02, -1.253501360534920E-02, -4.752137226165149E-04,  1.607127323637179E-04
A.D. 2050-Jul-01, -3.539426121983325E+00,  3.956169851857427E+00,  6.236168230032771E-02, -6.500557189380266E-03, -1.090235399518310E-02, -8.554248933841923E-05
A.D. 2051-Jan-01, -4.455925331558561E+00,  2.979196554829115E+00,  8.754681158739885E-02, -1.024544802192074E-02, -3.921336442416703E-03,  9.024856775117366E-05
A.D. 2051-Jul-01, -5.094538713700354E+00,  1.816929556880438E+00,  1.060554097211285E-01, -2.767742691757247E-03, -1.303317396808880E-02, -1.363155661636615E-04
A.D. 2052-Jan-01, -5.406081897931174E+00,  5.350932691089210E-01,  1.189957115723132E-01, -6.973124999085379E-03, -5.781623129640013E-03, -7.177355473312393E-06
A.D. 2052-Jul-01, -5.397722928934966E+00, -7.851497755257328E-01,  1.236015938662515E-01,  6.115876043648327E-03, -1.073564398741876E-02, -3.174737873576787E-05
A.D. 2053-Jan-01, -5.053730439068720E+00, -2.047894991915876E+00,  1.215916979583781E-01, -1.804203962401818E-03, -1.097391194984382E-02, -2.631909482989019E-04
A.D. 2053-Jul-01, -4.409416050613628E+00, -3.189228266781543E+00,  1.115643946611314E-01,  9.797799370073672E-03, -8.830539297694080E-03, -8.642189511885248E-05
A.D. 2054-Jan-01, -3.486663501262781E+00, -4.130281158099166E+00,  9.521576686665395E-02,  1.595236559094380E-03, -9.281727026397053E-03, -3.447215804973404E-04
A.D. 2054-Jul-01, -2.359733044586335E+00, -4.823180087309439E+00,  7.257532617717126E-02,  1.244480797002553E-02, -5.439784738726253E-03, -1.248320237816433E-04
A.D. 2055-Jan-01, -1.069365468968076E+00, -5.195936558487910E+00,  4.557328447633485E-02,  3.735503457719487E-03, -6.324157279653179E-03, -3.996776750434165E-04
A.D. 2055-Jul-01,  2.759632962952590E-01, -5.245514885574360E+00,  1.541875364621911E-02,  1.343411277546831E-02, -1.111808506028925E-03, -1.316608433688611E-04
A.D. 2056-Jan-01,  1.615435641893689E+00, -4.915640510481052E+00, -1.567968210800136E-02,  4.067242447375429E-03, -2.789215258847782E-03, -4.130285303679641E-04
A.D. 2056-Jul-01,  2.840540616982181E+00, -4.261413614221010E+00, -4.573656239610418E-02,  1.107495188675994E-02,  8.483324863593647E-03,  6.412471393603296E-05
A.D. 2057-Jan-01,  3.846412563357567E+00, -3.273906653472435E+00, -7.270187198765024E-02,  7.686539172618841E-03,  5.521786266087591E-04, -2.758886408249221E-04
A.D. 2057-Jul-01,  4.567983686615815E+00, -2.060359097631216E+00, -9.353303965938567E-02,  7.463077828334870E-03,  1.166202151888628E-02,  1.329547319722826E-04
A.D. 2058-Jan-01,  4.919159693361625E+00, -6.628423240191806E-01, -1.076234368462230E-01,  4.355479708205097E-03,  2.601535869537417E-03, -1.748419606382792E-04
A.D. 2058-Jul-01,  4.897475780306022E+00,  7.626157145172128E-01, -1.126708145306418E-01,  2.707908918733572E-03,  1.267468885820598E-02,  2.322183891352331E-04
A.D. 2059-Jan-01,  4.455423282640997E+00,  2.149363251530203E+00, -1.090283027716410E-01,  5.849367257619246E-04,  2.302048084872305E-03, -5.315436774540743E-05
A.D. 2059-Jul-01,  3.686655103783326E+00,  3.342933680183218E+00, -9.635691366878066E-02, -1.730914722048414E-03,  1.119003007932731E-02,  3.309171875569658E-04
A.D. 2060-Jan-01,  2.587699884998648E+00,  4.286263103833529E+00, -7.622097118054569E-02, -2.115716620509647E-03, -1.522818286081641E-04,  5.448912864504810E-05
A.D. 2060-Jul-01,  1.321084943991113E+00,  4.895537253429165E+00, -4.969684984285059E-02, -9.849515497455651E-03,  8.106661807141494E-03,  3.110004507970285E-04
A.D. 2061-Jan-01, -7.663482767165483E-02,  5.121273019411666E+00, -1.998531872638449E-02, -1.499639084560523E-03,  1.477213054413971E-03,  3.190670614156293E-04
A.D. 2061-Jul-01, -1.437124896847730E+00,  4.993872604671693E+00,  1.154601053001177E-02, -1.039678119170574E-02,  3.770810447857574E-03,  3.064759800434573E-04
A.D. 2062-Jan-01, -2.727435191889022E+00,  4.491546798519242E+00,  4.192860485380010E-02, -5.610219962339794E-04, -1.696229865580547E-03,  3.292868639993892E-04
A.D. 2062-Jul-01, -3.807414023993821E+00,  3.717379893349210E+00,  6.987140802954563E-02, -8.960819253039596E-03,  1.129573196067401E-04,  2.538731872594258E-04
A.D. 2063-Jan-01, -4.661918138877189E+00,  2.665063999504556E+00,  9.284965388626784E-02,  1.923438673528268E-03, -3.730977444623415E-03,  2.960627872552275E-04
A.D. 2063-Jul-01, -5.204928175428596E+00,  1.483494277424464E+00,  1.104679956626385E-01, -6.265749367382769E-03, -2.145993818987069E-03,  1.665598675881406E-04
A.D. 2064-Jan-01, -5.436973572143627E+00,  1.681079319733628E-01,  1.206766588664303E-01,  5.148459727936794E-03, -4.145204730547172E-03,  2.357335229148904E-04
A.D. 2064-Jul-01, -5.337832708881081E+00, -1.119877172308888E+00,  1.241935654508018E-01, -4.774855658704981E-03, -7.812618491919575E-03, -1.377856126305417E-04
A.D. 2065-Jan-01, -4.898903368039138E+00, -2.374015619565970E+00,  1.196732722093864E-01,  3.699101240595900E-03, -1.815063025397427E-04,  1.739598290531339E-04
A.D. 2065-Jul-01, -4.188596117283661E+00, -3.450196118616790E+00,  1.082502667696492E-01, -1.412565899574949E-03, -6.892252080933249E-03, -2.362062269837979E-04
A.D. 2066-Jan-01, -3.190377454186593E+00, -4.344429216826540E+00,  8.978941673710755E-02,  5.838497063139941E-03,  2.160497084898520E-03,  8.979746096857101E-05
A.D. 2066-Jul-01, -2.028161132579206E+00, -4.941480093825493E+00,  6.619423671366068E-02,  9.463864980887302E-04, -4.554403377248844E-03, -3.145927346771275E-04
A.D. 2067-Jan-01, -6.972738619910703E-01, -5.240251281858275E+00,  3.786533364033867E-02,  6.592021096797107E-03,  5.591414950685458E-03,  3.003360309483159E-05
A.D. 2067-Jul-01,  6.388756730634015E-01, -5.177944749536464E+00,  7.555884068789947E-03,  1.695452493411862E-03, -1.363102692268206E-03, -3.568811476399067E-04
A.D. 2068-Jan-01,  1.971768805110012E+00, -4.765525972200741E+00, -2.374102928361697E-02,  5.451651910120868E-03,  9.363226365408806E-03,  9.229428657603903E-06
A.D. 2068-Jul-01,  3.125512735741929E+00, -4.012479847662286E+00, -5.325313464574637E-02,  4.897316808090332E-03, -1.194257495299544E-03, -3.719231606824396E-04
A.D. 2069-Jan-01,  4.079738056206859E+00, -2.944352940689110E+00, -7.846816999866553E-02, -1.565089713499336E-03,  8.682602519256051E-03, -1.531962875060109E-04
A.D. 2069-Jul-01,  4.688822077389595E+00, -1.680678650348849E+00, -9.799164933162073E-02,  2.135515582544779E-03,  1.207825130064454E-03, -2.958314233085556E-04
A.D. 2070-Jan-01,  4.952975400088196E+00, -2.503582936231943E-01, -1.092982765351550E-01, -5.793930387805932E-03,  9.483522483506512E-03, -9.218417458793567E-05
A.D. 2070-Jul-01,  4.800948790206663E+00,  1.163749060421517E+00, -1.124518708771142E-01, -1.533671006620844E-03,  1.433512215593177E-03, -1.878918890676806E-04
A.D. 2071-Jan-01,  4.272219429491885E+00,  2.520731866814251E+00, -1.057341536762923E-01, -1.014509847995393E-02,  7.809015761951751E-03, -1.608409072912300E-05
A.D. 2071-Jul-01,  3.395044523680644E+00,  3.640416505849170E+00, -9.144783738021228E-02, -4.630254717507520E-03, -6.858476482633713E-04, -8.091582865983673E-05
A.D. 2072-Jan-01,  2.247921428038484E+00,  4.504802748868217E+00, -6.885228012970809E-02, -1.313830830575861E-02,  4.029607376791335E-03,  4.099327016846351E-05
A.D. 2072-Jul-01,  9.286145661023677E-01,  4.991898354307413E+00, -4.204174140481560E-02, -1.828550994077801E-03, -9.011465416467060E-04,  1.713506609339485E-04
A.D. 2073-Jan-01, -4.749994761825627E-01,  5.132203689214058E+00, -1.098765625712527E-02, -1.134126421805507E-02, -5.394658996859180E-03, -5.266294745035356E-05
A.D. 2073-Jul-01, -1.817338252686979E+00,  4.883309514649932E+00,  1.978542543806440E-02, -1.245071237756712E-03, -4.315801635287624E-03,  2.031381739894097E-04
A.D. 2074-Jan-01, -3.062838734475032E+00,  4.311090684737808E+00,  5.024023130712869E-02, -9.436912074057781E-03, -9.430607783070854E-03, -6.877934135125508E-05
A.D. 2074-Jul-01, -4.078626373902063E+00,  3.442265921863833E+00,  7.637566065214516E-02,  1.134953992479460E-03, -6.825719792947250E-03,  1.891258447972370E-04
A.D. 2075-Jan-01, -4.855905681659006E+00,  2.355745049169741E+00,  9.846802364190764E-02, -5.994076327159819E-03, -1.214924185869196E-02, -1.212483473712895E-04
A.D. 2075-Jul-01, -5.308913441792500E+00,  1.120103684404739E+00,  1.136283066476627E-01,  4.561498488771222E-03, -7.807950681432621E-03,  1.431015516588881E-04
A.D. 2076-Jan-01, -5.452299804806699E+00, -1.859771346291549E-01,  1.224188298174177E-01, -1.827505005960598E-03, -1.314542725659731E-02, -1.942647970745518E-04
A.D. 2076-Jul-01, -5.245681543344058E+00, -1.483076179760712E+00,  1.234620757285168E-01,  6.070947889334547E-03, -2.173727061103234E-03,  2.010953504553421E-04
A.D. 2077-Jan-01, -4.739292417814625E+00, -2.696416801834207E+00,  1.168240264530103E-01,  7.478328125615242E-03, -1.117178607612760E-02, -1.505229804547062E-04
A.D. 2077-Jul-01, -3.933253246063835E+00, -3.728011584764667E+00,  1.035919942187033E-01,  8.704180095828440E-03,  5.451964266493014E-06,  1.267248519184237E-04
A.D. 2078-Jan-01, -2.892284554809831E+00, -4.545895371870125E+00,  8.331447526885172E-02,  1.060841108566916E-02, -8.243443635778818E-03, -1.994416808248577E-04
A.D. 2078-Jul-01, -1.665521530462474E+00, -5.064600223179665E+00,  5.856828548078128E-02,  1.013468134817073E-02,  3.465929501249810E-03,  7.037172978228332E-05
A.D. 2079-Jan-01, -3.325500476472022E-01, -5.264238525202140E+00,  2.914090186949423E-02,  1.221483179731729E-02, -4.193307525989744E-03, -2.193409447385092E-04
A.D. 2079-Jul-01,  1.022455996804694E+00, -5.106326058276762E+00, -1.274950944415565E-03,  9.784344849602989E-03,  7.598375021687804E-03,  4.828461946995789E-05
A.D. 2080-Jan-01,  2.305476515486535E+00, -4.593529745867856E+00, -3.260254789775188E-02,  1.181658123627333E-02,  1.943663521380553E-04, -1.962047034861776E-04
A.D. 2080-Jul-01,  3.427869657352903E+00, -3.741769169248454E+00, -6.052224352500681E-02,  2.051377236906689E-03,  1.071745720805925E-02, -3.307358966338873E-05
A.D. 2081-Jan-01,  4.288813457354446E+00, -2.617735410879767E+00, -8.497465757609174E-02,  9.666307107640278E-03,  9.109665557087063E-03,  4.712948101917913E-05
A.D. 2081-Jul-01,  4.812831596593674E+00, -1.289952547879543E+00, -1.017458174054162E-01, -2.087076441409646E-03,  1.253938481247555E-02,  1.922677724527040E-05
A.D. 2082-Jan-01,  4.955687285097839E+00,  1.401511001233410E-01, -1.114075582664880E-01,  5.251350314569581E-03,  1.080181248351237E-02,  1.486997813245472E-04
A.D. 2082-Jul-01,  4.705145148633940E+00,  1.557706284578187E+00, -1.112879714823590E-01, -6.902173834992969E-03,  1.198654102659587E-02,  9.618854847655606E-05
A.D. 2083-Jan-01,  4.065530026108546E+00,  2.849348561272381E+00, -1.028516653015751E-01,  8.089373835111147E-04,  9.984517227026295E-03,  2.580639221158770E-04
A.D. 2083-Jul-01,  3.115458037274869E+00,  3.916557244732618E+00, -8.567387684212370E-02, -1.087802676161635E-02,  9.029429713828039E-03,  1.643642064611596E-04
A.D. 2084-Jan-01,  1.903181133420720E+00,  4.669297792144484E+00, -6.214258848856462E-02, -2.228943256325224E-03,  7.163447599634747E-03,  3.411626173510682E-04
A.D. 2084-Jul-01,  5.517550044338350E-01,  5.081069272815523E+00, -3.348521371845546E-02, -1.360500760461677E-02, -6.795665629612904E-04,  1.769888740521049E-05
A.D. 2085-Jan-01, -8.401105749863681E-01,  5.100691281368049E+00, -2.347233640603124E-03, -8.140132667641308E-03,  5.367947913344061E-03,  3.590808048061832E-04
A.D. 2085-Jul-01, -2.169811033872766E+00,  4.772723123123315E+00,  2.857777827231703E-02, -1.275037212028906E-02, -5.241520260780065E-03,  4.751144931882701E-06
A.D. 2086-Jan-01, -3.352370730446104E+00,  4.099709399742493E+00,  5.800304999028380E-02, -7.178646498437679E-03,  1.717272028935289E-03,  3.257252612200710E-04
A.D. 2086-Jul-01, -4.316848259331424E+00,  3.178846502680126E+00,  8.319953734709927E-02, -1.006548944700118E-02, -8.788475569111297E-03, -5.010981191845334E-05
A.D. 2087-Jan-01, -4.998335733777224E+00,  2.029291777048303E+00,  1.034837830365633E-01, -4.801792331178988E-03, -6.522366103598620E-04,  2.541565946285770E-04
A.D. 2087-Jul-01, -5.380655617653071E+00,  7.802125565104083E-01,  1.169986864673211E-01, -6.321419842077286E-03, -1.072909357286506E-02, -1.316773387635514E-04
A.D. 2088-Jan-01, -5.415602967158542E+00, -5.439465558077197E-01,  1.236214869814706E-01, -1.816176913721069E-03, -1.386155876917323E-03,  1.606755308546791E-04
A.D. 2088-Jul-01, -5.145611394612985E+00, -1.820903668309117E+00,  1.223410086818403E-01,  2.573695569973517E-03, -1.305012346492277E-02, -2.210686298694040E-04
A.D. 2089-Jan-01, -4.535757023597879E+00, -2.989881821960724E+00,  1.141883166265522E-01, -2.118464588370678E-03, -4.810961966172643E-03, -1.185989038565969E-04
A.D. 2089-Jul-01, -3.677692099150081E+00, -3.973598377539212E+00,  9.855876747522349E-02,  6.247344430952435E-03, -1.100277534066253E-02, -2.859277382011087E-04
A.D. 2090-Jan-01, -2.560181857650631E+00, -4.708572414642182E+00,  7.724362958458883E-02,  2.759025039817249E-04, -2.760818553182727E-03, -2.062103183078106E-04
A.D. 2090-Jul-01, -1.314584334300162E+00, -5.151237257034261E+00,  5.068776391105569E-02,  8.663448879568708E-03, -7.621008305698644E-03, -3.265688559964531E-04
A.D. 2091-Jan-01,  5.141940736422712E-02, -5.243523465139277E+00,  2.111724012674884E-02,  1.172671452132560E-03,  2.639586276257107E-04, -2.624570441498635E-04
A.D. 2091-Jul-01,  1.378394654720560E+00, -4.999605135112882E+00, -1.012927202519457E-02,  9.246563346677778E-03, -3.568082482496819E-03, -3.277505112376488E-04
A.D. 2092-Jan-01,  2.640508407881220E+00, -4.378487633908332E+00, -4.038614901390373E-02,  1.359873430758815E-04,  3.437652775436079E-03, -2.735664954720494E-04
A.D. 2092-Jul-01,  3.689109164900835E+00, -3.467292736814233E+00, -6.816839596729940E-02,  1.114715470399058E-02,  4.270131271682038E-03, -1.030027034881897E-04
A.D. 2093-Jan-01,  4.462577246119602E+00, -2.257949667527829E+00, -9.033397662162899E-02,  5.350696659717969E-04,  1.452045022871204E-03, -3.196754270437777E-04
A.D. 2093-Jul-01,  4.888000472975958E+00, -9.136598824591511E-01, -1.056535206809639E-01,  7.484974503931503E-03,  6.814289756756743E-03, -5.691176441810935E-06
A.D. 2094-Jan-01,  4.916988190931885E+00,  5.446776595280006E-01, -1.122867573089378E-01, -3.105718659381207E-03,  1.963418739367093E-03, -2.275323811510764E-04
A.D. 2094-Jul-01,  4.564295306418992E+00,  1.917406584055080E+00, -1.102844585924217E-01,  3.239128541150133E-03,  6.993928791274995E-03,  1.129740875734777E-04
A.D. 2095-Jan-01,  3.822624005160816E+00,  3.174991911522692E+00, -9.891541205553711E-02, -6.473564749971651E-03,  8.410538327381108E-05, -1.279919086435632E-04
A.D. 2095-Jul-01,  2.804092033609102E+00,  4.144698020257453E+00, -8.028546628663899E-02, -8.298818390946528E-05,  4.914648801062293E-03,  2.186468200174828E-04
A.D. 2096-Jan-01,  1.533783508892348E+00,  4.821766578773312E+00, -5.472762421580865E-02, -8.209753527143182E-03, -3.561516249470581E-03, -5.513304683706012E-05
A.D. 2096-Jul-01,  1.805110872502154E-01,  5.114582715112895E+00, -2.541635710128623E-02, -4.428539511230297E-03,  5.997292383871294E-03,  3.799039699680933E-04
A.D. 2097-Jan-01, -1.225091972415795E+00,  5.036123739304774E+00,  5.863135016734745E-03, -2.777655482347121E-03, -5.645763611273876E-03,  1.031202542465501E-04
A.D. 2097-Jul-01, -2.501766014539780E+00,  4.611102558641993E+00,  3.665422165672842E-02, -4.081767428934403E-03,  2.434870933918430E-03,  3.772848634996305E-04
A.D. 2098-Jan-01, -3.650595279373669E+00,  3.858870939019218E+00,  6.499789876238204E-02, -5.173145699155471E-04, -8.552801467506510E-03,  9.661312515113242E-05
A.D. 2098-Jul-01, -4.523269736341089E+00,  2.873561683731662E+00,  8.914624972399533E-02, -2.095692916393757E-03, -9.738470112039601E-05,  3.301313021432850E-04
A.D. 2099-Jan-01, -5.141860404904211E+00,  1.680469538115964E+00,  1.074731468064522E-01,  2.970321076751570E-03, -1.000675484836589E-02,  5.556973275607109E-05
A.D. 2099-Jul-01, -5.413576936830325E+00,  4.105966948079834E-01,  1.194188961122447E-01,  7.492283645598381E-04, -1.076209137128833E-03,  2.542312582663193E-04
A.D. 2100-Jan-01, -5.376722441364223E+00, -9.149982708753868E-01,  1.236458816109431E-01,  6.878603926575306E-03, -9.699859124829667E-03
