julian, epoch, x, y, z, vx, vy, vz, LT, RG, RR
2433282.500000000, A.D. 1950-Jan-01, -3.784161593132164E+01,  2.990760009574439E+01,  8.734021537467312E+00, -2.466998390869647E-03, -1.229941370004157E-03,  1.192148475528692E-03,  2.831026637210388E-01,  4.901770671907825E+01,  1.366503370306333E-03

2433463.500000000, A.D. 1950-Jul-01, -3.808946231100700E+01,  2.963402280581824E+01,  8.923555497204433E+00, -2.294388523827936E-03, -2.153064037376640E-03,  1.140344682017115E-03,  2.834486648262666E-01,  4.907761495334778E+01,  6.879716039005118E-04

2433647.500000000, A.D. 1951-Jan-01, -3.833608765108274E+01,  2.934783622574582E+01,  9.115006381292215E+00, -6.955492353736838E-04, -2.485064812694395E-03,  9.309834437536343E-04,  2.837675288987507E-01,  4.913282455605107E+01, -7.689506758683781E-04

2433828.500000000, A.D. 1951-Jul-01, -3.857145804280696E+01,  2.906830275197792E+01,  9.302182832540849E+00, -1.813210214950839E-04, -1.719273893666534E-03,  8.897264722528714E-04,  2.840741520572340E-01,  4.918591471019608E+01, -7.056117543088391E-04

2434012.500000000, A.D. 1952-Jan-01, -3.880572997330746E+01,  2.878762270478551E+01,  9.491613702086999E+00, -1.110154640191497E-03, -4.164298835598990E-04,  1.043152519447531E-03,  2.843938551561684E-01,  4.924126958582588E+01,  8.325036278861532E-04

2434194.500000000, A.D. 1952-Jul-01, -3.904154548638256E+01,  2.850808880815086E+01,  9.679086865866427E+00, -2.182684406816758E-03, -8.665738348017453E-04,  1.159467140378616E-03,  2.847417300069229E-01,  4.930150224907638E+01,  1.454998095539626E-03

2434378.500000000, A.D. 1953-Jan-01, -3.928170858837548E+01,  2.821758406730800E+01,  9.868236434199606E+00, -1.962071768120940E-03, -2.494026505125421E-03,  1.079389622023823E-03,  2.850946299569255E-01,  4.936260498129034E+01,  3.514766056544811E-04

2434559.500000000, A.D. 1953-Jul-01, -3.950949765013486E+01,  2.792644024692740E+01,  1.005274271609420E+01, -1.054328427004645E-03, -2.729845009560244E-03,  9.581523986564240E-04,  2.854031920748695E-01,  4.941603085585895E+01, -5.048322792235628E-04

2434743.500000000, A.D. 1954-Jan-01, -3.973168598532514E+01,  2.762774847096146E+01,  1.023870894289127E+01, -1.002756083055891E-04, -1.414932770994437E-03,  8.796572070079413E-04,  2.856827620581530E-01,  4.946443689792129E+01, -5.276666478779951E-04

2434924.500000000, A.D. 1954-Jul-01, -3.994917777340422E+01,  2.733713038582970E+01,  1.042125958074065E+01, -5.856566319470792E-04, -6.570668204078884E-04,  9.613107927027917E-04,  2.859819594062051E-01,  4.951624131284689E+01,  3.120642532826566E-04

2435108.500000000, A.D. 1955-Jan-01, -4.017141938985313E+01,  2.704347070012972E+01,  1.060667091873565E+01, -2.148241096489110E-03, -1.011917911151974E-03,  1.140929224053270E-03,  2.863162584851631E-01,  4.957412340407640E+01,  1.432876218476263E-03

2435289.500000000, A.D. 1955-Jul-01, -4.038898547934521E+01,  2.674640106267125E+01,  1.078831317693788E+01, -2.280504694057684E-03, -1.938127732041836E-03,  1.126281163074896E-03,  2.866326277617615E-01,  4.962890104626246E+01,  1.056239452202892E-03

2435473.500000000, A.D. 1956-Jan-01, -4.060626355889116E+01,  2.643573137771149E+01,  1.097183993251330E+01, -8.735869437755531E-04, -2.779339497985258E-03,  9.243511273644069E-04,  2.869274836224324E-01,  4.967995375595015E+01, -5.607681967986595E-04

2435655.500000000, A.D. 1956-Jul-01, -4.081098606911128E+01,  2.612836515033142E+01,  1.115173274255679E+01, -2.556417080618953E-05, -1.956345289119925E-03,  8.434153906981361E-04,  2.871884369580462E-01,  4.972513642539014E+01, -8.178411353101180E-04

2435839.500000000, A.D. 1957-Jan-01, -4.101209580788807E+01,  2.582218416908749E+01,  1.133262558014939E+01, -8.299789690248238E-04, -5.719822890384434E-04,  9.837358884738061E-04,  2.874564072121867E-01,  4.977153403661092E+01,  6.111456291185631E-04

2436020.500000000, A.D. 1957-Jul-01, -4.121246751159963E+01,  2.551927808807725E+01,  1.151042820297889E+01, -1.716686943514014E-03, -7.364166147876411E-04,  1.085729054039321E-03,  2.877455156097735E-01,  4.982159160391413E+01,  1.293681890826154E-03

2436204.500000000, A.D. 1958-Jan-01, -4.141828969912177E+01,  2.520696328187228E+01,  1.169088000247548E+01, -2.033384584258942E-03, -2.339726979024798E-03,  1.072251954835053E-03,  2.880555267416141E-01,  4.987526836746159E+01,  7.574389051653368E-04

2436385.500000000, A.D. 1958-Jul-01, -4.161294535042958E+01,  2.489341613211477E+01,  1.186679721463870E+01, -1.246639753147916E-03, -2.855409421501617E-03,  9.566805330092221E-04,  2.883216187079072E-01,  4.992134076322296E+01, -1.572836192523725E-04

2436569.500000000, A.D. 1959-Jan-01, -4.180138823456695E+01,  2.457072372735209E+01,  1.204388477925681E+01,  9.176583416605534E-05, -1.920060144684209E-03,  8.183043885883823E-04,  2.885524147463808E-01,  4.996130185852716E+01, -8.237904400811023E-04

2436750.500000000, A.D. 1959-Jul-01, -4.198336751810284E+01,  2.425778809011116E+01,  1.221734012558766E+01, -1.103351547458642E-04, -1.032079948599778E-03,  8.684127127342041E-04,  2.887936371047038E-01,  5.000306821515181E+01, -1.958688176958327E-04

2436934.500000000, A.D. 1960-Jan-01, -4.216768471445384E+01,  2.394365475434164E+01,  1.239321568997436E+01, -1.693648854349374E-03, -8.371162298326181E-04,  1.067014596637383E-03,  2.890647808988955E-01,  5.005001530779904E+01,  1.290656367516520E-03

2437116.500000000, A.D. 1960-Jul-01, -4.235182083353764E+01,  2.362667841823701E+01,  1.256669768287303E+01, -2.107170754727659E-03, -1.942009950132793E-03,  1.080604182478182E-03,  2.893424331300036E-01,  5.009808930136543E+01,  1.136548330748249E-03

2437300.500000000, A.D. 1961-Jan-01, -4.253401881525528E+01,  2.329762718628105E+01,  1.274078972412023E+01, -7.807662183626084E-04, -2.899587487464988E-03,  8.840343162037426E-04,  2.895977533986360E-01,  5.014229663549207E+01, -4.603117422192036E-04

2437481.500000000, A.D. 1961-Jul-01, -4.270427127548759E+01,  2.297459021741008E+01,  1.291040904658888E+01,  9.359913170493980E-06, -2.404321682411239E-03,  7.990344368023622E-04,  2.898231545967871E-01,  5.018132364315028E+01, -9.031677318088671E-04

2437665.500000000, A.D. 1962-Jan-01, -4.286982438065767E+01,  2.264924652143678E+01,  1.308142985657596E+01, -2.925711126166225E-04, -8.186937555701945E-04,  8.826652843971525E-04,  2.900399532883623E-01,  5.021886117296732E+01,  1.104405674758612E-04

2437846.500000000, A.D. 1962-Jul-01, -4.303529285067889E+01,  2.233010261075538E+01,  1.324942850183882E+01, -1.180757383806120E-03, -6.704227813453277E-04,  9.936153159541008E-04,  2.902861506526891E-01,  5.026148892517905E+01,  9.750699080500804E-04

2438030.500000000, A.D. 1963-Jan-01, -4.320671190268747E+01,  2.200377576594143E+01,  1.341993792361403E+01, -2.004027430650470E-03, -2.072533122994604E-03,  1.047897075986337E-03,  2.905654510685320E-01,  5.030984829308592E+01,  1.094151489480373E-03

2438211.500000000, A.D. 1963-Jul-01, -4.336986182584265E+01,  2.167553764933958E+01,  1.358615567086493E+01, -1.430690211892007E-03, -2.814694398851415E-03,  9.505998443741805E-04,  2.908108242536393E-01,  5.035233334308943E+01,  2.771235994753659E-04

2438395.500000000, A.D. 1964-Jan-01, -4.352794253416089E+01,  2.133616465561697E+01,  1.375336196482120E+01,  1.386897225400115E-04, -2.369850187124828E-03,  7.674804406318099E-04,  2.910235873918878E-01,  5.038917213850811E+01, -9.137867089172197E-04

2438577.500000000, A.D. 1964-Jul-01, -4.367837726149151E+01,  2.100509947438846E+01,  1.391753658875269E+01,  1.196713194966204E-04, -1.202176537600303E-03,  8.029373037983728E-04,  2.912323469556004E-01,  5.042531773648435E+01, -3.828231206239636E-04

2438761.500000000, A.D. 1965-Jan-01, -4.383075210362781E+01,  2.067480516297198E+01,  1.408305148316634E+01, -1.440679413370743E-03, -8.661765482067375E-04,  1.002413769610709E-03,  2.914728918614889E-01,  5.046696679585609E+01,  1.176117356573117E-03

2438942.500000000, A.D. 1965-Jul-01, -4.398200569248836E+01,  2.034377094777892E+01,  1.424522090180418E+01, -1.935101450249387E-03, -1.646592954458201E-03,  1.035569075286113E-03,  2.917186900609999E-01,  5.050952543482239E+01,  1.313883723038546E-03

2439126.500000000, A.D. 1966-Jan-01, -4.413473762794137E+01,  1.999947580837549E+01,  1.440907380295109E+01, -9.951581320060360E-04, -2.989602884819862E-03,  8.741290800196792E-04,  2.919623347615364E-01,  5.055171120699982E+01, -6.476649378870351E-05

2439307.500000000, A.D. 1966-Jul-01, -4.427554090327495E+01,  1.965899711521461E+01,  1.456841179765669E+01, -8.331397458691598E-05, -2.781080342478303E-03,  7.647802154045351E-04,  2.921657886604225E-01,  5.058693815758858E+01, -7.876113376044069E-04

2439491.500000000, A.D. 1967-Jan-01, -4.440964109944198E+01,  1.931384922362756E+01,  1.472867039325122E+01,  1.578436931713773E-04, -1.178592570826133E-03,  7.816771530790831E-04,  2.923447762523017E-01,  5.061792889843775E+01, -3.607392919527688E-04

2439672.500000000, A.D. 1967-Jul-01, -4.454261836897651E+01,  1.897669524243333E+01,  1.488589343711956E+01, -6.242082759455157E-04, -7.391849308005110E-04,  8.884413401300448E-04,  2.925486542769233E-01,  5.065322928412122E+01,  5.330721723870329E-04

2439856.500000000, A.D. 1968-Jan-01, -4.468017790047863E+01,  1.863400854407955E+01,  1.504537248769793E+01, -1.852770681962110E-03, -1.786008991334275E-03,  1.003654086052120E-03,  2.927856169906605E-01,  5.069425810614873E+01,  1.274344844197473E-03

2440038.500000000, A.D. 1968-Jul-01, -4.481278969981486E+01,  1.828639454144667E+01,  1.520177549464826E+01, -1.335500857857781E-03, -2.859036986121466E-03,  9.027311150892860E-04,  2.929999814419507E-01,  5.073137416032579E+01,  4.196447828643135E-04

2440222.500000000, A.D. 1969-Jan-01, -4.493759845170681E+01,  1.792907165539934E+01,  1.535790683414593E+01,  2.712160655784014E-04, -2.553264790771443E-03,  7.104593150566421E-04,  2.931725393335809E-01,  5.076125163308714E+01, -9.269727706399079E-04

2440403.500000000, A.D. 1969-Jul-01, -4.505428698308732E+01,  1.758186061193267E+01,  1.551021480909870E+01,  4.579785033047749E-04, -1.650194472871410E-03,  7.120348927974019E-04,  2.933359186411861E-01,  5.078953988328901E+01, -7.600692991988531E-04

2440587.500000000, A.D. 1970-Jan-01, -4.516947570318148E+01,  1.723388162756481E+01,  1.566409305352980E+01, -8.949901384188174E-04, -8.050885542685448E-04,  9.015453215306624E-04,  2.935106836816783E-01,  5.081979951202935E+01,  8.003440522571824E-04

2440768.500000000, A.D. 1970-Jul-01, -4.528476169633845E+01,  1.688785673517981E+01,  1.581490138650831E+01, -1.610051944348100E-03, -1.369020853090683E-03,  9.682917250383523E-04,  2.937020273372077E-01,  5.085292963898051E+01,  1.280249322725544E-03

2440952.500000000, A.D. 1971-Jan-01, -4.540232449901550E+01,  1.653018774367426E+01,  1.596735322141533E+01, -1.158246756071850E-03, -2.941024357564037E-03,  8.593979212101211E-04,  2.939037824799601E-01,  5.088786245906252E+01,  3.477002096482180E-04

2441133.500000000, A.D. 1971-Jul-01, -4.550860316848475E+01,  1.617536458570855E+01,  1.611535079728467E+01, -2.250563284770435E-04, -3.036811295413471E-03,  7.373160374617954E-04,  2.940629369897594E-01,  5.091541920820017E+01, -5.302406336975436E-04

2441317.500000000, A.D. 1972-Jan-01, -4.560690559514026E+01,  1.581452227643489E+01,  1.626384487998810E+01,  5.322816905264147E-04, -1.591635860137174E-03,  6.849511567266457E-04,  2.941889171263882E-01,  5.093723199268102E+01, -7.520381597905709E-04

2441499.500000000, A.D. 1972-Jul-01, -4.570330290300257E+01,  1.546323409589660E+01,  1.641003590701135E+01, -3.260158186863266E-04, -8.199244364267543E-04,  8.107580683529371E-04,  2.943357809666626E-01,  5.096266067835845E+01,  3.046521711795664E-04

2441683.500000000, A.D. 1973-Jan-01, -4.580419419542594E+01,  1.510904122202117E+01,  1.655749686439253E+01, -1.642323741207952E-03, -1.746767695119875E-03,  9.397366478765298E-04,  2.945207457648382E-01,  5.099468634039624E+01,  1.262739741821823E-03

2441864.500000000, A.D. 1973-Jul-01, -4.590017523009535E+01,  1.475361470628883E+01,  1.670114003630595E+01, -1.418674877480031E-03, -2.651921515415777E-03,  8.794512294641965E-04,  2.946886174715366E-01,  5.102375242538893E+01,  7.972725134039069E-04

2442048.500000000, A.D. 1974-Jan-01, -4.599179648511540E+01,  1.438582620642065E+01,  1.684540460134257E+01,  1.970187969279329E-04, -2.887779316468120E-03,  6.682270789568736E-04,  2.948324324772776E-01,  5.104865322173099E+01, -7.707898600135157E-04

2442229.500000000, A.D. 1974-Jul-01, -4.607466113046816E+01,  1.402771455656262E+01,  1.698571333187234E+01,  6.695769791415368E-04, -2.087606878506082E-03,  6.304427569486225E-04,  2.949568934413747E-01,  5.107020296964188E+01, -9.678122074510896E-04

2442413.500000000, A.D. 1975-Jan-01, -4.615399997786578E+01,  1.366876202403796E+01,  1.712705263684101E+01, -3.285369837482642E-04, -8.309278637168583E-04,  7.881800708936527E-04,  2.950811003715437E-01,  5.109170873294158E+01,  3.386996188425552E-04

2442594.500000000, A.D. 1975-Jul-01, -4.623513559556893E+01,  1.331413550627235E+01,  1.726557738805566E+01, -1.187549282353132E-03, -1.119252161176577E-03,  8.804813779111687E-04,  2.952331836922488E-01,  5.111804114364093E+01,  1.079983608338235E-03

2442778.500000000, A.D. 1976-Jan-01, -4.631991059871743E+01,  1.294934458514056E+01,  1.740568332070894E+01, -1.277148590998362E-03, -2.749450779277660E-03,  8.357754314388124E-04,  2.954095737758110E-01,  5.114858213986668E+01,  7.449095143681053E-04

2442960.500000000, A.D. 1976-Jul-01, -4.639568518145155E+01,  1.258241422516046E+01,  1.754222206391164E+01, -1.474636765906752E-04, -3.116325300818891E-03,  6.802841301797043E-04,  2.955466706390756E-01,  5.117231972589744E+01, -3.993471922270761E-04

2443144.500000000, A.D. 1977-Jan-01, -4.646209498922283E+01,  1.221132672498391E+01,  1.767813283372429E+01,  7.331670573439760E-04, -1.744256829547906E-03,  6.098557918348600E-04,  2.956455707668390E-01,  5.118944375219046E+01, -8.709423766652731E-04

2443325.500000000, A.D. 1977-Jul-01, -4.652662977837584E+01,  1.185070357406869E+01,  1.781102073980163E+01,  2.066482180058220E-04, -1.008248660367361E-03,  6.931999888905236E-04,  2.957606178301899E-01,  5.120936353371459E+01, -1.799768855056403E-04

2443509.500000000, A.D. 1978-Jan-01, -4.659358087919409E+01,  1.148693975703626E+01,  1.794550524845680E+01, -1.335029463164177E-03, -1.442821744119583E-03,  8.650359178994749E-04,  2.959045952374325E-01,  5.123429244900501E+01,  1.193608821256588E-03

2443690.500000000, A.D. 1978-Jul-01, -4.665803028645824E+01,  1.112205195494339E+01,  1.807655812810544E+01, -1.417107882202084E-03, -2.369105377949124E-03,  8.415592466593894E-04,  2.960444042178715E-01,  5.125849962356769E+01,  1.072654182836843E-03

2443874.500000000, A.D. 1979-Jan-01, -4.671924685422963E+01,  1.074372524713964E+01,  1.820816134868247E+01,  3.342375171794907E-05, -3.125467235973522E-03,  6.342538294613937E-04,  2.961693908664020E-01,  5.128014039091669E+01, -4.600630481282367E-04

2444055.500000000, A.D. 1979-Jul-01, -4.677044576083755E+01,  1.037340679052056E+01,  1.833571625559306E+01,  7.468747160888964E-04, -2.521740976044420E-03,  5.604958890019417E-04,  2.962610468611551E-01,  5.129601013446060E+01, -9.905958503877341E-04

2444239.500000000, A.D. 1980-Jan-01, -4.681510020817829E+01,  1.000105093742788E+01,  1.846373351838214E+01,  2.245354439151490E-04, -9.965405142150733E-04,  6.678613240688313E-04,  2.963344154811801E-01,  5.130871351722463E+01, -1.587817678078267E-04

2444421.500000000, A.D. 1980-Jul-01, -4.686205491773988E+01,  9.634368902405347E+00,  1.858988678537447E+01, -9.196524674841510E-04, -1.116043727754429E-03,  8.004990116858853E-04,  2.964398165558905E-01,  5.132696314758884E+01,  9.200936614021886E-04

2444605.500000000, A.D. 1981-Jan-01, -4.691172477847817E+01,  9.259080573352941E+00,  1.871666746558290E+01, -1.148277807206682E-03, -2.728681071885459E-03,  7.733577150955843E-04,  2.965690217096788E-01,  5.134933432648114E+01,  8.389065663216510E-04

2444786.500000000, A.D. 1981-Jul-01, -4.695236938023580E+01,  8.885022281573599E+00,  1.883933518661333E+01, -3.341080162837079E-04, -3.194641958627687E-03,  6.535109679881645E-04,  2.966609572578646E-01,  5.136525247320147E+01, -7.506822180041696E-06

2444970.500000000, A.D. 1982-Jan-01, -4.698394446794043E+01,  8.502356779342795E+00,  1.896185102769633E+01,  9.521304841010575E-04, -2.181306234661688E-03,  5.215475431451572E-04,  2.967140097375611E-01,  5.137443822531099E+01, -1.039263584590430E-03

2445151.500000000, A.D. 1982-Jul-01, -4.701174466654380E+01,  8.131613014018670E+00,  1.908123932752117E+01,  7.026458677932260E-04, -1.300328253544768E-03,  5.748900421386455E-04,  2.967695433253624E-01,  5.138405356797193E+01, -6.351534674563813E-04

2445335.500000000, A.D. 1983-Jan-01, -4.703941027252607E+01,  7.759788641543016E+00,  1.920175387272285E+01, -8.883441392767502E-04, -1.187351772174976E-03,  7.694711187534333E-04,  2.968429774175987E-01,  5.139676828689794E+01,  9.212404251871224E-04

2445516.500000000, A.D. 1983-Jul-01, -4.706684695728377E+01,  7.388886362720445E+00,  1.931923271969324E+01, -1.265749333054535E-03, -2.024402036537237E-03,  7.846591705694878E-04,  2.969266084195229E-01,  5.141124854600629E+01,  1.162698210161348E-03

2445700.500000000, A.D. 1984-Jan-01, -4.709251854726143E+01,  7.005502162076755E+00,  1.943721548961047E+01, -1.437430319983894E-04, -3.210388318002878E-03,  6.037818627206914E-04,  2.970092357527410E-01,  5.142555502526519E+01, -7.749693175062313E-05

2445882.500000000, A.D. 1984-Jul-01, -4.710743438404778E+01,  6.626409481479463E+00,  1.955164794634089E+01,  9.004963203042278E-04, -2.639735671207997E-03,  4.874423266837667E-04,  2.970484795665780E-01,  5.143234988099673E+01, -9.795729760200768E-04

2446066.500000000, A.D. 1985-Jan-01, -4.711507492917904E+01,  6.248922312968675E+00,  1.966559108679105E+01,  5.134833851468289E-04, -1.066838178076345E-03,  5.788131052596294E-04,  2.970669049072636E-01,  5.143554012984163E+01, -3.786622084362628E-04

2446247.500000000, A.D. 1985-Jul-01, -4.712509981346687E+01,  5.879534802854685E+00,  1.977704003504369E+01, -3.807558153738846E-04, -9.611504116142793E-04,  6.868671726834204E-04,  2.971152114747599E-01,  5.144390415272655E+01,  5.029991115037453E-04

2446431.500000000, A.D. 1986-Jan-01, -4.713826734940327E+01,  5.503220033085028E+00,  1.988963748630892E+01, -1.125917597174223E-03, -2.399362772167195E-03,  7.280294963707213E-04,  2.971951404667955E-01,  5.145774342869255E+01,  1.056203062461069E-03

2446612.500000000, A.D. 1986-Jul-01, -4.714528060624645E+01,  5.127403249902413E+00,  1.999845436850307E+01, -5.126267394904941E-04, -3.101626849751843E-03,  6.247137553662259E-04,  2.972516226107874E-01,  5.146752300876668E+01,  4.033213220048346E-04

2446796.500000000, A.D. 1987-Jan-01, -4.714430886866585E+01,  4.741420440726787E+00,  2.010688756115013E+01,  1.030355892661171E-03, -2.563635263382474E-03,  4.453636490705861E-04,  2.972767541308329E-01,  5.147187439657353E+01, -1.005904931187016E-03

2446977.500000000, A.D. 1987-Jul-01, -4.713873228360136E+01,  4.367386194009771E+00,  2.021210654124290E+01,  1.082285904410774E-03, -1.640957869503004E-03,  4.620503592296385E-04,  2.972941199652909E-01,  5.147488119760183E+01, -9.489146943511670E-04

2447161.500000000, A.D. 1988-Jan-01, -4.713115440233513E+01,  3.992940122578430E+00,  2.031793961427053E+01, -3.819129514344814E-04, -9.988744750289646E-04,  6.568320062463940E-04,  2.973190590047184E-01,  5.147919925842275E+01,  5.314190148112263E-04

2447343.500000000, A.D. 1988-Jul-01, -4.712688348575900E+01,  3.619028682834093E+00,  2.042184353805688E+01, -1.081917132632201E-03, -1.935262214965886E-03,  7.080645317489605E-04,  2.973742661853495E-01,  5.148875808543411E+01,  1.135074887051816E-03

2447527.500000000, A.D. 1989-Jan-01, -4.712074994044006E+01,  3.233510663888491E+00,  2.052535364124411E+01, -7.103396649061394E-05, -3.217638522665789E-03,  5.373725120296831E-04,  2.974313890691290E-01,  5.149864860616340E+01,  7.714117264663677E-05

2447708.500000000, A.D. 1989-Jul-01, -4.710537431496569E+01,  2.854151819350708E+00,  2.062496747482852E+01,  8.271754936400020E-04, -2.953028219475936E-03,  4.291129696420870E-04,  2.974505068774221E-01,  5.150195875205783E+01, -7.483668972853368E-04

2447892.500000000, A.D. 1990-Jan-01, -4.708095076391626E+01,  2.471094481662375E+00,  2.072416057285909E+01,  9.796685956145917E-04, -1.333890462907432E-03,  4.551038075576845E-04,  2.974371229621128E-01,  5.149964139895788E+01, -7.764763560622069E-04

2448073.500000000, A.D. 1990-Jul-01, -4.705828535198900E+01,  2.097645707329502E+00,  2.082096101475547E+01,  1.738322246922550E-04, -9.326074507120121E-04,  5.613167929101213E-04,  2.974473108246561E-01,  5.150140537267568E+01,  3.010847184343307E-05

2448257.500000000, A.D. 1991-Jan-01, -4.703777928781803E+01,  1.718979049816586E+00,  2.091864125531302E+01, -9.968034185622997E-04, -2.039798905380397E-03,  6.652012460542296E-04,  2.974866909022870E-01,  5.150822382175176E+01,  1.112369046903300E-03

2448438.500000000, A.D. 1991-Jul-01, -4.701317213071751E+01,  1.339999422559510E+00,  2.101292741642398E+01, -6.448332394846424E-04, -2.902727646803431E-03,  5.890293077384787E-04,  2.975135975984117E-01,  5.151288257176874E+01,  7.532724022680979E-04

2448622.500000000, A.D. 1992-Jan-01, -4.698099338005460E+01,  9.492869021522050E-01,  2.110664762110684E+01,  9.908453045535178E-04, -2.901865261329547E-03,  3.813954799690505E-04,  2.975151889708762E-01,  5.151315810936956E+01, -8.008753664587323E-04

2448804.500000000, A.D. 1992-Jul-01, -4.694089951802512E+01,  5.679650370508017E-01,  2.119741940412970E+01,  1.301909177029800E-03, -1.760127495442026E-03,  3.728795990354781E-04,  2.974869207629461E-01,  5.150826362089114E+01, -1.052421294759555E-03

2448988.500000000, A.D. 1993-Jan-01, -4.689814368726903E+01,  1.893414940047220E-01,  2.128803696136333E+01, -9.563354992290829E-05, -9.855448830160950E-04,  5.634776712687524E-04,  2.974617485296071E-01,  5.150390518379606E+01,  3.163597956266742E-04

2449169.500000000, A.D. 1993-Jul-01, -4.685789751999204E+01, -1.859323543447864E-01,  2.137623076182703E+01, -7.791326248382690E-04, -1.582435871745165E-03,  6.231606621481043E-04,  2.974610826136406E-01,  5.150378988402065E+01,  9.732015633224144E-04

2449353.500000000, A.D. 1994-Jan-01, -4.681705469278665E+01, -5.723149006139031E-01,  2.146462932862375E+01, -2.422949169033485E-04, -3.121152247727306E-03,  5.026657528234659E-04,  2.974753290493357E-01,  5.150625657789601E+01,  4.643969871753698E-04

2449534.500000000, A.D. 1994-Jul-01, -4.676737058313829E+01, -9.538317359807410E-01,  2.154926266088784E+01,  6.948746817375878E-04, -3.159673989107154E-03,  3.797761031818469E-04,  2.974513878710396E-01,  5.150211129137414E+01, -4.135708010726176E-04

2449718.500000000, A.D. 1995-Jan-01, -4.670711945702563E+01, -1.340210899757818E+00,  2.163300215464097E+01,  1.372496364408697E-03, -1.669293098906564E-03,  3.365255936540972E-04,  2.973880486036514E-01,  5.149114443718835E+01, -1.060145167577386E-03

2449899.500000000, A.D. 1995-Jul-01, -4.664758240446436E+01, -1.714679589922635E+00,  2.171438296918550E+01,  7.464046034870009E-04, -1.010940907631945E-03,  4.280857967366480E-04,  2.973383295765252E-01,  5.148253585449966E+01, -4.620773079345002E-04

2450083.500000000, A.D. 1996-Jan-01, -4.658885662405918E+01, -2.091544603893487E+00,  2.179628120877075E+01, -7.191490098238540E-04, -1.656725360980557E-03,  5.821655203578256E-04,  2.973115442584827E-01,  5.147789812044613E+01,  9.646564895577205E-04

2450265.500000000, A.D. 1996-Jul-01, -4.652953556768565E+01, -2.470558255663066E+00,  2.187576323447471E+01, -5.176937987028959E-04, -2.816989532135448E-03,  5.145427807197790E-04,  2.972933884731224E-01,  5.147475454365901E+01,  8.218320841880675E-04

2450449.500000000, A.D. 1997-Jan-01, -4.646214892630709E+01, -2.858976713291994E+00,  2.195383098080358E+01,  1.108814733845091E-03, -2.956695212878322E-03,  3.028973720117438E-04,  2.972499281763691E-01,  5.146722962654175E+01, -7.075382741257643E-04

2450630.500000000, A.D. 1997-Jul-01, -4.638881317225223E+01, -3.235780163316708E+00,  2.202872146979643E+01,  1.536968042845448E-03, -2.125161659943677E-03,  2.694931753838206E-04,  2.971815296950336E-01,  5.145538679661544E+01, -1.136615250426967E-03

2450814.500000000, A.D. 1998-Jan-01, -4.630968665864535E+01, -3.612214013871931E+00,  2.210326012822323E+01,  4.712409198295639E-04, -9.187456698784958E-04,  4.318678367484744E-04,  2.970991568083147E-01,  5.144112437340217E+01, -1.741530016417600E-04

2450995.500000000, A.D. 1998-Jul-01, -4.623494741875780E+01, -3.982948874394992E+00,  2.217572565306332E+01, -3.716019498889609E-04, -1.246999479138423E-03,  5.188189531077303E-04,  2.970490656543863E-01,  5.143245135895501E+01,  6.543129418134699E-04

2451179.500000000, A.D. 1999-Jan-01, -4.616118432917175E+01, -4.362949803238816E+00,  2.224831153175918E+01, -3.732057310212427E-04, -2.872282152204957E-03,  4.612607496933666E-04,  2.970255158601982E-01,  5.142837383849077E+01,  7.781991002752879E-04

2451360.500000000, A.D. 1999-Jul-01, -4.608067550455500E+01, -4.740003065986287E+00,  2.231739285130873E+01,  4.946856919495746E-04, -3.213940856826152E-03,  3.367404805214697E-04,  2.969741147508703E-01,  5.141947401229713E+01, -8.983316218459293E-07

2451544.500000000, A.D. 2000-Jan-01, -4.598969044247048E+01, -5.124054937949503E+00,  2.238520616312923E+01,  1.619562925929965E-03, -2.025191157419187E-03,  2.282675354778719E-04,  2.968866433888622E-01,  5.140432881545274E+01, -1.147689161255985E-03

2451726.500000000, A.D. 2000-Jul-01, -4.589738730952687E+01, -5.496808714284557E+00,  2.245097197030708E+01,  1.009010469103423E-03, -1.032399248984392E-03,  3.278255138216941E-04,  2.967982177013747E-01,  5.138901838227373E+01, -6.475321525286216E-04

2451910.500000000, A.D. 2001-Jan-01, -4.580701646961141E+01, -5.869930345090172E+00,  2.251668060193868E+01, -5.088927152084218E-04, -1.545180440763683E-03,  4.921174995277423E-04,  2.967368774871996E-01,  5.137839765342223E+01,  8.459160480901443E-04

2452091.500000000, A.D. 2001-Jul-01, -4.571666482577469E+01, -6.242867514674758E+00,  2.257972329379218E+01, -5.421621823705665E-04, -2.468632114604549E-03,  4.606078354198386E-04,  2.966857818862031E-01,  5.136955072435643E+01,  9.849723574346045E-04

2452275.500000000, A.D. 2002-Jan-01, -4.562045545686304E+01, -6.628089202640288E+00,  2.264183332231704E+01,  9.459759827792726E-04, -3.138058579829099E-03,  2.492749724191211E-04,  2.966284027532236E-01,  5.135961583545352E+01, -3.254011998849599E-04

2452456.500000000, A.D. 2002-Jul-01, -4.551721825436502E+01, -7.003714111592439E+00,  2.270074919297646E+01,  1.623982767565731E-03, -2.490803908981759E-03,  1.791999343237178E-04,  2.965374734335267E-01,  5.134387191179528E+01, -1.020692925372307E-03

2452640.500000000, A.D. 2003-Jan-01, -4.540539122074594E+01, -7.380096724458184E+00,  2.275871835189255E+01,  1.017660467446801E-03, -9.918760505576109E-04,  2.940395967053848E-04,  2.964182952463445E-01,  5.132323684835283E+01, -6.273019410667156E-04

2452821.500000000, A.D. 2003-Jul-01, -4.529789755808191E+01, -7.748896934412564E+00,  2.281487104581460E+01,  1.188253848597282E-04, -1.016804056022791E-03,  3.974001557991163E-04,  2.963276156841685E-01,  5.130753616886881E+01,  2.253704600435903E-04

2453005.500000000, A.D. 2004-Jan-01, -4.519106181934012E+01, -8.125032260433988E+00,  2.287096493723284E+01, -4.117718335315463E-04, -2.546486081858221E-03,  4.081000981884185E-04,  2.962637827789962E-01,  5.129648384395023E+01,  9.480636359974504E-04

2453187.500000000, A.D. 2004-Jul-01, -4.507836545619837E+01, -8.502784739334947E+00,  2.292415755674327E+01,  5.761504443725111E-04, -3.201864230007833E-03,  2.589232933906350E-04,  2.961818123119083E-01,  5.128229109753615E+01,  1.401739322114851E-04

2453371.500000000, A.D. 2005-Jan-01, -4.495375635361468E+01, -8.885025678721645E+00,  2.297533768578680E+01,  1.804745828788614E-03, -2.114248845263799E-03,  1.344452740309658E-04,  2.960565868664252E-01,  5.126060898377652E+01, -1.155975798762431E-03

2453552.500000000, A.D. 2005-Jul-01, -4.482836378303041E+01, -9.254266254181260E+00,  2.302429381603293E+01,  1.506866534629685E-03, -1.243614465230982E-03,  1.915296241579629E-04,  2.959265214262426E-01,  5.123808885091250E+01, -1.007683710007235E-03

2453736.500000000, A.D. 2006-Jan-01, -4.470067651240930E+01, -9.623602872010849E+00,  2.307293548999045E+01, -8.880493942017170E-05, -1.213502081943907E-03,  3.821801365011081E-04,  2.958015353829399E-01,  5.121644818835544E+01,  4.776965504476375E-04

2453917.500000000, A.D. 2006-Jul-01, -4.457508922465702E+01, -9.991129971549318E+00,  2.311937649973977E+01, -4.204598473093862E-04, -2.064680114895579E-03,  3.894249887985972E-04,  2.956967711963445E-01,  5.119830883174995E+01,  9.448317068480984E-04

2454101.500000000, A.D. 2007-Jan-01, -4.444491525667959E+01, -1.036997717478703E+01,  2.316480004040398E+01,  7.645420775756562E-04, -3.181199759845172E-03,  2.010846121940984E-04,  2.955968104181142E-01,  5.118100115952144E+01,  7.164857661274768E-05

2454282.500000000, A.D. 2007-Jul-01, -4.430744150503249E+01, -1.074033710067815E+01,  2.320708625460681E+01,  1.616745819707530E-03, -2.783656381552875E-03,  1.012195684009778E-04,  2.954601340891490E-01,  5.115733638674750E+01, -7.699277259582509E-04

2454466.500000000, A.D. 2008-Jan-01, -4.415936623528939E+01, -1.111184860513718E+01,  2.324785710722848E+01,  1.536583037017657E-03, -1.153817473033555E-03,  1.546723753622354E-04,  2.952858032810408E-01,  5.112715194301380E+01, -1.006073774278696E-03

2454648.500000000, A.D. 2008-Jul-01, -4.401517819333361E+01, -1.147393099493792E+01,  2.328728501564891E+01,  4.048906277104046E-04, -9.317974395428414E-04,  2.937888111580721E-04,  2.951332051667742E-01,  5.110073039857233E+01, -5.643947215892081E-06

2454832.500000000, A.D. 2009-Jan-01, -4.387299414360287E+01, -1.184077197959838E+01,  2.332618276350203E+01, -2.611606235902445E-04, -2.402303206889527E-03,  3.223277420464374E-04,  2.950127922230056E-01,  5.107988154365429E+01,  9.283831010482187E-04

2455013.500000000, A.D. 2009-Jul-01, -4.372693348731077E+01, -1.220578277249742E+01,  2.336218304766669E+01,  3.893524534256772E-04, -3.063001762827327E-03,  2.138919219930125E-04,  2.948806503667542E-01,  5.105700189049274E+01,  4.966630747960363E-04

2455197.500000000, A.D. 2010-Jan-01, -4.357022781596862E+01, -1.257911602286247E+01,  2.339628770444498E+01,  1.900576516858931E-03, -2.434026709272278E-03,  3.943128015859062E-05,  2.947204160469093E-01,  5.102925817804140E+01, -1.004680524426240E-03

2455378.500000000, A.D. 2010-Jul-01, -4.341189419643337E+01, -1.293923864953235E+01,  2.342815038352021E+01,  1.901355731818532E-03, -1.503441601058848E-03,  6.080440716269123E-05,  2.945454716171149E-01,  5.099896748900625E+01, -1.209113290500581E-03

2455562.500000000, A.D. 2011-Jan-01, -4.324952173548923E+01, -1.329819132273767E+01,  2.345916573819096E+01,  4.028363217590496E-04, -9.365036761851135E-04,  2.555392550003295E-04,  2.943642644921339E-01,  5.096759244791345E+01,  2.013170512830141E-05

2455743.500000000, A.D. 2011-Jul-01, -4.309194953357403E+01, -1.365395464261053E+01,  2.348845407337613E+01, -1.931048896862870E-04, -1.623938107219367E-03,  2.998460053106925E-04,  2.942145673058945E-01,  5.094167318358965E+01,  7.368694469255414E-04

2455927.500000000, A.D. 2012-Jan-01, -4.293185527312166E+01, -1.402024026577144E+01,  2.351666575214682E+01,  5.539174744394034E-04, -3.067505044782992E-03,  1.547137309363074E-04,  2.940836372802141E-01,  5.091900335238719E+01,  4.490426459822446E-04

2456109.500000000, A.D. 2012-Jul-01, -4.276375953268624E+01, -1.438342092889714E+01,  2.354192876450898E+01,  1.712004350069318E-03, -2.800864868068380E-03,  1.251955885820469E-05,  2.939190920633460E-01,  5.089051323125426E+01, -6.411998494062445E-04

2456293.500000000, A.D. 2013-Jan-01, -4.258528175383660E+01, -1.474525954324162E+01,  2.356515772218852E+01,  1.774250533263814E-03, -1.170061523073093E-03,  4.807916014738245E-05,  2.937148100749412E-01,  5.085514290140996E+01, -1.124195150537125E-03

2456474.500000000, A.D. 2013-Jul-01, -4.241159296043732E+01, -1.509683822619230E+01,  2.358698270480953E+01,  9.456852800672977E-04, -8.082760016038913E-04,  1.539739894373771E-04,  2.935306549043151E-01,  5.082325742203683E+01, -4.776125446101159E-04

2456658.500000000, A.D. 2014-Jan-01, -4.223793684851998E+01, -1.545236029571822E+01,  2.360817317565762E+01, -1.649824683379020E-04, -1.972481231864767E-03,  2.467830317826609E-04,  2.933693049219576E-01,  5.079532053860957E+01,  8.519309621903446E-04

2456839.500000000, A.D. 2014-Jul-01, -4.206263520072195E+01, -1.580731007412048E+01,  2.362691424157959E+01,  2.319213690633494E-04, -2.808909394739515E-03,  1.640623621030532E-04,  2.932102396143156E-01,  5.076777923434666E+01,  7.587955544096685E-04

2457023.500000000, A.D. 2015-Jan-01, -4.187726920986184E+01, -1.617218438988150E+01,  2.364354341851985E+01,  1.863997617526226E-03, -2.712179640702081E-03, -4.196450211424835E-05,  2.930335664173262E-01,  5.073718921855055E+01, -6.935632591700417E-04

2457204.500000000, A.D. 2015-Jul-01, -4.168835880978316E+01, -1.652482638394711E+01,  2.365789665960542E+01,  2.171852189017229E-03, -1.827343420257260E-03, -5.987407125047151E-05,  2.928298985822807E-01,  5.070192522606403E+01, -1.218117751718989E-03

2457388.500000000, A.D. 2016-Jan-01, -4.149225662183628E+01, -1.687592789434301E+01,  2.367079784235545E+01,  9.475936132795050E-04, -7.866315085947407E-04,  1.158788001384247E-04,  2.926034552306006E-01,  5.066271777511586E+01, -4.598986814737369E-04

2457570.500000000, A.D. 2016-Jul-01, -4.130172208014479E+01, -1.722319370486864E+01,  2.368256942813898E+01,  2.068015434219855E-05, -1.476768844694068E-03,  2.008682010216772E-04,  2.924109478742678E-01,  5.062938615961653E+01,  5.794584375638117E-04

2457754.500000000, A.D. 2017-Jan-01, -4.110884178518753E+01, -1.757927407013208E+01,  2.369284359906095E+01,  6.396245225868852E-04, -2.977574013659997E-03,  6.966826869863956E-05,  2.922388641392673E-01,  5.059959078453068E+01,  5.474353707983858E-04

2457935.500000000, A.D. 2017-Jul-01, -4.090969963352465E+01, -1.792946227194004E+01,  2.370037180645251E+01,  1.576927632299678E-03, -2.958700134498385E-03, -5.315166172828644E-05,  2.920366595482966E-01,  5.056458014490199E+01, -2.516276700872854E-04

2458119.500000000, A.D. 2018-Jan-01, -4.069775350050013E+01, -1.828242577497461E+01,  2.370549007641445E+01,  2.171842564951362E-03, -1.427771561109464E-03, -8.665292718759087E-05,  2.917925666609291E-01,  5.052231677158036E+01, -1.273499316294441E-03

2458300.500000000, A.D. 2018-Jul-01, -4.048942831833052E+01, -1.862297610258392E+01,  2.370930873880117E+01,  1.510048026069642E-03, -7.994815554810649E-04,  6.684685439461962E-06,  2.915544559806185E-01,  5.048108918530216E+01, -9.130897704385757E-04

2458484.500000000, A.D. 2019-Jan-01, -4.027976331317969E+01, -1.896437956894407E+01,  2.371211708586734E+01,  8.088618755812871E-05, -1.519116363119482E-03,  1.522557364024734E-04,  2.913273307205937E-01,  5.044176366558411E+01,  5.781187365165768E-04

2458665.500000000, A.D. 2019-Jul-01, -4.007115967484712E+01, -1.930458402573406E+01,  2.371297886375210E+01,  1.793089294039012E-04, -2.430280706411519E-03,  1.034991010291464E-04,  2.911153534745800E-01,  5.040506094318778E+01,  8.369142416956968E-04

2458849.500000000, A.D. 2020-Jan-01, -3.985401683033979E+01, -1.965452475837679E+01,  2.371158522827963E+01,  1.747114496320900E-03, -2.870194509842495E-03, -1.119873727860574E-04,  2.908982601006744E-01,  5.036747239070690E+01, -3.151363145053041E-04

2459031.500000000, A.D. 2020-Jul-01, -3.963032095953006E+01, -1.999494532103982E+01,  2.370776937541596E+01,  2.358049699173434E-03, -1.842711524573619E-03, -1.635106149601452E-04,  2.906422225604913E-01,  5.032314086486107E+01, -1.201868984147748E-03

2459215.500000000, A.D. 2021-Jan-01, -3.940072726076641E+01, -2.033006054650531E+01,  2.370222003883345E+01,  1.227285174376314E-03, -6.903499246536094E-04,  3.493468811362163E-06,  2.903612133544655E-01,  5.027448562910565E+01, -6.810267527433958E-04

2459396.500000000, A.D. 2021-Jul-01, -3.917809338534843E+01, -2.065904304046874E+01,  2.369564550589953E+01,  4.024130898080531E-04, -1.057570931550235E-03,  8.531279335483216E-05,  2.901128964257774E-01,  5.023149088570116E+01,  1.613363917099958E-04

2459580.500000000, A.D. 2022-Jan-01, -3.895400230314156E+01, -2.099538073723379E+01,  2.368760609573654E+01,  4.880197157557445E-04, -2.672693747107878E-03,  1.556728832999552E-05,  2.898897712602911E-01,  5.019285796088266E+01,  7.465734170022723E-04

2459761.500000000, A.D. 2022-Jul-01, -3.872569931409010E+01, -2.132770274722272E+01,  2.367712778907888E+01,  1.371857371146652E-03, -2.958355234938028E-03, -1.109069554872255E-04,  2.896499932118300E-01,  5.015134167875852E+01,  1.464133682378918E-04

2459945.500000000, A.D. 2023-Jan-01, -3.848476392367164E+01, -2.166441254849924E+01,  2.366383277499601E+01,  2.428695297603577E-03, -1.702017591759845E-03, -2.106561179681572E-04,  2.893759936022777E-01,  5.010390011700970E+01, -1.229035761745809E-03

2460126.500000000, A.D. 2023-Jul-01, -3.824679985201751E+01, -2.198807670381630E+01,  2.364931163185168E+01,  2.005225709846379E-03, -8.819327097466912E-04, -1.413080202433895E-04,  2.890981929796962E-01,  5.005580043025615E+01, -1.211513934422264E-03

2460310.500000000, A.D. 2024-Jan-01, -3.800634599768837E+01, -2.231082432679446E+01,  2.363333909774032E+01,  4.166887318401548E-04, -1.081526325184139E-03,  3.968134580189241E-05,  2.888215358176658E-01,  5.000789872755970E+01,  1.845854488270207E-04

2460492.500000000, A.D. 2024-Jul-01, -3.776968494110888E+01, -2.263444639635546E+01,  2.361597993779575E+01,  2.864945168166813E-04, -2.243097508549131E-03,  1.084189461723853E-05,  2.885784286952694E-01,  4.996580603415187E+01,  8.046803972264469E-04

2460676.500000000, A.D. 2025-Jan-01, -3.752525106578575E+01, -2.296683402822648E+01,  2.359604700429432E+01,  1.806408467821045E-03, -2.822447014692345E-03, -2.033914730640630E-04,  2.883362594061049E-01,  4.992387572153451E+01, -1.554866041337340E-04

2460857.500000000, A.D. 2025-Jul-01, -3.727689020617822E+01, -2.328885257546076E+01,  2.357407218281065E+01,  2.445686188962174E-03, -2.132491293676784E-03, -2.690981297152019E-04,  2.880631509948441E-01,  4.987658846598651E+01, -9.593286227788582E-04

2461041.500000000, A.D. 2026-Jan-01, -3.701833783780786E+01, -2.360921931054351E+01,  2.354963377495989E+01,  1.755921840716560E-03, -6.634550339103519E-04, -1.466520227084458E-04,  2.877540262599150E-01,  4.982306517730668E+01, -1.059574591756425E-03

2461222.500000000, A.D. 2026-Jul-01, -3.676706241381934E+01, -2.392195375677290E+01,  2.352450707310020E+01,  8.570538417520627E-04, -7.321432168730854E-04, -4.636099704626822E-05,  2.874722801266859E-01,  4.977428234656135E+01, -3.031219096683184E-04

2461406.500000000, A.D. 2027-Jan-01, -3.651444949886405E+01, -2.424012884633417E+01,  2.349773847567040E+01,  4.079024258343972E-04, -2.282573865646858E-03, -4.806976792513766E-05,  2.872141854062360E-01,  4.972959463099389E+01,  7.903949656603914E-04

2461587.500000000, A.D. 2027-Jul-01, -3.625897750167529E+01, -2.455621703002252E+01,  2.346890765003494E+01,  1.147797183164214E-03, -2.841151034833517E-03, -1.652518016511690E-04,  2.869514929734305E-01,  4.968411084620949E+01,  4.885201626891141E-04

2461771.500000000, A.D. 2028-Jan-01, -3.599043028536880E+01, -2.487835364967429E+01,  2.343691126807868E+01,  2.556924474338930E-03, -1.998838361444291E-03, -3.213339930044495E-04,  2.866619841354060E-01,  4.963398394479379E+01, -1.003910561178945E-03

2461953.500000000, A.D. 2028-Jul-01, -3.572036105223447E+01, -2.518814293883016E+01,  2.340342766954343E+01,  2.246521482995906E-03, -8.582984631679094E-04, -2.559164534432535E-04,  2.863461662960712E-01,  4.957930178101019E+01, -1.303304685547593E-03

2462137.500000000, A.D. 2029-Jan-01, -3.544892981865847E+01, -2.549407637627956E+01,  2.336841123378541E+01,  6.493012127264220E-04, -9.105784365661193E-04, -6.927106768343821E-05,  2.860285554860222E-01,  4.952430917397089E+01, -2.870169685629728E-05

2462318.500000000, A.D. 2029-Jul-01, -3.518206222607827E+01, -2.579816002780985E+01,  2.333231712671529E+01,  3.624858491428060E-04, -1.772831985255839E-03, -6.948458138623699E-05,  2.857404985305206E-01,  4.947443365822131E+01,  6.338944167762647E-04

2462502.500000000, A.D. 2030-Jan-01, -3.490831810588593E+01, -2.611127059379978E+01,  2.329359216449425E+01,  1.604868920167564E-03, -2.815893983040347E-03, -2.641963254918388E-04,  2.854637537176754E-01,  4.942651677925671E+01,  2.296179106547587E-04

2462683.500000000, A.D. 2030-Jul-01, -3.463006780021666E+01, -2.641536191470284E+01,  2.325292502817769E+01,  2.432646341364550E-03, -2.365834175428247E-03, -3.609485487265570E-04,  2.851557389240308E-01,  4.937318567095290E+01, -6.104822059637638E-04

2462867.500000000, A.D. 2031-Jan-01, -3.433947074901450E+01, -2.671792719547979E+01,  2.320920490519786E+01,  2.262287926452372E-03, -7.369127171574264E-04, -2.979451784023290E-04,  2.848047453305412E-01,  4.931241301413713E+01, -1.316343218233321E-03

2463048.500000000, A.D. 2031-Jul-01, -3.405614707313006E+01, -2.701026876832883E+01,  2.316505990897434E+01,  1.389638985950600E-03, -4.918345887345198E-04, -1.915256014496734E-04,  2.844696815223585E-01,  4.925439851414689E+01, -7.812067235668604E-04

2463232.500000000, A.D. 2032-Jan-01, -3.377150827820152E+01, -2.730471779704541E+01,  2.311902770855927E+01,  4.538753628347237E-04, -1.796796027012958E-03, -1.260747578491338E-04,  2.841503266400499E-01,  4.919910393035684E+01,  6.263981373879679E-04

2463414.500000000, A.D. 2032-Jul-01, -3.348564716304460E+01, -2.760027110401663E+01,  2.307117127655819E+01,  1.215717674845642E-03, -2.686537937735148E-03, -2.569695614915442E-04,  2.838443971234852E-01,  4.914613387658704E+01,  5.597895778742124E-04

2463598.500000000, A.D. 2033-Jan-01, -3.318750747543242E+01, -2.789929425268598E+01,  2.301996442838735E+01,  2.688957990607880E-03, -1.967924825084876E-03, -4.254777165862375E-04,  2.835126612338082E-01,  4.908869558782407E+01, -8.989968265534234E-04

2463779.500000000, A.D. 2033-Jul-01, -3.289077077302588E+01, -2.818480379221124E+01,  2.296776698107172E+01,  2.637212091871373E-03, -1.031605707820483E-03, -3.989632454506832E-04,  2.831597274589334E-01,  4.902758699901501E+01, -1.363061755101549E-03

2463963.500000000, A.D. 2034-Jan-01, -3.258847616815574E+01, -2.846648712204386E+01,  2.291318498881542E+01,  1.107608660980108E-03, -5.409791460104397E-04, -2.043383329711252E-04,  2.827860166895635E-01,  4.896288098512606E+01, -5.183017026750411E-04

2464144.500000000, A.D. 2034-Jul-01, -3.229354492373399E+01, -2.874500413816603E+01,  2.285806282585327E+01,  5.473849418786227E-04, -1.252859704338974E-03, -1.667536903749212E-04,  2.824481998416921E-01,  4.890438981109020E+01,  2.970038252129629E-04

2464328.500000000, A.D. 2035-Jan-01, -3.199404966629238E+01, -2.903138481832069E+01,  2.280024767738415E+01,  1.369122978097570E-03, -2.645216518761148E-03, -3.210981618445844E-04,  2.821322564086658E-01,  4.884968590143304E+01,  5.254771249993930E-04

2464509.500000000, A.D. 2035-Jul-01, -3.169097340571842E+01, -2.931124334678615E+01,  2.274070114154296E+01,  2.290074219256939E-03, -2.489361712651500E-03, -4.390488609581248E-04,  2.817959539755285E-01,  4.879145694018001E+01, -1.966055899342599E-04

2464693.500000000, A.D. 2036-Jan-01, -3.137466390249128E+01, -2.959111919861749E+01,  2.267758552192693E+01,  2.657212618707012E-03, -8.880912223986799E-04, -4.436167847968674E-04,  2.814210875307639E-01,  4.872655082729936E+01, -1.378092560303245E-03

2464875.500000000, A.D. 2036-Jul-01, -3.106349539709527E+01, -2.986010231487474E+01,  2.261391803944666E+01,  1.627649614795915E-03, -3.469253874397536E-04, -3.089223150482698E-04,  2.810462257932939E-01,  4.866164552946147E+01, -9.697001026651900E-04

2465059.500000000, A.D. 2037-Jan-01, -3.075342051015578E+01, -3.012979857600170E+01,  2.254847080075168E+01,  5.784455791113162E-04, -1.563925700054125E-03, -2.269089762496993E-04,  2.806932314021374E-01,  4.860052644526863E+01,  4.982484252652566E-04

2465240.500000000, A.D. 2037-Jul-01, -3.044425559423144E+01, -3.039888484228944E+01,  2.248179347352956E+01,  1.016999853491991E-03, -2.370715984251555E-03, -3.153606739212838E-04,  2.803581955640650E-01,  4.854251678815287E+01,  7.007350963632379E-04

2465424.500000000, A.D. 2038-Jan-01, -3.012319836712883E+01, -3.067490635481360E+01,  2.241140708395849E+01,  2.638345145738906E-03, -2.177644643796195E-03, -5.185694532673616E-04,  2.800160538049957E-01,  4.848327677895628E+01, -5.011670290520013E-04

2465605.500000000, A.D. 2038-Jul-01, -2.980173132433536E+01, -3.093867337064876E+01,  2.234005453061543E+01,  2.894547634779347E-03, -1.271105838970115E-03, -5.308891974291128E-04,  2.796462042849268E-01,  4.841923931965922E+01, -1.214316808611492E-03

2465789.500000000, A.D. 2039-Jan-01, -2.947184282038619E+01, -3.119808745186366E+01,  2.226572234508314E+01,  1.612295701612513E-03, -2.935907504858054E-04, -3.514102791385956E-04,  2.792433292681083E-01,  4.834948367285855E+01, -9.551758526767225E-04

2465970.500000000, A.D. 2039-Jul-01, -2.915028784713939E+01, -3.145283534608577E+01,  2.219131883294088E+01,  8.499763608680363E-04, -7.742736370603490E-04, -2.815258825621928E-04,  2.788729085034077E-01,  4.828534730561955E+01, -1.381658278386125E-04

2466154.500000000, A.D. 2040-Jan-01, -2.882490787885158E+01, -3.171360357542081E+01,  2.211411756945886E+01,  1.167341837787146E-03, -2.356818646204573E-03, -3.794904175175198E-04,  2.785250623696602E-01,  4.822511961456470E+01,  6.781236803445036E-04

2466336.500000000, A.D. 2040-Jul-01, -2.849412668143413E+01, -3.197232317209101E+01,  2.203494430291708E+01,  2.350920019634672E-03, -2.408851251370686E-03, -5.363178287034968E-04,  2.781668233702704E-01,  4.816309245460576E+01, -3.713581433541197E-05

2466520.500000000, A.D. 2041-Jan-01, -2.815031046700184E+01, -3.222816536478576E+01,  2.195220928813322E+01,  2.859139813111434E-03, -8.412193655957868E-04, -5.593379924471925E-04,  2.777654536441427E-01,  4.809359744080882E+01, -1.365117702808139E-03

2466701.500000000, A.D. 2041-Jul-01, -2.781307045454675E+01, -3.247205069666160E+01,  2.186949992083769E+01,  2.161684238990776E-03, -2.441381137093557E-04, -4.638887641951851E-04,  2.773617735029552E-01,  4.802370239104501E+01, -1.298117867264748E-03

2466885.500000000, A.D. 2042-Jan-01, -2.747304676982912E+01, -3.271412015414069E+01,  2.178422276139319E+01,  7.713414008342504E-04, -1.034921873400536E-03, -3.266399593646151E-04,  2.769560867813778E-01,  4.795345991265670E+01,  1.157343496900135E-04

2467066.500000000, A.D. 2042-Jul-01, -2.713638610955180E+01, -3.295526771310497E+01,  2.169826444303694E+01,  9.170518180946136E-04, -1.932523341434710E-03, -3.820787916250379E-04,  2.765772534200143E-01,  4.788786694945867E+01,  6.371322663832275E-04

2467250.500000000, A.D. 2043-Jan-01, -2.678924904740729E+01, -3.320296174477323E+01,  2.160844797796485E+01,  2.504485009725569E-03, -2.278113847195317E-03, -5.983222264797312E-04,  2.762017815602348E-01,  4.782285601221763E+01, -9.162899945164637E-05

2467431.500000000, A.D. 2043-Jul-01, -2.644074269477552E+01, -3.343912613201142E+01,  2.151773035343819E+01,  3.038107594665017E-03, -1.495290842826722E-03, -6.491726761756256E-04,  2.757954085246175E-01,  4.775249470223696E+01, -9.276441988474481E-04

2467615.500000000, A.D. 2044-Jan-01, -2.608172990205207E+01, -3.366992805467008E+01,  2.142343941282432E+01,  2.143779572643605E-03, -1.336835141866776E-04, -5.060414345211907E-04,  2.753465536087469E-01,  4.767477788270450E+01, -1.305795564364737E-03

2467797.500000000, A.D. 2044-Jul-01, -2.573125968396540E+01, -3.389401362543693E+01,  2.132910345293850E+01,  1.056196562298683E-03, -5.204629451198534E-04, -3.937152019149135E-04,  2.749190732599269E-01,  4.760076195473262E+01, -3.767646021734802E-04

2467981.500000000, A.D. 2045-Jan-01, -2.537958838496997E+01, -3.412226722381691E+01,  2.123219731573115E+01,  1.227170651465485E-03, -2.120121931766545E-03, -4.747667137999594E-04,  2.745199814048402E-01,  4.753166134208033E+01,  6.546781590529523E-04

2468162.500000000, A.D. 2045-Jul-01, -2.502619307764733E+01, -3.434636034154066E+01,  2.113418316844642E+01,  2.122593723639705E-03, -2.348407203821398E-03, -6.021335813723795E-04,  2.741173506535955E-01,  4.746194798855272E+01,  3.121068334760779E-04

2468346.500000000, A.D. 2046-Jan-01, -2.465869940297819E+01, -3.457103396502654E+01,  2.103180558184528E+01,  3.106419794434357E-03, -1.027350066444719E-03, -6.921486867957124E-04,  2.736855184369424E-01,  4.738717855802341E+01, -1.174175297980080E-03

2468527.500000000, A.D. 2046-Jul-01, -2.429724684612914E+01, -3.478292923073614E+01,  2.092959439292594E+01,  2.635387955222768E-03, -2.235953785504414E-04, -6.187309071780781E-04,  2.732410047358138E-01,  4.731021339652283E+01, -1.462795270029666E-03

2468711.500000000, A.D. 2047-Jan-01, -2.393227495057848E+01, -3.499060058923142E+01,  2.082440973010855E+01,  1.055986958850435E-03, -5.021083603410255E-04, -4.426494293784168E-04,  2.727825643396276E-01,  4.723083690252216E+01, -3.582619184437621E-04

2468892.500000000, A.D. 2047-Jul-01, -2.357387724670905E+01, -3.519740942135588E+01,  2.071914517135913E+01,  8.899361759902407E-04, -1.393591415255323E-03, -4.598603500398682E-04,  2.723613626230173E-01,  4.715790808601790E+01,  3.932245691173656E-04

2469076.500000000, A.D. 2048-Jan-01, -2.320740329689590E+01, -3.541077673562984E+01,  2.060995657152381E+01,  2.264282419780537E-03, -2.243777249790540E-03, -6.659255428229010E-04,  2.719574380932132E-01,  4.708797072167684E+01,  2.799246436709109E-04

2469258.500000000, A.D. 2048-Jul-01, -2.283623092423916E+01, -3.561671448643267E+01,  2.049924955311896E+01,  3.126506278164243E-03, -1.415330639900080E-03, -7.561308377129848E-04,  2.715269529252738E-01,  4.701343452540228E+01, -7.761251045462968E-04

2469442.500000000, A.D. 2049-Jan-01, -2.245649030987389E+01, -3.581510328298453E+01,  2.038527185593546E+01,  2.352985827380815E-03,  2.081772010058165E-05, -6.256562614542441E-04,  2.710543044504985E-01,  4.693159797885326E+01, -1.413537319470161E-03

2469623.500000000, A.D. 2049-Jul-01, -2.208695451666285E+01, -3.600667174385660E+01,  2.027199497184428E+01,  1.454608479873956E-03, -9.000803139920796E-05, -5.279572082822187E-04,  2.706043136513964E-01,  4.685368448723595E+01, -8.449650864929819E-04

2469807.500000000, A.D. 2050-Jan-01, -2.171493494438212E+01, -3.620047839705428E+01,  2.015552990475045E+01,  1.086067424775721E-03, -1.655284979429404E-03, -5.412704899387336E-04,  2.701719584199739E-01,  4.677882449950651E+01,  5.435927770766097E-04

2469988.500000000, A.D. 2050-Jul-01, -2.134264984179813E+01, -3.639252014335575E+01,  2.003838478424616E+01,  1.851056290114598E-03, -2.164989568635817E-03, -6.611692642939898E-04,  2.697520178713743E-01,  4.670611404747422E+01,  5.574048848820527E-04

2470172.500000000, A.D. 2051-Jan-01, -2.095612198602490E+01, -3.658673807581691E+01,  1.991655129998496E+01,  3.208019119834242E-03, -1.239079752683718E-03, -8.093461229736022E-04,  2.693161706605588E-01,  4.663064944225547E+01, -8.151963928141348E-04

2470353.500000000, A.D. 2051-Jul-01, -2.057355377263414E+01, -3.676825174741784E+01,  1.979496148428659E+01,  3.024439601849492E-03, -3.173075790833482E-04, -7.674613264717251E-04,  2.688574162767917E-01,  4.655121858299042E+01, -1.412390378408825E-03

2470537.500000000, A.D. 2052-Jan-01, -2.018499421987256E+01, -3.694355684799557E+01,  1.966990341707285E+01,  1.441359500904208E-03, -4.875080422728676E-05, -5.735944537067641E-04,  2.683699784049786E-01,  4.646682133172381E+01, -8.301698176586515E-04

2470719.500000000, A.D. 2052-Jul-01, -1.980373151915841E+01, -3.711790906450791E+01,  1.954478147517720E+01,  9.916418549531156E-04, -1.112860202137857E-03, -5.611060154313644E-04,  2.679196556654413E-01,  4.638885036640180E+01,  2.307050117704357E-04

2470903.500000000, A.D. 2053-Jan-01, -1.941559893836165E+01, -3.729750292025662E+01,  1.941605127667926E+01,  2.285137550881400E-03, -2.078173447521658E-03, -7.607019163890481E-04,  2.674914498249736E-01,  4.631470882344505E+01,  3.967106578603107E-04

2471084.500000000, A.D. 2053-Jul-01, -1.902578607432074E+01, -3.746842241022548E+01,  1.928684232284526E+01,  3.083240512591443E-03, -1.575835899372265E-03, -8.531337303911945E-04,  2.670417249556953E-01,  4.623684137614938E+01, -3.475852705633152E-04

2471268.500000000, A.D. 2054-Jan-01, -1.862288257907795E+01, -3.763380720623549E+01,  1.915312798262956E+01,  2.820224823676115E-03,  4.858660969338181E-05, -7.798106936593931E-04,  2.665486190066460E-01,  4.615146272773176E+01, -1.501253151315083E-03

2471449.500000000, A.D. 2054-Jul-01, -1.823009560717657E+01, -3.778996949726663E+01,  1.902044940889359E+01,  1.931362836859560E-03,  2.528193376856885E-04, -6.735922616668553E-04,  2.660625072255175E-01,  4.606729508194964E+01, -1.249801874852749E-03

2471633.500000000, A.D. 2055-Jan-01, -1.783506830707227E+01, -3.794473650165892E+01,  1.888439602243993E+01,  1.063902612945955E-03, -1.093575613876474E-03, -6.187691197430706E-04,  2.655804833439304E-01,  4.598383523403204E+01,  2.356389279055816E-04

2471814.500000000, A.D. 2055-Jul-01, -1.744227194576654E+01, -3.809853431031799E+01,  1.874818710257167E+01,  1.610260213618664E-03, -1.819529020948959E-03, -7.187819251292380E-04,  2.651224427054878E-01,  4.590452795593901E+01,  6.047101560925074E-04

2471998.500000000, A.D. 2056-Jan-01, -1.703653742983048E+01, -3.825473613306384E+01,  1.860708512821110E+01,  3.184287235055932E-03, -1.385703221653754E-03, -9.095090952968606E-04,  2.646606973461734E-01,  4.582457922531150E+01, -3.963556465194890E-04

2472180.500000000, A.D. 2056-Jul-01, -1.663047890201040E+01, -3.839868008731816E+01,  1.846542276732520E+01,  3.189990479260563E-03, -1.841555262230681E-04, -8.826974111793634E-04,  2.641630979877943E-01,  4.573842256718599E+01, -1.361636838410267E-03

2472364.500000000, A.D. 2057-Jan-01, -1.622164267213747E+01, -3.853355001651892E+01,  1.832087400710767E+01,  1.630940559358625E-03,  2.301255435616733E-04, -6.876951788118103E-04,  2.636339454812650E-01,  4.564680265081432E+01, -1.049871251864682E-03

2472545.500000000, A.D. 2057-Jul-01, -1.582269418298655E+01, -3.866616803093601E+01,  1.817724061565476E+01,  1.105372595403553E-03, -5.024793368386454E-04, -6.558783935720756E-04,  2.631407711229838E-01,  4.556141215770537E+01, -2.191126430643036E-04

2472729.500000000, A.D. 2058-Jan-01, -1.541823294284836E+01, -3.880257688607600E+01,  1.802943648493248E+01,  1.996573768424427E-03, -1.837916744242139E-03, -8.178697598141843E-04,  2.626700695646175E-01,  4.547991270928285E+01,  5.669873556448937E-04

2472910.500000000, A.D. 2058-Jul-01, -1.501302469755226E+01, -3.893279637744180E+01,  1.788141664312282E+01,  2.902121615450531E-03, -1.622581800671004E-03, -9.329122179923012E-04,  2.621919051923434E-01,  4.539712111468755E+01,  6.432635440583052E-05

2473094.500000000, A.D. 2059-Jan-01, -1.459424559014233E+01, -3.905844886598600E+01,  1.772843643991090E+01,  3.175295460144046E-03,  5.191124833936895E-06, -9.259278926972554E-04,  2.616795444950041E-01,  4.530840860995001E+01, -1.389566634001954E-03

2473275.500000000, A.D. 2059-Jul-01, -1.418554401614645E+01, -3.917388635960294E+01,  1.757677400843007E+01,  2.393337049066763E-03,  4.979270274329735E-04, -8.240756193502116E-04,  2.611636778401032E-01,  4.521908906747831E+01, -1.502487493032759E-03

2473459.500000000, A.D. 2060-Jan-01, -1.377477812125182E+01, -3.928538616868565E+01,  1.742150739154316E+01,  1.123520015982856E-03, -4.827826253198412E-04, -7.082782360000943E-04,  2.606413420003025E-01,  4.512864942036343E+01, -1.960885535271318E-04

2473641.500000000, A.D. 2060-Jul-01, -1.336758439381057E+01, -3.939885553641496E+01,  1.726589204554704E+01,  1.598162044405538E-03, -1.540042929244898E-03, -8.098365365534551E-04,  2.601595780520921E-01,  4.504523457851483E+01,  5.623194752554597E-04

2473825.500000000, A.D. 2061-Jan-01, -1.294913605166192E+01, -3.951418898667633E+01,  1.710587520094138E+01,  3.200070710595611E-03, -1.249852128828722E-03, -1.008343276116410E-03,  2.596840432771235E-01,  4.496289828457908E+01, -2.068339092510946E-04

2474006.500000000, A.D. 2061-Jul-01, -1.253352457293757E+01, -3.961817323478548E+01,  1.694648359505474E+01,  3.399767966854466E-03, -3.231533684191491E-04, -1.013744970184268E-03,  2.591832429324824E-01,  4.487618739286306E+01, -1.047052890631521E-03

2474190.500000000, A.D. 2062-Jan-01, -1.210964781667026E+01, -3.971359669302671E+01,  1.678279272855344E+01,  2.059061475346194E-03,  5.895048272514174E-04, -8.297311452986617E-04,  2.586423533221351E-01,  4.478253525996217E+01, -1.390521365703411E-03

2474371.500000000, A.D. 2062-Jul-01, -1.169686433570705E+01, -3.980584014149733E+01,  1.662056628702920E+01,  1.317333345641083E-03,  7.500232295390050E-05, -7.640221896716474E-04,  2.581317355858995E-01,  4.469412453958470E+01, -6.956771538789484E-04

2474555.500000000, A.D. 2063-Jan-01, -1.127985673456651E+01, -3.990013138040373E+01,  1.645416175676825E+01,  1.713984565288410E-03, -1.479813342632801E-03, -8.714249856761816E-04,  2.576421823655498E-01,  4.460936102707277E+01,  5.687747636467593E-04

2474736.500000000, A.D. 2063-Jul-01, -1.086236779985891E+01, -3.999082057661014E+01,  1.628787549729702E+01,  2.633267843962711E-03, -1.572843571455514E-03, -9.973531703668511E-04,  2.571598845987539E-01,  4.452585375740127E+01,  4.054052968207818E-04

2474920.500000000, A.D. 2064-Jan-01, -1.043020837884599E+01, -4.007798458780015E+01,  1.611624462644042E+01,  3.419653941441236E-03, -1.196014405293543E-04, -1.058692849268045E-03,  2.566545365986815E-01,  4.443835546355609E+01, -1.078718394179543E-03

2475102.500000000, A.D. 2064-Jul-01, -1.000367122643350E+01, -4.015314644253849E+01,  1.594516564330952E+01,  2.572774701985252E-03,  7.061310606361752E-04, -9.380920024797613E-04,  2.561230372994932E-01,  4.434632921263150E+01, -1.557030981771347E-03

2475286.500000000, A.D. 2065-Jan-01, -9.577760509322532E+00, -4.022250594231931E+01,  1.577127408170789E+01,  1.220978966759183E-03, -1.524482759832084E-04, -8.080509938587734E-04,  2.555832660524898E-01,  4.425287071834099E+01, -4.136768043042353E-04

2475467.500000000, A.D. 2065-Jul-01, -9.157577641960469E+00, -4.029227249730461E+01,  1.559825704388284E+01,  1.409320993607337E-03, -1.032854235466549E-03, -8.684819482088242E-04,  2.550814457315723E-01,  4.416598322320725E+01,  3.433247062845489E-04

2475651.500000000, A.D. 2066-Jan-01, -8.726542325385894E+00, -4.036406177254786E+01,  1.542006880042684E+01,  3.007396290678627E-03, -1.282403525011882E-03, -1.083259206805471E-03,  2.545941600867790E-01,  4.408161232923210E+01,  1.999680165422504E-04

2475832.500000000, A.D. 2066-Jul-01, -8.297038932053317E+00, -4.042540039104736E+01,  1.524262754686695E+01,  3.491606507970868E-03, -4.637380285272868E-04, -1.127074292984177E-03,  2.540828700904145E-01,  4.399308521062154E+01, -6.228881922394634E-04

2476016.500000000, A.D. 2067-Jan-01, -7.857324563535538E+00, -4.047676093821940E+01,  1.506040161331795E+01,  2.517974551472998E-03,  8.542579280952148E-04, -9.756740696115886E-04,  2.535262712723773E-01,  4.389671311272557E+01, -1.573151510990157E-03

2476197.500000000, A.D. 2067-Jul-01, -7.429917459137489E+00, -4.052264646771416E+01,  1.488014449813998E+01,  1.639990090102459E-03,  6.240634116555846E-04, -8.843550634093559E-04,  2.529853222812009E-01,  4.380305069835283E+01, -1.155924583588798E-03

2476381.500000000, A.D. 2068-Jan-01, -7.000022159235248E+00, -4.056720731780589E+01,  1.469571409944168E+01,  1.492725128963764E-03, -9.681959622333266E-04, -9.259916855301877E-04,  2.524544158760071E-01,  4.371112710384116E+01,  3.481902500162043E-04

2476563.500000000, A.D. 2068-Jul-01, -6.569237679043882E+00, -4.061125843829837E+01,  1.451079665103748E+01,  2.598406069323753E-03, -1.331988655880734E-03, -1.083617545739312E-03,  2.519471762540767E-01,  4.362330128582420E+01,  4.882719556577543E-04

2476747.500000000, A.D. 2069-Jan-01, -6.126102483142958E+00, -4.064972027195190E+01,  1.432126693897211E+01,  3.502154846053462E-03,  5.019503484444379E-05, -1.161856490091377E-03,  2.514193699667048E-01,  4.353191446007403E+01, -9.219495871336493E-04

2476928.500000000, A.D. 2069-Jul-01, -5.692006736254725E+00, -4.067679829953961E+01,  1.413359217641216E+01,  2.980741899031540E-03,  8.356123174666653E-04, -1.082801784420512E-03,  2.508702802532056E-01,  4.343684252332501E+01, -1.525440424354891E-03

2477112.500000000, A.D. 2070-Jan-01, -5.254963272715196E+00, -4.069503387103720E+01,  1.394179704748069E+01,  1.410797909710780E-03,  4.797267497027580E-04, -9.102956789812690E-04,  2.502922090503897E-01,  4.333675259725389E+01, -9.144050433722711E-04

2477293.500000000, A.D. 2070-Jul-01, -4.826942302817163E+00, -4.071384896817545E+01,  1.375154823075651E+01,  1.285570935403349E-03, -4.101152689916021E-04, -9.324521660763114E-04,  2.497550731475029E-01,  4.324375039865241E+01, -5.389603175695702E-05

2477477.500000000, A.D. 2071-Jan-01, -4.391036999032383E+00, -4.073429224854379E+01,  1.355619928513256E+01,  2.696059348978876E-03, -1.173667023132303E-03, -1.140190705173448E-03,  2.492411743394227E-01,  4.315477157829565E+01,  4.753436525597593E-04

2477658.500000000, A.D. 2071-Jul-01, -3.956508580592801E+00, -4.074685700262030E+01,  1.336180026381862E+01,  3.407568210595731E-03, -5.580964193128719E-04, -1.218303213765721E-03,  2.487162458900469E-01,  4.306388303474821E+01, -1.630164671913728E-04

2477842.500000000, A.D. 2072-Jan-01, -3.510707577416552E+00, -4.074981510624976E+01,  1.316220534956087E+01,  2.909000376389721E-03,  1.013443249484516E-03, -1.117349847034062E-03,  2.481535413170647E-01,  4.296645375815509E+01, -1.541134002073993E-03

2478024.500000000, A.D. 2072-Jul-01, -3.075902055740817E+00, -4.074528342306905E+01,  1.296402611257715E+01,  1.743329358273391E-03,  9.574885245825720E-04, -9.848132185691573E-04,  2.475876038498110E-01,  4.286846472327085E+01, -1.332975097564476E-03

2478208.500000000, A.D. 2073-Jan-01, -2.642076894435287E+00, -4.073950028096167E+01,  1.276266843041918E+01,  1.451243956329514E-03, -6.170901435729510E-04, -1.007571574402666E-03,  2.470391911861420E-01,  4.277351001406598E+01,  1.974667037020726E-04

2478389.500000000, A.D. 2073-Jul-01, -2.210588418512412E+00, -4.073339110095554E+01,  1.256232467853438E+01,  2.233962132430569E-03, -1.075639499682343E-03, -1.127709590817678E-03,  2.465211417884085E-01,  4.268381254138832E+01,  5.788943890600778E-04

2478573.500000000, A.D. 2074-Jan-01, -1.765633308070237E+00, -4.072426951362029E+01,  1.235626008799870E+01,  3.529583793358324E-03, -6.844113422353249E-05, -1.265347610802807E-03,  2.460032356644476E-01,  4.259413987579534E+01, -4.479418941123134E-04

2478754.500000000, A.D. 2074-Jul-01, -1.327772954562562E+00, -4.070422446552913E+01,  1.215221197548099E+01,  3.286968120013088E-03,  8.492350041503780E-04, -1.215819601044830E-03,  2.454611004471118E-01,  4.250027207272998E+01, -1.263678901375465E-03

2478938.500000000, A.D. 2075-Jan-01, -8.851851083712932E-01, -4.067323098219965E+01,  1.194373887192757E+01,  1.682004573298894E-03,  1.037659954208961E-03, -1.021197762339644E-03,  2.448811715019738E-01,  4.239986048854690E+01, -1.318183295062848E-03

2479119.500000000, A.D. 2075-Jul-01, -4.533557630851388E-01, -4.064238351044466E+01,  1.173746393145308E+01,  1.264107319168580E-03,  2.417972479194622E-04, -1.003562507748089E-03,  2.443376650486069E-01,  4.230575526332261E+01, -5.242687530246421E-04

2479303.500000000, A.D. 2076-Jan-01, -1.553146814879836E-02, -4.061180621394638E+01,  1.152621944630554E+01,  2.335138348264191E-03, -9.445703571314517E-04, -1.181918329473025E-03,  2.438180590740860E-01,  4.221578827772885E+01,  5.851220869490656E-04

2479485.500000000, A.D. 2076-Jul-01,  4.248534284338910E-01, -4.057611278269130E+01,  1.131489074489572E+01,  3.377675938683823E-03, -3.727403962053371E-04, -1.301589820435638E-03,  2.433014255830886E-01,  4.212633596170290E+01,  4.348887466854678E-05

2479669.500000000, A.D. 2077-Jan-01,  8.745034880037171E-01, -4.052871310435847E+01,  1.109938600416253E+01,  3.017354565313365E-03,  1.242176415451493E-03, -1.215695683202521E-03,  2.427461905653974E-01,  4.203019999851687E+01, -1.456062548561317E-03

2479850.500000000, A.D. 2077-Jul-01,  1.311266971297504E+00, -4.047434006823733E+01,  1.088669774676906E+01,  2.109364220587457E-03,  1.404706292210366E-03, -1.107505446937716E-03,  2.421872427937942E-01,  4.193342119191855E+01, -1.577398068357013E-03

2480034.500000000, A.D. 2078-Jan-01,  1.749104424769277E+00, -4.041386031608258E+01,  1.066975839562476E+01,  1.306999854513490E-03,  2.082514262270343E-05, -1.060881287748403E-03,  2.416199132203687E-01,  4.183519112132258E+01, -2.360427175865292E-04

2480215.500000000, A.D. 2078-Jul-01,  2.182423155219209E+00, -4.035422470408651E+01,  1.045441920959629E+01,  1.882993666267705E-03, -6.655042033958504E-04, -1.162249529057971E-03,  2.410904540011606E-01,  4.174351809929679E+01,  4.507227037275771E-04

2480399.500000000, A.D. 2079-Jan-01,  2.627617803114254E+00, -4.029158704765256E+01,  1.023335086479737E+01,  3.421979779132345E-03, -1.370245067051849E-04, -1.344540520709827E-03,  2.405722007292790E-01,  4.165378532690463E+01,  1.808803024370203E-05

2480580.500000000, A.D. 2079-Jul-01,  3.066974060313876E+00, -4.021823858474777E+01,  1.001446494429834E+01,  3.480838064010307E-03,  8.181456977339452E-04, -1.330738091607418E-03,  2.400283845627496E-01,  4.155962647650858E+01, -8.555266685714426E-04

2480764.500000000, A.D. 2080-Jan-01,  3.512113957949362E+00, -4.013151825656608E+01,  9.790877581336089E+00,  2.015105130706353E-03,  1.536752727553489E-03, -1.136449934471446E-03,  2.394392951210061E-01,  4.145762880150563E+01, -1.585275988304761E-03

2480946.500000000, A.D. 2080-Jul-01,  3.945363999121835E+00, -4.004273849800582E+01,  9.569064307499058E+00,  1.268291118453555E-03,  6.558037745209427E-04, -1.080734218647934E-03,  2.388687489960899E-01,  4.135884180228329E+01, -7.639944154772502E-04

2481130.500000000, A.D. 2081-Jan-01,  4.380985491423184E+00, -3.995398574604325E+01,  9.343443942895766E+00,  2.220501503066246E-03, -6.188754699370558E-04, -1.246975026136156E-03,  2.383277248226257E-01,  4.126516637050096E+01,  5.526085879170188E-04

2481311.500000000, A.D. 2081-Jul-01,  4.814691382786158E+00, -3.986067165081263E+01,  9.119458277426210E+00,  3.102429933482977E-03, -3.447484810650227E-04, -1.355856556703831E-03,  2.377956258188476E-01,  4.117303628394546E+01,  3.962416388420134E-04

2481495.500000000, A.D. 2082-Jan-01,  5.260016510053605E+00, -3.975703638074834E+01,  8.889881073297259E+00,  3.275220837405448E-03,  1.304499243464343E-03, -1.334335740032462E-03,  2.372409504692190E-01,  4.107699722428055E+01, -1.131956992598779E-03

2481676.500000000, A.D. 2082-Jul-01,  5.692285469954583E+00, -3.964547252912905E+01,  8.663499479370381E+00,  2.455681418992970E-03,  1.762003632661440E-03, -1.227443849807884E-03,  2.366709762766349E-01,  4.097830925207180E+01, -1.623077850756809E-03

2481860.500000000, A.D. 2083-Jan-01,  6.124474946778060E+00, -3.952484075137554E+01,  8.432915438197407E+00,  1.228429543111204E-03,  7.216083188862924E-04, -1.117177297047961E-03,  2.360793043064285E-01,  4.087586442612677E+01, -7.441807049398641E-04

2482041.500000000, A.D. 2083-Jul-01,  6.549121199609495E+00, -3.940686473688994E+01,  8.204611527514846E+00,  1.529956750744050E-03, -1.188513256064507E-04, -1.188911825587111E-03,  2.355326640388587E-01,  4.078121659779345E+01,  1.213517164569834E-04

2482225.500000000, A.D. 2084-Jan-01,  6.982933806155610E+00, -3.928671337408061E+01,  7.970749083792159E+00,  3.138129466979315E-03, -1.322798237551882E-04, -1.395938778245344E-03,  2.350103796075090E-01,  4.069078585177593E+01,  3.928042133322502E-04

2482407.500000000, A.D. 2084-Jul-01,  7.415579872458399E+00, -3.915725582817242E+01,  7.737844954563741E+00,  3.454427955709934E-03,  1.031171713881448E-03, -1.406536452935360E-03,  2.344715163419347E-01,  4.059748456959643E+01, -6.316851758587034E-04

2482591.500000000, A.D. 2085-Jan-01,  7.850495488053796E+00, -3.901388203662177E+01,  7.501611129978742E+00,  2.052449458729374E-03,  1.875624321594805E-03, -1.215147130495115E-03,  2.338897704753675E-01,  4.049675839521990E+01, -1.634160477866802E-03

2482772.500000000, A.D. 2085-Jul-01,  8.271652736129681E+00, -3.887012938059596E+01,  7.268724369935016E+00,  1.326452721746135E-03,  1.328065141333539E-03, -1.150394485955602E-03,  2.333296218680514E-01,  4.039977167036317E+01, -1.213175371864169E-03

2482956.500000000, A.D. 2086-Jan-01,  8.694758034375884E+00, -3.872335612932946E+01,  7.031207561242028E+00,  1.793726893934147E-03, -1.951176498127175E-04, -1.263361483007212E-03,  2.327852742388917E-01,  4.030552080006520E+01,  3.540129110898460E-04

2483137.500000000, A.D. 2086-Jul-01,  9.115706161578423E+00, -3.857527519631635E+01,  6.795731179591812E+00,  2.703603741378766E-03, -2.304024922288614E-04, -1.384089067094979E-03,  2.322684794173408E-01,  4.021604055051982E+01,  5.999397073538362E-04

2483321.500000000, A.D. 2087-Jan-01,  9.548631655631169E+00, -3.841806883072356E+01,  6.554578954960052E+00,  3.396387447424187E-03,  1.270477173752741E-03, -1.430002737033901E-03,  2.317478014692047E-01,  4.012588795844822E+01, -6.417675463331119E-04

2483502.500000000, A.D. 2087-Jul-01,  9.970244146647229E+00, -3.825241749439695E+01,  6.316906784897582E+00,  2.763407708148038E-03,  1.975874067748942E-03, -1.337032048621846E-03,  2.312052252189912E-01,  4.003194379290724E+01, -1.410773789567850E-03

2483686.500000000, A.D. 2088-Jan-01,  1.039241968054512E+01, -3.807463997495329E+01,  6.075056929400683E+00,  1.254619727243556E-03,  1.401911427357982E-03, -1.176112428297180E-03,  2.306296098578818E-01,  3.993227908264631E+01, -1.189105384829847E-03

2483868.500000000, A.D. 2088-Jul-01,  1.080638430873612E+01, -3.789956041259087E+01,  5.834964497351243E+00,  1.397977580353312E-03,  2.666033085678322E-04, -1.236336166175341E-03,  2.300948985251565E-01,  3.983969668535483E+01, -5.549848596627204E-05

2484052.500000000, A.D. 2089-Jan-01,  1.122742699620403E+01, -3.772237730310923E+01,  5.590635074931146E+00,  2.993880919515874E-03,  1.120722012796366E-04, -1.445036460479670E-03,  2.295932400801681E-01,  3.975283721816936E+01,  5.359938954767625E-04

2484233.500000000, A.D. 2089-Jul-01,  1.164413398876665E+01, -3.753740599992651E+01,  5.349061054113503E+00,  3.419474355652974E-03,  9.622369304756782E-04, -1.477725227757457E-03,  2.290817800141065E-01,  3.966428065290361E+01, -1.060778905915761E-04

2484417.500000000, A.D. 2090-Jan-01,  1.206772916328350E+01, -3.733709641872797E+01,  5.102612723509259E+00,  2.361654591417917E-03,  2.230324103932880E-03, -1.314425887647472E-03,  2.285329263412596E-01,  3.956924958532662E+01, -1.553757653476387E-03

2484598.500000000, A.D. 2090-Jul-01,  1.247655341268068E+01, -3.713459804175743E+01,  4.860103300944236E+00,  1.483744359881628E-03,  1.957969520218179E-03, -1.221300706061987E-03,  2.279876889605870E-01,  3.947484465932978E+01, -1.523300305964680E-03

2484782.500000000, A.D. 2091-Jan-01,  1.288491949755570E+01, -3.692578552683062E+01,  4.613333141322151E+00,  1.409378543043883E-03,  3.664626801701600E-04, -1.268612463515547E-03,  2.274423486479090E-01,  3.938042191120869E+01, -3.109984923574680E-05

2484963.500000000, A.D. 2091-Jul-01,  1.328948824198040E+01, -3.671782879295895E+01,  4.369123724083571E+00,  2.239442978591231E-03,  3.376599021044526E-05, -1.387872009691583E-03,  2.269344169622004E-01,  3.929247626606308E+01,  5.715458758414607E-04

2485147.500000000, A.D. 2092-Jan-01,  1.370461283217876E+01, -3.650122597851595E+01,  4.119359947743739E+00,  3.367517373659108E-03,  1.224688229201712E-03, -1.496253283099310E-03,  2.264360471660426E-01,  3.920618621077141E+01, -1.202796369025689E-04

2485329.500000000, A.D. 2092-Jul-01,  1.411228662695020E+01, -3.627371154511678E+01,  3.871922211654438E+00,  2.754647722531978E-03,  2.268377033743405E-03, -1.394314781083394E-03,  2.259055117280468E-01,  3.911432684723897E+01, -1.247797374666800E-03

2485513.500000000, A.D. 2093-Jan-01,  1.451585705344310E+01, -3.603360468134835E+01,  3.621979723217987E+00,  1.191194313490691E-03,  1.832703939769545E-03, -1.221394748002090E-03,  2.253377159925930E-01,  3.901601606318982E+01, -1.362814435264042E-03

2485694.500000000, A.D. 2093-Jul-01,  1.490827413621468E+01, -3.579724272045794E+01,  3.375568080051546E+00,  1.099368760921977E-03,  9.436260784417664E-04, -1.243913359410027E-03,  2.248074557370563E-01,  3.892420434602317E+01, -5.546275253613022E-04

2485878.500000000, A.D. 2094-Jan-01,  1.530520535862470E+01, -3.555708874433987E+01,  3.124207686375414E+00,  2.533637037553106E-03,  2.655061162884309E-04, -1.448025602053533E-03,  2.243041010552351E-01,  3.883705118453437E+01,  6.389073617106164E-04

2486059.500000000, A.D. 2094-Jul-01,  1.569808773871808E+01, -3.531192253922757E+01,  2.875869796781623E+00,  3.194634272276814E-03,  9.251995941262161E-04, -1.514599316189312E-03,  2.238065488359217E-01,  3.875090268828508E+01,  3.386574598304748E-04

2486243.500000000, A.D. 2095-Jan-01,  1.609799819933108E+01, -3.505163421727139E+01,  2.622658545186557E+00,  2.594504354298847E-03,  2.472055907512466E-03, -1.397779049120349E-03,  2.232849257844561E-01,  3.866058645664467E+01, -1.255779454691287E-03

2486424.500000000, A.D. 2095-Jul-01,  1.648242354568105E+01, -3.478854638291842E+01,  2.373918330693348E+00,  1.659708381068385E-03,  2.502233659710190E-03, -1.286805229795759E-03,  2.227545418920208E-01,  3.856875333241262E+01, -1.626908321741211E-03

2486608.500000000, A.D. 2096-Jan-01,  1.686409540662570E+01, -3.451679273279233E+01,  2.121355410693512E+00,  1.050159894085451E-03,  1.017380336830795E-03, -1.263240254304385E-03,  2.222116581223223E-01,  3.847475592152337E+01, -5.220693578974929E-04

2486790.500000000, A.D. 2096-Jul-01,  1.724185909938003E+01, -3.424862515000366E+01,  1.870578547949416E+00,  1.983022801052296E-03,  3.627859854024634E-04, -1.403633653210873E-03,  2.217189137358843E-01,  3.838943987573127E+01,  4.985868917066925E-04

2486974.500000000, A.D. 2097-Jan-01,  1.762773608646875E+01, -3.397294550261976E+01,  1.615821030800226E+00,  3.204696268097885E-03,  1.443678120898764E-03, -1.525197297479638E-03,  2.212490175264710E-01,  3.830807986915739E+01,  1.300272964431644E-04

2487155.500000000, A.D. 2097-Jul-01,  1.800375745427917E+01, -3.369006057251910E+01,  1.365201516395280E+00,  2.895375234678840E-03,  2.349797897061731E-03, -1.463076532826596E-03,  2.207592622659999E-01,  3.822328137448284E+01, -7.596049653001123E-04

2487339.500000000, A.D. 2098-Jan-01,  1.837972921984783E+01, -3.339143971802540E+01,  1.110751341672647E+00,  1.264938662852962E-03,  2.452288614064162E-03, -1.263040845568349E-03,  2.202310833300926E-01,  3.813183002663890E+01, -1.574515086126964E-03

2487520.500000000, A.D. 2098-Jul-01,  1.874289136271416E+01, -3.309699694571732E+01,  8.605491824298968E-01,  8.738724414058941E-04,  1.637341064304452E-03, -1.244284621708710E-03,  2.197315458925426E-01,  3.804533780050728E+01, -1.022016003328655E-03

2487704.500000000, A.D. 2099-Jan-01,  1.910779073600597E+01, -3.279802744115901E+01,  6.059938316268539E-01,  1.990700100977417E-03,  5.146899558295543E-04, -1.421039824617504E-03,  2.192557080618766E-01,  3.796294903410409E+01,  5.346245431615075E-04

2487885.500000000, A.D. 2099-Jul-01,  1.946969516965765E+01, -3.249704937220933E+01,  3.547634829170074E-01,  2.817724005791212E-03,  9.146644393496326E-04, -1.514140211045982E-03,  2.188039783495065E-01,  3.788473445898773E+01,  6.493161616895309E-04

2488069.500000000, A.D. 2100-Jan-01,  1.983941368944960E+01, -3.218141926104455E+01,  9.879185516366455E-02,  2.746655910447575E-03,  2.573326816144578E-03, -1.456989483291184E-03,  2.183463591023305E-01,  3.780550014253080E+01, -7.529381937228101E-04
