epoch, x, y, z, vx, vy, vz
A.D. 1950-Jan-01, -9.027265359844147E+00,  2.514421865361755E+00,  3.144553408662092E-01, -2.813940695588258E-03, -6.807402518860329E-03,  7.299142974498191E-04
A.D. 1950-Jul-01, -9.287902601533805E+00,  1.492816626192759E+00,  3.492966722394269E-01,  4.508475460889513E-04, -6.371949221511476E-03,  3.063285760422884E-05
A.D. 1951-Jan-01, -9.418216641041310E+00,  4.908045369848221E-01,  3.621065723188536E-01, -6.073511145517973E-04, -3.695735540350644E-03, -3.482409521970080E-04
A.D. 1951-Jul-01, -9.499658913024414E+00, -4.961575906304262E-01,  3.817765364077410E-01, -1.784358549969877E-03, -5.923987767965162E-03,  5.428842363393561E-04
A.D. 1952-Jan-01, -9.457306488869035E+00, -1.552822738096777E+00,  4.090172114951446E-01,  1.664615376110885E-03, -7.002705087957758E-03,  2.331829652275486E-04
A.D. 1952-Jul-01, -9.259297083589914E+00, -2.548229536248799E+00,  4.131683611972822E-01,  2.334009796382938E-03, -3.976964866796063E-03, -5.396286851137668E-04
A.D. 1953-Jan-01, -9.007560990698179E+00, -3.486444989193656E+00,  4.130876867165967E-01, -1.150747716802181E-04, -4.786794192701779E-03,  2.841120948563941E-04
A.D. 1953-Jul-01, -8.676723571619164E+00, -4.430127068143359E+00,  4.258139316622038E-01,  2.220995447056843E-03, -6.753677451232849E-03,  4.457469209739523E-04
A.D. 1954-Jan-01, -8.186789778249560E+00, -5.343422838401263E+00,  4.224790087820625E-01,  4.451931803097250E-03, -4.060491433095576E-03, -5.283681297319407E-04
A.D. 1954-Jul-01, -7.641342971939768E+00, -6.129440518654505E+00,  4.049605540129371E-01,  2.053718486598043E-03, -2.808243556531276E-03, -2.135611968117201E-04
A.D. 1955-Jan-01, -7.055870565962478E+00, -6.900502603062812E+00,  4.016906697692439E-01,  2.741717584908787E-03, -5.528145036150203E-03,  4.804843917806504E-04
A.D. 1955-Jul-01, -6.356779902233913E+00, -7.621559402621600E+00,  3.921923333957955E-01,  5.698637198774462E-03, -4.277723015193267E-03, -2.704461527947111E-04
A.D. 1956-Jan-01, -5.563161749924503E+00, -8.220106194858083E+00,  3.607881068508396E-01,  4.073880560845217E-03, -1.277985827502715E-03, -5.365097231250418E-04
A.D. 1956-Jul-01, -4.785427152135410E+00, -8.733188320046800E+00,  3.395713915073143E-01,  2.922702555770756E-03, -3.367058366647649E-03,  3.663970900488013E-04
A.D. 1957-Jan-01, -3.924049282692961E+00, -9.221669541471934E+00,  3.235771094836150E-01,  6.153876958867376E-03, -3.489415160702751E-03, -9.923081674280279E-05
A.D. 1957-Jul-01, -2.996203972023659E+00, -9.572355756211014E+00,  2.863685962201903E-01,  6.010429067501852E-03, -1.570946754575646E-04, -7.525831153223816E-04
A.D. 1958-Jan-01, -2.077695227014818E+00, -9.801636329094276E+00,  2.485102372172342E-01,  3.301059382220751E-03, -9.606632029302664E-04,  1.339725886327418E-04
A.D. 1958-Jul-01, -1.160815772138922E+00, -9.991855960050083E+00,  2.250039183644163E-01,  5.421086397108723E-03, -2.433257170632945E-03,  2.086102086873435E-04
A.D. 1959-Jan-01, -1.575064688209894E-01, -1.008227899852007E+01,  1.856400295294357E-01,  6.911090430086739E-03,  7.103765837023488E-04, -7.408770598283024E-04
A.D. 1959-Jul-01,  8.028123242649240E-01, -1.001960035094368E+01,  1.372697374740254E-01,  3.970755073254202E-03,  1.842301143904312E-03, -3.105707362168529E-04
A.D. 1960-Jan-01,  1.726899183608874E+00, -9.899130156285883E+00,  1.059183671278150E-01,  4.512113553560074E-03, -6.700643801854912E-04,  3.162648159046317E-04
A.D. 1960-Jul-01,  2.680417203822424E+00, -9.710841997073723E+00,  6.929997537547412E-02,  6.893383230358390E-03,  1.116558166301330E-03, -5.047304897308443E-04
A.D. 1961-Jan-01,  3.625198629957181E+00, -9.363221472256726E+00,  1.489461746958685E-02,  4.308036867911456E-03,  3.802074458459538E-03, -5.589236378872552E-04
A.D. 1961-Jul-01,  4.460164830822309E+00, -8.944328951296034E+00, -2.334335359111471E-02,  3.118816214077808E-03,  1.628777562828405E-03,  2.977934504253082E-04
A.D. 1962-Jan-01,  5.297030054347752E+00, -8.481924742431515E+00, -5.552029617536475E-02,  5.873810757845405E-03,  1.812022406019798E-03, -2.356385984059322E-04
A.D. 1962-Jul-01,  6.105111080713458E+00, -7.899002299196927E+00, -1.051072211449337E-01,  4.917292031537787E-03,  5.060810805572981E-03, -7.965503688739642E-04
A.D. 1963-Jan-01,  6.807168369906162E+00, -7.199984070612624E+00, -1.494674698376610E-01,  1.900371406796919E-03,  3.836061687326533E-03,  1.533362601720986E-04
A.D. 1963-Jul-01,  7.429167782250670E+00, -6.500103938113152E+00, -1.766953133027601E-01,  3.726090033228276E-03,  2.442982998021806E-03,  1.549902331610116E-04
A.D. 1964-Jan-01,  8.043186872399538E+00, -5.710318148026984E+00, -2.171601401642430E-01,  4.440911759669386E-03,  5.556346062625448E-03, -7.524527792641980E-04
A.D. 1964-Jul-01,  8.531241137930525E+00, -4.817325630667902E+00, -2.608283502444900E-01,  9.135372383176224E-04,  6.009700123383419E-03, -1.631374902811604E-04
A.D. 1965-Jan-01,  8.897437823191900E+00, -3.913778874831448E+00, -2.824538445968915E-01,  1.568448092942233E-03,  3.373343193994725E-03,  3.348753490855697E-04
A.D. 1965-Jul-01,  9.221239089062729E+00, -3.000434493175016E+00, -3.082277892905365E-01,  3.241736486403276E-03,  5.139827621641248E-03, -4.781964694292163E-04
A.D. 1966-Jan-01,  9.449617919579216E+00, -1.978932238072348E+00, -3.460645596133604E-01,  3.987996048713615E-05,  7.192621053246733E-03, -4.006376282943323E-04
A.D. 1966-Jul-01,  9.514379850860873E+00, -9.735333083333693E-01, -3.629746482061202E-01, -1.190176081605870E-03,  4.518408306870466E-03,  4.359526633461140E-04
A.D. 1967-Jan-01,  9.510852771837675E+00,  1.034931259655245E-02, -3.716034911165815E-01,  1.235315556840163E-03,  4.573783349572024E-03, -1.527638099497974E-04
A.D. 1967-Jul-01,  9.431996905141251E+00,  1.026232651300603E+00, -3.942368029725471E-01, -3.093596019531433E-04,  7.280609747447099E-03, -6.146814378508358E-04
A.D. 1968-Jan-01,  9.181925970893468E+00,  2.066966295232572E+00, -4.056398957109554E-01, -3.347556022361419E-03,  5.240646765213063E-03,  3.773941498084880E-04
A.D. 1968-Jul-01,  8.833788634044742E+00,  3.010200118487611E+00, -3.983810640331895E-01, -1.418301658432778E-03,  3.585741321802717E-03,  2.672484128854353E-04
A.D. 1969-Jan-01,  8.431616611754896E+00,  3.949332609258493E+00, -4.030157922772610E-01, -1.386449929294083E-03,  6.322844484343076E-03, -5.587797299046816E-04
A.D. 1969-Jul-01,  7.891060844909081E+00,  4.870128058414567E+00, -4.050661258455480E-01, -4.865085811558113E-03,  5.726538293235449E-03,  1.293374579145895E-04
A.D. 1970-Jan-01,  7.214192243670986E+00,  5.692361728883614E+00, -3.832750453435355E-01, -3.918278314530736E-03,  2.605092791468049E-03,  5.395240583569956E-04
A.D. 1970-Jul-01,  6.517289945673032E+00,  6.419940149809284E+00, -3.662963513723766E-01, -2.377938418040557E-03,  3.991539686388691E-03, -2.800693181656753E-04
A.D. 1971-Jan-01,  5.718390591759987E+00,  7.137760961416143E+00, -3.578300500895744E-01, -5.637585105331942E-03,  5.123528833057342E-03, -8.336213891495412E-05
A.D. 1971-Jul-01,  4.805498013594729E+00,  7.725659286576622E+00, -3.275320695211152E-01, -6.352824481715501E-03,  1.774239396659431E-03,  7.007361056314006E-04
A.D. 1972-Jan-01,  3.857000727946264E+00,  8.177078649623299E+00, -2.900765786829851E-01, -3.682461169718519E-03,  1.544372708940754E-03,  3.929853385819358E-05
A.D. 1972-Jul-01,  2.894378982042830E+00,  8.569859224948727E+00, -2.676914489197756E-01, -5.332572455704563E-03,  3.614635271858265E-03, -3.118345712904666E-04
A.D. 1973-Jan-01,  1.818502897769131E+00,  8.861653154248570E+00, -2.309958105265780E-01, -7.496275659780148E-03,  5.979029675001466E-04,  6.860471392543167E-04
A.D. 1973-Jul-01,  7.533451689136862E-01,  8.973557943643645E+00, -1.812229697127243E-01, -4.994133588586884E-03, -1.136338572202990E-03,  4.430399261611530E-04
A.D. 1974-Jan-01, -2.878853508951146E-01,  8.994119437460981E+00, -1.454504496250541E-01, -4.737893518122295E-03,  1.241729849390123E-03, -3.428355842471765E-04
A.D. 1974-Jul-01, -1.356400926417580E+00,  8.934662221325532E+00, -1.084487205725808E-01, -7.540240744466919E-03, -4.176366973530279E-05,  3.966642739700014E-04
A.D. 1975-Jan-01, -2.447327224658562E+00,  8.697501272396861E+00, -5.112383843806418E-02, -5.656752686574889E-03, -3.287571153088705E-03,  6.825549375300942E-04
A.D. 1975-Jul-01, -3.429214480896324E+00,  8.344653197796539E+00, -4.992406598663076E-03, -3.641320972759988E-03, -1.885851983805169E-03, -1.724805296515174E-04
A.D. 1976-Jan-01, -4.395162321515860E+00,  7.933958188382043E+00,  3.006517790591980E-02, -6.335317151007700E-03, -1.185430600765766E-03,  1.116349350470548E-04
A.D. 1976-Jul-01, -5.344208115536618E+00,  7.388331878934526E+00,  8.309514651982011E-02, -5.900701903051986E-03, -4.675057257943841E-03,  8.065238984725371E-04
A.D. 1977-Jan-01, -6.182404110514726E+00,  6.700875322762471E+00,  1.345867681672063E-01, -2.637612318653160E-03, -4.303852447545340E-03,  8.512335369101565E-06
A.D. 1977-Jul-01, -6.911909497579463E+00,  5.994658558037244E+00,  1.665554911477367E-01, -3.916393300919450E-03, -2.353217687346103E-03, -2.357763155264188E-04
A.D. 1978-Jan-01, -7.626968023244062E+00,  5.201133231684827E+00,  2.090678937845257E-01, -5.099837646727392E-03, -5.334365606693296E-03,  7.235971898020770E-04
A.D. 1978-Jul-01, -8.211420830510134E+00,  4.299321500948166E+00,  2.571256948006461E-01, -1.881872486308445E-03, -6.471681960657723E-03,  3.654275805825614E-04
A.D. 1979-Jan-01, -8.654176888273936E+00,  3.362012010652815E+00,  2.848404464299478E-01, -1.363699652740502E-03, -3.651214335569479E-03, -3.925994798214915E-04
A.D. 1979-Jul-01, -9.036363941411059E+00,  2.433839886610030E+00,  3.105870926934721E-01, -3.535224791121148E-03, -4.789880793671088E-03,  3.737821417118951E-04
A.D. 1980-Jan-01, -9.331388531797510E+00,  1.402459256830102E+00,  3.504641004811184E-01, -9.274508789398405E-04, -7.313118109593579E-03,  5.323852648228743E-04
A.D. 1980-Jul-01, -9.451641939876831E+00,  3.684079780084105E-01,  3.728073387941645E-01,  1.207413403188975E-03, -5.014198586267311E-03, -3.715865373427462E-04
A.D. 1981-Jan-01, -9.486470554693719E+00, -6.223280328787032E-01,  3.816440612873169E-01, -1.343647203345477E-03, -4.281387828504493E-03,  6.310028345782438E-05
A.D. 1981-Jul-01, -9.455302159599640E+00, -1.631809591178771E+00,  4.047068488563732E-01, -2.461302706118700E-04, -7.022161959166492E-03,  6.180022532772993E-04
A.D. 1982-Jan-01, -9.263057523026243E+00, -2.670435105486415E+00,  4.203820910304772E-01,  3.058273383361134E-03, -5.708974460763756E-03, -2.412869483512232E-04
A.D. 1982-Jul-01, -8.962561441937165E+00, -3.604686430995296E+00,  4.151447038216611E-01,  1.614327653789629E-03, -3.309151327364532E-03, -4.023980809262063E-04
A.D. 1983-Jan-01, -8.620805432342422E+00, -4.519767817069442E+00,  4.189399898888303E-01,  7.548408251912221E-04, -5.833329966559008E-03,  5.199781643322470E-04
A.D. 1983-Jul-01, -8.163533432129007E+00, -5.425183581002457E+00,  4.251721650615861E-01,  3.974915525630794E-03, -6.072809048629567E-03,  7.378592135824733E-05
A.D. 1984-Jan-01, -7.567571433139284E+00, -6.249049444033342E+00,  4.087356329650975E-01,  4.031760023264083E-03, -2.650887962143317E-03, -6.141823710805845E-04
A.D. 1984-Jul-01, -6.956618284328499E+00, -6.969358930425600E+00,  3.926065745824861E-01,  1.808628552930433E-03, -3.675584233342905E-03,  2.295338730857222E-04
A.D. 1985-Jan-01, -6.272479360804068E+00, -7.687324067950116E+00,  3.883588047926381E-01,  4.568970730421739E-03, -5.261568656566971E-03,  2.094551372717141E-04
A.D. 1985-Jul-01, -5.479374550915244E+00, -8.303082229078656E+00,  3.656550207710434E-01,  6.014454925102334E-03, -2.322722095395187E-03, -6.382842728844417E-04
A.D. 1986-Jan-01, -4.648750481354302E+00, -8.790172722077054E+00,  3.319458356170827E-01,  3.088843782994624E-03, -1.480643307604580E-03, -1.016522471242799E-04
A.D. 1986-Jul-01, -3.823272691758102E+00, -9.229056724828075E+00,  3.142035897745500E-01,  4.130281162525244E-03, -3.738728083798510E-03,  3.762903660419542E-04
A.D. 1987-Jan-01, -2.890515327346852E+00, -9.608438046484041E+00,  2.878405892297521E-01,  6.882356529016172E-03, -1.749542835966697E-03, -5.122375545658346E-04
A.D. 1987-Jul-01, -1.942181437413630E+00, -9.828736324422993E+00,  2.442557301459492E-01,  4.784269076062211E-03,  7.583578851209805E-04, -5.555493478330022E-04
A.D. 1988-Jan-01, -1.020250474108481E+00, -9.967865864727484E+00,  2.126762699098538E-01,  3.809417527220763E-03, -1.618927731354400E-03,  3.425269123621204E-04
A.D. 1988-Jul-01, -6.215443075077475E-02, -1.005981639947275E+01,  1.842921331697200E-01,  6.691417841914229E-03, -1.223783672071608E-03, -2.110344487269448E-04
A.D. 1989-Jan-01,  9.441572126704941E-01, -1.000644166278403E+01,  1.348216840263562E-01,  5.680292626197172E-03,  2.310735383466567E-03, -7.388522431975698E-04
A.D. 1989-Jul-01,  1.865425600842257E+00, -9.839316478418779E+00,  9.244297108484602E-02,  3.317858154931809E-03,  1.092538357778722E-03,  1.345836870796984E-04
A.D. 1990-Jan-01,  2.785587131088355E+00, -9.634173742640083E+00,  6.267967269601644E-02,  5.765421012259644E-03, -1.231010097608594E-04,  2.758293554072135E-05
A.D. 1990-Jul-01,  3.718921398665466E+00, -9.320135128436240E+00,  1.706512357544660E-02,  6.432142096972138E-03,  3.009490541578329E-03, -7.742943285750088E-04
A.D. 1991-Jan-01,  4.594261017231108E+00, -8.857695276586604E+00, -3.434040325456613E-02,  2.997109155392289E-03,  3.507761380294178E-03, -1.265557035835070E-04
A.D. 1991-Jul-01,  5.379049903094097E+00, -8.366833905671614E+00, -6.609151743545137E-02,  3.833858027963486E-03,  1.329431517488663E-03,  2.861718237071000E-04
A.D. 1992-Jan-01,  6.181034052582596E+00, -7.803223949021571E+00, -1.048339413046524E-01,  5.903291186460817E-03,  3.527549617106213E-03, -6.113481802910671E-04
A.D. 1992-Jul-01,  6.908013435765310E+00, -7.105704284164249E+00, -1.560078712546197E-01,  2.964095407007189E-03,  5.633405340001688E-03, -4.894426061738283E-04
A.D. 1993-Jan-01,  7.513802151860893E+00, -6.351083979304698E+00, -1.887212496621841E-01,  2.099588638006794E-03,  2.946961438056105E-03,  3.477143728998955E-04
A.D. 1993-Jul-01,  8.076811740463368E+00, -5.586868226177998E+00, -2.174710551279504E-01,  4.394504774652335E-03,  3.546804641875268E-03, -2.552873655931071E-04
A.D. 1994-Jan-01,  8.595188904387170E+00, -4.700721609274869E+00, -2.627032112421815E-01,  2.598342585054100E-03,  6.740298271704947E-03, -6.697968336987830E-04
A.D. 1994-Jul-01,  8.954666430723110E+00, -3.767953986701028E+00, -2.950035844723539E-01,  3.614267136354328E-05,  4.989703001315742E-03,  2.386996449177144E-04
A.D. 1995-Jan-01,  9.232574147573485E+00, -2.839581089670776E+00, -3.119337328469859E-01,  2.222093064422908E-03,  3.730243454015338E-03,  5.638016676010578E-05
A.D. 1995-Jul-01,  9.459072838888806E+00, -1.870425245441822E+00, -3.417821305283614E-01,  2.211905435978845E-03,  6.597859865450376E-03, -6.859826636146203E-04
A.D. 1996-Jan-01,  9.542092125763412E+00, -8.169715819973169E-01, -3.711461485941824E-01, -1.548377001176415E-03,  6.326195829944977E-03,  5.964873757166346E-05
A.D. 1996-Jul-01,  9.491518462310294E+00,  1.785960686180088E-01, -3.775167905988658E-01, -6.210539047329825E-04,  3.810112674210635E-03,  3.838575786079136E-04
A.D. 1997-Jan-01,  9.392398494445102E+00,  1.174157819185156E+00, -3.897998420187876E-01,  7.855296854035384E-04,  5.946376431930324E-03, -5.147574927216452E-04
A.D. 1997-Jul-01,  9.171703594904409E+00,  2.199005034385957E+00, -4.083998461341089E-01, -2.523197019509817E-03,  7.106373284046503E-03, -2.455852070383062E-04
A.D. 1998-Jan-01,  8.784508376462991E+00,  3.185139886225703E+00, -4.046391438929701E-01, -3.227897475187017E-03,  3.822189581678982E-03,  5.432774556434404E-04
A.D. 1998-Jul-01,  8.346180569470437E+00,  4.079398126759917E+00, -3.965939328873420E-01, -1.120022181542446E-03,  4.135970781938584E-03, -9.837939843125355E-05
A.D. 1999-Jan-01,  7.822284648879999E+00,  4.992168321112201E+00, -4.012864126200904E-01, -3.296249826078685E-03,  6.582464732103237E-03, -3.993756866414988E-04
A.D. 1999-Jul-01,  7.148958720057741E+00,  5.833655200406358E+00, -3.898085524058674E-01, -5.613550232141212E-03,  3.993916382564978E-03,  5.165271289842971E-04
A.D. 2000-Jan-01,  6.388939047219567E+00,  6.555280483131803E+00, -3.621699973716802E-01, -3.237579034788282E-03,  2.393014623203304E-03,  2.459067095694348E-04
A.D. 2000-Jul-01,  5.605793623409126E+00,  7.217331667297192E+00, -3.479507748385315E-01, -3.530670067219680E-03,  4.805016475917575E-03, -4.406241893109505E-04
A.D. 2001-Jan-01,  4.689638477090235E+00,  7.832389889232868E+00, -3.283078302106110E-01, -6.919906452642156E-03,  3.303229957836139E-03,  4.170668320209146E-04
A.D. 2001-Jul-01,  3.712987366526764E+00,  8.277639122139389E+00, -2.881044013498064E-01, -5.418323390572745E-03,  5.019119351397879E-04,  6.013214547608194E-04
A.D. 2002-Jan-01,  2.730900232293785E+00,  8.618129585750173E+00, -2.550754242138031E-01, -3.900754737710749E-03,  2.280191753528613E-03, -2.978295635776948E-04
A.D. 2002-Jul-01,  1.707420386708566E+00,  8.896575695927265E+00, -2.283984733863837E-01, -6.892532625796205E-03,  2.605697276624474E-03,  6.396391706481621E-05
A.D. 2003-Jan-01,  5.946094881869897E-01,  9.024346340320967E+00, -1.798621851494265E-01, -6.746722470510654E-03, -1.166595545587205E-03,  7.647990569584465E-04
A.D. 2003-Jul-01, -4.570077072184302E-01,  8.997268383079714E+00, -1.322698135408300E-01, -4.161026777026283E-03, -9.894233198238372E-04,  5.623956993571928E-05
A.D. 2004-Jan-01, -1.501210235394121E+00,  8.904828632342843E+00, -9.918789572853615E-02, -6.007654990656182E-03,  9.265669199446722E-04, -1.545817772674493E-04
A.D. 2004-Jul-01, -2.577053084368342E+00,  8.691714571898370E+00, -5.177531657028780E-02, -7.331370157609424E-03, -2.261396021823052E-03,  7.482160903111697E-04
A.D. 2005-Jan-01, -3.603566151591884E+00,  8.301408463378863E+00,  5.146471983638069E-03, -4.115313148189336E-03, -3.525900627984238E-03,  2.956960038328278E-04
A.D. 2005-Jul-01, -4.523554374611519E+00,  7.847738644489589E+00,  4.322649320996431E-02, -4.113117459728059E-03, -1.275149283428796E-03, -3.139098017789348E-04
A.D. 2006-Jan-01, -5.452337622810219E+00,  7.315936701456275E+00,  8.439355339680260E-02, -6.620572068409886E-03, -3.117314602782797E-03,  5.670463602583196E-04
A.D. 2006-Jul-01, -6.303121804063291E+00,  6.638830389125949E+00,  1.393707783974321E-01, -4.190635411869134E-03, -5.634068558892183E-03,  6.283767324816082E-04
A.D. 2007-Jan-01, -7.026074265393015E+00,  5.868852437758827E+00,  1.803021722238127E-01, -2.232100252761618E-03, -3.488669247966901E-03, -2.929648332422766E-04
A.D. 2007-Jul-01, -7.675779947319660E+00,  5.092359079977726E+00,  2.108987586104014E-01, -4.637229365729325E-03, -3.218592240739291E-03,  1.304750351744786E-04
A.D. 2008-Jan-01, -8.283866760929060E+00,  4.197997964082235E+00,  2.580267993760759E-01, -3.518796852434540E-03, -6.607316833005973E-03,  7.220971017761624E-04
A.D. 2008-Jul-01, -8.726983327435963E+00,  3.233790636842458E+00,  2.967095658485544E-01, -4.372040863954422E-04, -5.616100449109269E-03, -9.518693155355374E-05
A.D. 2009-Jan-01, -9.059337407548803E+00,  2.280778171376229E+00,  3.160919966864701E-01, -2.215616482366362E-03, -3.592422001363921E-03, -1.555408322342436E-04
A.D. 2009-Jul-01, -9.338196980074549E+00,  1.303030159718454E+00,  3.465346465813235E-01, -2.641934534401494E-03, -6.371996847538625E-03,  6.550762084949949E-04
A.D. 2010-Jan-01, -9.479189401537207E+00,  2.408918299866636E-01,  3.793938698256613E-01,  9.842560271911696E-04, -6.744916101094427E-03,  9.895106331780160E-05
A.D. 2010-Jul-01, -9.471703953636577E+00, -7.626570717549352E-01,  3.894630456748805E-01,  9.771828225022977E-04, -3.919602772108521E-03, -4.632422293329682E-04
A.D. 2011-Jan-01, -9.412864916430946E+00, -1.746415928616686E+00,  4.002837139665906E-01, -1.128564525630776E-03, -5.451328578558544E-03,  4.316750906459428E-04
A.D. 2011-Jul-01, -9.252047588333619E+00, -2.755084134711244E+00,  4.208212231214213E-01,  1.638573190143629E-03, -7.118424241206231E-03,  3.847505924388322E-04
A.D. 2012-Jan-01, -8.927651782967889E+00, -3.739170443206342E+00,  4.226944107740413E-01,  3.377377733422893E-03, -4.172506785797009E-03, -5.234293445136987E-04
A.D. 2012-Jul-01, -8.545327985984837E+00, -4.619026656776170E+00,  4.145398466677450E-01,  8.380567234208214E-04, -3.722246242534994E-03,  1.789613421820467E-05
A.D. 2013-Jan-01, -8.104411988693158E+00, -5.508841727947555E+00,  4.209818539989763E-01,  2.452390833549669E-03, -6.349938106239133E-03,  4.478427585093317E-04
A.D. 2013-Jul-01, -7.528862705375412E+00, -6.344414719401752E+00,  4.153707855039032E-01,  5.112658276719330E-03, -4.468180577094917E-03, -3.824584069411128E-04
A.D. 2014-Jan-01, -6.864457469500729E+00, -7.067211541679372E+00,  3.910416920028902E-01,  2.923716575502716E-03, -2.143712399842473E-03, -3.348298589904346E-04
A.D. 2014-Jul-01, -6.198485668897693E+00, -7.726918506682705E+00,  3.793177832588335E-01,  2.576561302577414E-03, -4.505781468786592E-03,  4.303053568991645E-04
A.D. 2015-Jan-01, -5.420982391861094E+00, -8.368584230325643E+00,  3.675195926561381E-01,  5.922707033535511E-03, -4.060062700110198E-03, -1.991638050549971E-04
A.D. 2015-Jul-01, -4.569723727061576E+00, -8.868952618955580E+00,  3.345494158863347E-01,  5.286684614868542E-03, -8.456102637464728E-04, -6.730284208433345E-04
A.D. 2016-Jan-01, -3.718157970275109E+00, -9.267974675421792E+00,  3.047944045680637E-01,  3.037386547795538E-03, -2.259051436411266E-03,  2.511345642962403E-04
A.D. 2016-Jul-01, -2.832736557623345E+00, -9.633762914707374E+00,  2.854875733335173E-01,  5.717913047832856E-03, -3.274826268703142E-03,  8.299629492277875E-05
A.D. 2017-Jan-01, -1.852430084129119E+00, -9.886749035147357E+00,  2.466268227149160E-01,  6.491522349625646E-03,  2.153774564593699E-04, -7.481993659765784E-04
A.D. 2017-Jul-01, -9.124435259072529E-01, -9.994864280796014E+00,  2.040833266265780E-01,  3.627743118492858E-03,  4.844438345871050E-04, -1.073764593686745E-04
A.D. 2018-Jan-01,  2.223076605474562E-02, -1.005975360911441E+01,  1.771115837499884E-01,  5.086043361731568E-03, -1.765877888003520E-03,  2.381098930461480E-04
A.D. 2018-Jul-01,  1.000434876744226E+00, -1.003782784475152E+01,  1.395350757548152E-01,  7.090800080744205E-03,  5.531663708805606E-04, -5.946503919724917E-04
A.D. 2019-Jan-01,  1.979107156194212E+00, -9.856436280388472E+00,  8.709731671278609E-02,  4.214762117159836E-03,  2.738821471210376E-03, -4.173719156359614E-04
A.D. 2019-Jul-01,  2.868529757993959E+00, -9.609288481842713E+00,  5.175313271738570E-02,  3.700072372460055E-03,  4.209516904897454E-04,  3.127666990135603E-04
A.D. 2020-Jan-01,  3.786664308296691E+00, -9.308735602233515E+00,  1.724770091494860E-02,  6.509773303479978E-03,  1.255530850559078E-03, -3.684135562859809E-04
A.D. 2020-Jul-01,  4.684821657194531E+00, -8.866283536999422E+00, -3.498815269802574E-02,  4.917026600928328E-03,  4.438293102875226E-03, -7.149280684953988E-04
A.D. 2021-Jan-01,  5.482260200254903E+00, -8.319923781336110E+00, -7.697527397177800E-02,  2.609853935869043E-03,  2.551283690162349E-03,  2.439720788778668E-04
A.D. 2021-Jul-01,  6.229340793957697E+00, -7.758575981857749E+00, -1.074189299050652E-01,  4.879920185181763E-03,  1.879404335758564E-03, -1.779577279996333E-05
A.D. 2022-Jan-01,  6.977865206010486E+00, -7.081756719195081E+00, -1.542187298184153E-01,  4.824113341633285E-03,  5.335993192521978E-03, -7.775417801346859E-04
A.D. 2022-Jul-01,  7.596694476793219E+00, -6.304012363296585E+00, -1.985677384368214E-01,  1.544324752676306E-03,  5.115173887350980E-03, -4.984731206525994E-05
A.D. 2023-Jan-01,  8.123380880467828E+00, -5.504205352330500E+00, -2.238818903185463E-01,  2.813402200138839E-03,  2.832942639854136E-03,  2.206975142007352E-04
A.D. 2023-Jul-01,  8.616875861077256E+00, -4.665449009488510E+00, -2.573679761992797E-01,  4.157574961482877E-03,  5.127632345184941E-03, -5.970183224968971E-04
A.D. 2024-Jan-01,  9.014131189458249E+00, -3.703211199451835E+00, -3.000368338171436E-01,  6.804135824839191E-04,  6.711253705138209E-03, -2.933777090049328E-04
A.D. 2024-Jul-01,  9.258650562754605E+00, -2.745997933247903E+00, -3.207289067742783E-01,  1.894842580388821E-04,  3.945652425306315E-03,  3.974738282640844E-04
A.D. 2025-Jan-01,  9.454548318207102E+00, -1.786906227089547E+00, -3.394196762654403E-01,  2.477130875786166E-03,  4.942940412101372E-03, -3.564807191562117E-04
A.D. 2025-Jul-01,  9.560227083462891E+00, -7.678274054935599E-01, -3.704170103457469E-01,  2.031717965879123E-04,  7.435514713986688E-03, -5.505831108167096E-04
A.D. 2026-Jan-01,  9.496853210305234E+00,  2.790904182281861E-01, -3.857454802353035E-01, -2.130463755369964E-03,  4.869551115124411E-03,  4.167896654654793E-04
A.D. 2026-Jul-01,  9.349992589535463E+00,  1.249189487559993E+00, -3.881124931645138E-01, -4.599399300138781E-05,  3.989005490282097E-03,  9.445833290583324E-05
A.D. 2027-Jan-01,  9.139974810945509E+00,  2.253525375824336E+00, -4.033901485547376E-01, -6.664615640548931E-04,  6.955074562020659E-03, -5.840162126911390E-04
A.D. 2027-Jul-01,  8.775058314215373E+00,  3.250333797148186E+00, -4.115373200205963E-01, -4.023741276690192E-03,  5.860637133974520E-03,  2.102724587219895E-04
A.D. 2028-Jan-01,  8.280743084372379E+00,  4.165584438772470E+00, -3.979888484224975E-01, -2.612770173235913E-03,  3.186544987901223E-03,  3.951445723922055E-04
A.D. 2028-Jul-01,  7.751649678386623E+00,  5.022192059348898E+00, -3.925172453891988E-01, -1.605247287660331E-03,  5.221241566937332E-03, -4.262334755205297E-04
A.D. 2029-Jan-01,  7.095613139950223E+00,  5.884171792845601E+00, -3.907868895929696E-01, -5.263755326878594E-03,  5.605344507369573E-03,  5.826970976344343E-05
A.D. 2029-Jul-01,  6.318557966553101E+00,  6.616888059209250E+00, -3.660267271717318E-01, -5.246713336962019E-03,  2.339807800458314E-03,  6.351258345837256E-04
A.D. 2030-Jan-01,  5.500214720099661E+00,  7.244920812434005E+00, -3.395825773279741E-01, -2.933219073060247E-03,  3.013285348220986E-03, -1.558437072740369E-04
A.D. 2030-Jul-01,  4.634811784424927E+00,  7.827913934016923E+00, -3.245182245536409E-01, -5.245773593222077E-03,  4.711020129741823E-03, -2.477202397229730E-04
A.D. 2031-Jan-01,  3.631893248814538E+00,  8.313056702489689E+00, -2.914307661009939E-01, -6.973629988130663E-03,  1.360457880528615E-03,  6.913437999564718E-04
A.D. 2031-Jul-01,  2.626561692891847E+00,  8.627865232465892E+00, -2.486555808241620E-01, -4.465588611218078E-03,  2.027702563327944E-04,  2.841164990325008E-04
A.D. 2032-Jan-01,  1.614010917934008E+00,  8.870691333446855E+00, -2.195714113442639E-01, -4.984158674938934E-03,  2.642201477372558E-03, -3.271024626941186E-04
A.D. 2032-Jul-01,  5.340412415705666E-01,  9.022552428136212E+00, -1.832686193568480E-01, -7.720690016973254E-03,  6.179182010873375E-04,  5.353856548862122E-04
A.D. 2033-Jan-01, -5.715821120492000E-01,  8.991514051593013E+00, -1.286018720696102E-01, -5.350005869486525E-03, -2.082142519318264E-03,  5.294784002818365E-04
A.D. 2033-Jul-01, -1.594661354458114E+00,  8.853887161686265E+00, -8.751856163771035E-02, -4.123217177618548E-03, -2.454112025932108E-04, -2.603282272072500E-04
A.D. 2034-Jan-01, -2.643337074624238E+00,  8.649294115768621E+00, -5.097576910724968E-02, -7.163852311543820E-03, -4.829637854432501E-04,  2.982287356165652E-04
A.D. 2034-Jul-01, -3.678197559619069E+00,  8.287204280622488E+00,  3.826241470046568E-03, -6.156957421831953E-03, -3.865033989790205E-03,  7.708999561081707E-04
A.D. 2035-Jan-01, -4.625627893358796E+00,  7.782255221067838E+00,  5.410255484027920E-02, -3.268275948240632E-03, -3.000448395890598E-03, -8.522956375350822E-05
A.D. 2035-Jul-01, -5.493751232016075E+00,  7.242897601391538E+00,  8.862294828924863E-02, -5.096956782106460E-03, -1.518596688196475E-03, -1.060124039668627E-04
A.D. 2036-Jan-01, -6.365132423221636E+00,  6.587941271619757E+00,  1.374242471427236E-01, -5.772377185135177E-03, -4.925619037719329E-03,  7.694167157684894E-04
A.D. 2036-Jul-01, -7.109291392141494E+00,  5.802970307866913E+00,  1.884328295350747E-01, -2.446194112795019E-03, -5.526769998107752E-03,  2.178532859317898E-04
A.D. 2037-Jan-01, -7.732179265447478E+00,  4.981558214523435E+00,  2.191750268346645E-01, -2.863486973654717E-03, -2.898277023946223E-03, -2.901500964177147E-04
A.D. 2037-Jul-01, -8.307664642682305E+00,  4.130316425374372E+00,  2.542608401106531E-01, -4.641468716976525E-03, -4.923830410082135E-03,  5.525452365207389E-04
A.D. 2038-Jan-01, -8.787809114162595E+00,  3.151965657820988E+00,  3.004227662425993E-01, -1.505341523541335E-03, -6.945092708879263E-03,  4.198657071061508E-04
A.D. 2038-Jul-01, -9.098609889818942E+00,  2.169760835952675E+00,  3.268265441444728E-01, -4.031630036761153E-05, -4.505725269806662E-03, -3.706029005335917E-04
A.D. 2039-Jan-01, -9.340273334846565E+00,  1.196747717056832E+00,  3.452052075785141E-01, -2.644924635444547E-03, -4.560810355501660E-03,  2.423187754264522E-04
A.D. 2039-Jul-01, -9.501094177546619E+00,  1.751822037481374E-01,  3.771667104431645E-01, -9.744414940621678E-04, -7.274188154099410E-03,  6.079033641929024E-04
A.D. 2040-Jan-01, -9.495720119314626E+00, -8.851230791207756E-01,  3.980960871502087E-01,  2.037599188296918E-03, -5.525694805137930E-03, -2.919871146118622E-04
A.D. 2040-Jul-01, -9.385528140060256E+00, -1.862016251833752E+00,  4.009805986845253E-01,  8.009619608695875E-05, -3.702081752482295E-03, -1.975332496069901E-04
A.D. 2041-Jan-01, -9.226708747938581E+00, -2.850988999992556E+00,  4.163164671992227E-01,  1.395217495194671E-04, -6.633855944230866E-03,  5.748843789208533E-04
A.D. 2041-Jul-01, -8.926736819310504E+00, -3.836220747602482E+00,  4.280440399961392E-01,  3.415512283128834E-03, -6.196374965064705E-03, -5.435042283845107E-05
A.D. 2042-Jan-01, -8.492914259599504E+00, -4.745494063450868E+00,  4.176725010980033E-01,  2.675450725896343E-03, -3.029469859054031E-03, -4.816010338302286E-04
A.D. 2042-Jul-01, -8.036789447641635E+00, -5.577024502230644E+00,  4.123772196899469E-01,  1.048939546198572E-03, -4.702137199759182E-03,  3.605542475725209E-04
A.D. 2043-Jan-01, -7.480026293187431E+00, -6.424182238176231E+00,  4.147528990388810E-01,  4.212582525320518E-03, -5.849350667803343E-03,  1.258755939664912E-04
A.D. 2043-Jul-01, -6.802632459335848E+00, -7.166926176694327E+00,  3.966991650404058E-01,  5.196904216829566E-03, -2.752277598538499E-03, -6.234950268404128E-04
A.D. 2044-Jan-01, -6.085113706398344E+00, -7.799992416740987E+00,  3.718189569359779E-01,  2.375524794346340E-03, -2.633366929179841E-03,  6.360212455057711E-05
A.D. 2044-Jul-01, -5.340621060391380E+00, -8.402927861493300E+00,  3.613210272163889E-01,  4.174865870925738E-03, -4.758804994672622E-03,  3.202665900870868E-04
A.D. 2045-Jan-01, -4.472542655510368E+00, -8.937060857845449E+00,  3.368557664087680E-01,  6.477612995273562E-03, -2.119831620350985E-03, -5.917298177143695E-04
A.D. 2045-Jul-01, -3.588819700154240E+00, -9.315390140944791E+00,  2.991098796719555E-01,  4.005208408537827E-03, -3.199173567319829E-04, -3.594521421886949E-04
A.D. 2046-Jan-01, -2.709263123887005E+00, -9.636275335514480E+00,  2.751591973984663E-01,  4.010523859466386E-03, -2.926796467415795E-03,  3.555398481347954E-04
A.D. 2046-Jul-01, -1.771002427245780E+00, -9.897042007339056E+00,  2.481056266391172E-01,  6.810189558434495E-03, -1.876041030111214E-03, -3.180807642244075E-04
A.D. 2047-Jan-01, -7.748351823277708E-01, -1.001101360283566E+01,  2.010472248933190E-01,  5.298499337091712E-03,  1.435065344003293E-03, -6.309696642329784E-04
A.D. 2047-Jul-01,  1.508290979428175E-01, -1.002075038670501E+01,  1.639096388069057E-01,  3.464161969324939E-03, -2.364427937169524E-04,  2.238487510971466E-04
A.D. 2048-Jan-01,  1.104556082720026E+00, -9.992644077442389E+00,  1.350098822689769E-01,  6.272740731696898E-03, -8.979248650650077E-04, -9.126558891322204E-05
A.D. 2048-Jul-01,  2.087893552765402E+00, -9.836147821224676E+00,  8.773927353931703E-02,  6.355746958147735E-03,  2.524656473014322E-03, -7.772971768453611E-04
A.D. 2049-Jan-01,  3.010938413296482E+00, -9.540211538405917E+00,  4.009510476048654E-02,  3.182690003237258E-03,  2.128234548165412E-03,  3.732096575019434E-05
A.D. 2049-Jul-01,  3.874411866569205E+00, -9.214988727452136E+00,  8.898843999864800E-03,  4.777454774184114E-03,  3.725988318961236E-04,  1.794285090779384E-04
A.D. 2050-Jan-01,  4.774050169249897E+00, -8.795858271631648E+00, -3.452021527852717E-02,  6.324411231157416E-03,  3.244551180260557E-03, -7.114519046337459E-04
A.D. 2050-Jul-01,  5.591839106256130E+00, -8.239965915279576E+00, -8.558238697126652E-02,  3.231930890153620E-03,  4.706071051429552E-03, -3.632779026376011E-04
A.D. 2051-Jan-01,  6.316908252449974E+00, -7.627180150894105E+00, -1.186973970628372E-01,  3.089418828711821E-03,  2.020077616630653E-03,  3.015843856493579E-04
A.D. 2051-Jul-01,  7.017964933675653E+00, -6.981881691642414E+00, -1.528428057010110E-01,  5.321895284565052E-03,  3.235524733636563E-03, -3.971202018263241E-04
A.D. 2052-Jan-01,  7.678067548374675E+00, -6.197782464984907E+00, -2.024863926905714E-01,  3.029299491812994E-03,  6.213970003663743E-03, -5.890090454580983E-04
A.D. 2052-Jul-01,  8.188836536491419E+00, -5.360053313646255E+00, -2.363509404485475E-01,  1.063319991840981E-03,  4.004894071374682E-03,  2.950969249564039E-04
A.D. 2053-Jan-01,  8.644537450264798E+00, -4.514793123580133E+00, -2.602561585937772E-01,  3.558403137414396E-03,  3.627041621814776E-03, -1.436656179922506E-04
A.D. 2053-Jul-01,  9.045071984512964E+00, -3.596631304675023E+00, -2.983825935799714E-01,  2.794730950874730E-03,  6.695630586654618E-03, -7.076659367094070E-04
A.D. 2054-Jan-01,  9.301043187051931E+00, -2.590030130649911E+00, -3.307541351796419E-01, -6.504848368282317E-04,  5.622077874736521E-03,  1.747884200300033E-04
A.D. 2054-Jul-01,  9.443715362613249E+00, -1.631179467817174E+00, -3.440181419407388E-01,  7.871442485459661E-04,  3.699307940929346E-03,  2.491364131840691E-04
A.D. 2055-Jan-01,  9.543068934325017E+00, -6.340220342558831E-01, -3.665751349594222E-01,  1.710640140213708E-03,  6.345735054698503E-03, -6.048943352662292E-04
A.D. 2055-Jul-01,  9.507458378680347E+00,  4.095777641808270E-01, -3.915920639870316E-01, -1.781342124727781E-03,  7.040798262861201E-03, -1.507589542690244E-04
A.D. 2056-Jan-01,  9.315616398050585E+00,  1.425488118926377E+00, -3.943401323090456E-01, -1.853102104231359E-03,  3.891579107052959E-03,  4.535388502141013E-04
A.D. 2056-Jul-01,  9.072687859068136E+00,  2.385632511420941E+00, -3.973386846108108E-01,  7.242190536406572E-05,  4.994855304961660E-03, -2.977956566651479E-04
A.D. 2057-Jan-01,  8.727005556411068E+00,  3.389137569349070E+00, -4.109528251339223E-01, -2.854551286593334E-03,  7.039485610419845E-03, -2.967358362688386E-04
A.D. 2057-Jul-01,  8.222599043769312E+00,  4.323243147319733E+00, -4.046445256656568E-01, -4.480718603071442E-03,  4.116675646782393E-03,  5.332188321861468E-04
A.D. 2058-Jan-01,  7.639182939581424E+00,  5.165889782396148E+00, -3.876832091765649E-01, -2.004833678651916E-03,  3.447160578388651E-03,  3.055901317995941E-05
A.D. 2058-Jul-01,  7.008660803196926E+00,  5.974702051265580E+00, -3.834807730726012E-01, -3.066376735965982E-03,  5.876170849441650E-03, -4.500053772806027E-04
A.D. 2059-Jan-01,  6.221531814430564E+00,  6.748828116246450E+00, -3.691586716902234E-01, -6.257139254635646E-03,  3.846874836085026E-03,  4.709328756671366E-04
A.D. 2059-Jul-01,  5.365934479834538E+00,  7.363969170720852E+00, -3.366789159583696E-01, -4.471416397303394E-03,  1.519719670241690E-03,  4.575087362409428E-04
A.D. 2060-Jan-01,  4.484603388041812E+00,  7.903029504354058E+00, -3.133338680995437E-01, -3.608793520753062E-03,  3.707287576092375E-03, -3.658625922883208E-04
A.D. 2060-Jul-01,  3.519737020330029E+00,  8.386020688737183E+00, -2.910503035783857E-01, -6.944373422028621E-03,  3.365854455186560E-03,  2.144056457721799E-04
A.D. 2061-Jan-01,  2.458905605218506E+00,  8.712459485382867E+00, -2.460863407339512E-01, -6.072243854114711E-03, -2.134295199568943E-04,  6.608187677850509E-04
A.D. 2061-Jul-01,  1.440053762959073E+00,  8.900550196324136E+00, -2.062455510427212E-01, -3.983536874567446E-03,  6.782859919062598E-04, -1.081055937414472E-04
A.D. 2062-Jan-01,  3.864799251493423E-01,  9.032261119530334E+00, -1.765674568098261E-01, -6.615849722914575E-03,  1.989001873909303E-03, -9.588729783231767E-06
A.D. 2062-Jul-01, -7.126604942182396E-01,  9.022397151847226E+00, -1.292017070194501E-01, -7.357952306875994E-03, -1.443152094432754E-03,  7.608071883583814E-04
A.D. 2063-Jan-01, -1.783606204438708E+00,  8.840371087473244E+00, -7.576064687526578E-02, -4.239594603455061E-03, -2.132912224940196E-03,  1.633732463082957E-04
A.D. 2063-Jul-01, -2.780389308153415E+00,  8.591727334709185E+00, -3.931441791902195E-02, -4.939322691301790E-03, -1.058063434565986E-05, -2.608252831701171E-04
A.D. 2064-Jan-01, -3.815293649440024E+00,  8.245490751849019E+00,  5.412443760555915E-03, -7.206452714519121E-03, -2.508438051874923E-03,  6.589153057150253E-04
A.D. 2064-Jul-01, -4.782920900474013E+00,  7.731506124280831E+00,  6.213151389977524E-02, -4.405778325133053E-03, -4.639182800352237E-03,  4.935833741313812E-04
A.D. 2065-Jan-01, -5.640239150987668E+00,  7.130333298820610E+00,  1.024783280411590E-01, -3.340703898518124E-03, -2.221220669662825E-03, -2.981454475991946E-04
A.D. 2065-Jul-01, -6.452324717126968E+00,  6.492905037511098E+00,  1.392145679172272E-01, -5.856745806626787E-03, -2.912412157543588E-03,  3.343549786316358E-04
A.D. 2066-Jan-01, -7.224786548657396E+00,  5.708454794449571E+00,  1.924583226454102E-01, -3.976556421331645E-03, -6.160382080733105E-03,  6.574110110760820E-04
A.D. 2066-Jul-01, -7.834988544334393E+00,  4.853361345917706E+00,  2.331374509428276E-01, -1.406603657246519E-03, -4.756079348790886E-03, -1.577103922232446E-04
A.D. 2067-Jan-01, -8.361277036670380E+00,  3.984077371240848E+00,  2.592285170755927E-01, -3.612691100644309E-03, -3.361938578307606E-03,  1.162602757120250E-05
A.D. 2067-Jul-01, -8.831536472454820E+00,  3.054889229220914E+00,  2.983636156390057E-01, -3.476758570284985E-03, -6.436837864902512E-03,  7.023344611207465E-04
A.D. 2068-Jan-01, -9.160021453478823E+00,  2.027377700187958E+00,  3.361521401276232E-01,  1.159265051891262E-04, -6.315764939056179E-03,  1.518399054586342E-05
A.D. 2068-Jul-01, -9.347800214852164E+00,  1.040445387010166E+00,  3.522336896811011E-01, -5.957006834567916E-04, -3.701674780903161E-03, -3.352765729202441E-04
A.D. 2069-Jan-01, -9.490512698517680E+00,  4.211893610304521E-02,  3.745902163859849E-01, -2.070528684486946E-03, -6.070494565774360E-03,  5.687461006978108E-04
A.D. 2069-Jul-01, -9.506849187026399E+00, -9.990910668862198E-01,  4.019313612070336E-01,  1.097502808707526E-03, -7.182638188480642E-03,  2.751890383864751E-04
A.D. 2070-Jan-01, -9.362580300510377E+00, -2.019067065786119E+00,  4.087033135538887E-01,  2.046680957993729E-03, -4.054978805993767E-03, -4.832094653854161E-04
A.D. 2070-Jul-01, -9.163990986923167E+00, -2.958751188082285E+00,  4.111687342736546E-01, -2.902045968140872E-04, -4.446283317266600E-03,  1.904166030383874E-04
A.D. 2071-Jan-01, -8.886027707359721E+00, -3.937189981287831E+00,  4.262244198871666E-01,  1.934730435520324E-03, -6.895444157392024E-03,  4.035287293737155E-04
A.D. 2071-Jul-01, -8.458700572541291E+00, -4.863229105017270E+00,  4.257556400404693E-01,  4.283629574550698E-03, -4.655806612260692E-03, -4.219376184942883E-04
A.D. 2072-Jan-01, -7.945741711791510E+00, -5.692350276693316E+00,  4.099710194451697E-01,  1.831577151000402E-03, -2.959226902584901E-03, -1.595841060700788E-04
A.D. 2072-Jul-01, -7.408099072460854E+00, -6.486502671213429E+00,  4.078287324544473E-01,  2.263026794026230E-03, -5.588518548753577E-03,  4.610443899875512E-04
A.D. 2073-Jan-01, -6.737422700972021E+00, -7.261316134453510E+00,  3.998550518845109E-01,  5.530797141981771E-03, -4.366522629404238E-03, -3.176033108341335E-04
A.D. 2073-Jul-01, -5.992204998172739E+00, -7.894374112346666E+00,  3.723503087188648E-01,  4.233428527269587E-03, -1.511734236787190E-03, -5.341109370076423E-04
A.D. 2074-Jan-01, -5.236339613822135E+00, -8.454422503714229E+00,  3.523955988889911E-01,  2.753654042199733E-03, -3.622232763803567E-03,  3.579543758291911E-04
A.D. 2074-Jul-01, -4.418677839183217E+00, -8.979009816633534E+00,  3.370974525268640E-01,  5.687330349967718E-03, -4.015670618037090E-03, -1.178518079216129E-05
A.D. 2075-Jan-01, -3.494046883098541E+00, -9.390377919922642E+00,  3.012546034703347E-01,  5.930083841723410E-03, -4.376025436710768E-04, -6.971978234080667E-04
A.D. 2075-Jul-01, -2.600813332075180E+00, -9.667604978140091E+00,  2.654320986356797E-01,  3.297543874660762E-03, -7.993569121487065E-04,  3.695387153576124E-05
A.D. 2076-Jan-01, -1.685184195119408E+00, -9.912856182014442E+00,  2.426289767804265E-01,  5.366440950123355E-03, -2.735175216864611E-03,  1.599441351918631E-04
A.D. 2076-Jul-01, -7.017096984362293E-01, -1.005755874228024E+01,  2.050456550364818E-01,  7.008345935416812E-03,  1.247693755813461E-04, -6.703199037826115E-04
A.D. 2077-Jan-01,  2.766622162397185E-01, -1.004573549824794E+01,  1.568593622783060E-01,  3.893244378181590E-03,  1.475056293054264E-03, -2.245952423988157E-04
A.D. 2077-Jul-01,  1.192785805322759E+00, -9.978740038371226E+00,  1.256225880865794E-01,  4.289511916934960E-03, -8.515855817416016E-04,  2.938262840249758E-04
A.D. 2078-Jan-01,  2.165104802875930E+00, -9.845370639853664E+00,  8.898576433506311E-02,  6.950476773378104E-03,  8.216349539108828E-04, -5.112227485959040E-04
A.D. 2078-Jul-01,  3.111915472560534E+00, -9.561117042340184E+00,  3.736786304636343E-02,  4.898493150905518E-03,  3.593927217632639E-03, -6.141178624340525E-04
A.D. 2079-Jan-01,  3.981505729898541E+00, -9.181469205310615E+00, -2.183061377831543E-03,  3.229343638745971E-03,  1.348882545051211E-03,  2.738700199883997E-04
A.D. 2079-Jul-01,  4.826359852150516E+00, -8.772895196492144E+00, -3.507890914269703E-02,  5.725029853764651E-03,  1.253907331400351E-03, -1.517813743194962E-04
A.D. 2080-Jan-01,  5.682248324144380E+00, -8.232101534281929E+00, -8.543619455871120E-02,  5.121045239325626E-03,  4.810247816997344E-03, -7.485140020168264E-04
A.D. 2080-Jul-01,  6.415869725376557E+00, -7.584081117969882E+00, -1.297086739680127E-01,  2.104636711336249E-03,  3.909886107290436E-03,  8.461640744247828E-05
A.D. 2081-Jan-01,  7.084758202634116E+00, -6.914283191148713E+00, -1.582180350675420E-01,  4.075378973329164E-03,  2.252312475498142E-03,  6.296880935583403E-05
A.D. 2081-Jul-01,  7.728671253632269E+00, -6.173591493208425E+00, -1.988046331986850E-01,  4.842041502829673E-03,  5.092620200307268E-03, -6.959304507999535E-04
A.D. 2082-Jan-01,  8.273742754367722E+00, -5.301210926100571E+00, -2.440173779444886E-01,  1.191933625272087E-03,  5.877527432758087E-03, -1.395363086896592E-04
A.D. 2082-Jul-01,  8.685554694628191E+00, -4.434200011726426E+00, -2.683297679568826E-01,  1.451240451038116E-03,  3.365335566447842E-03,  3.240688516699550E-04
A.D. 2083-Jan-01,  9.066842569400963E+00, -3.532224255647018E+00, -2.956327182232310E-01,  3.528653593391679E-03,  5.031084540102010E-03, -4.888351766997646E-04
A.D. 2083-Jul-01,  9.349913251009628E+00, -2.548194714349049E+00, -3.329904452592267E-01,  8.334794281010518E-04,  7.258581130068819E-03, -4.776885828770255E-04
A.D. 2084-Jan-01,  9.473535122399538E+00, -1.530565336870333E+00, -3.527900765546368E-01, -8.876591426441944E-04,  4.472312816989652E-03,  3.963904616488390E-04
A.D. 2084-Jul-01,  9.526040698068300E+00, -5.596756572734402E-01, -3.643296673279859E-01,  1.385419484387875E-03,  4.347809317960915E-03, -1.136719211586331E-04
A.D. 2085-Jan-01,  9.509107925719427E+00,  4.747953207309413E-01, -3.895955989661900E-01, -1.037275563108900E-04,  7.365498601301351E-03, -5.565956467959659E-04
A.D. 2085-Jul-01,  9.325578493593731E+00,  1.506748311847207E+00, -4.025288626124782E-01, -3.055116417155367E-03,  5.612496368081979E-03,  3.010496562261568E-04
A.D. 2086-Jan-01,  9.029701489003719E+00,  2.476152903010028E+00, -3.978666316478548E-01, -1.110574232021310E-03,  3.679025370630877E-03,  2.029642739884604E-04
A.D. 2086-Jul-01,  8.687974285508448E+00,  3.418485057858264E+00, -4.035699157575601E-01, -7.822799023044778E-04,  6.089906655925363E-03, -5.065896580892165E-04
A.D. 2087-Jan-01,  8.200030045425414E+00,  4.386709662237705E+00, -4.085660201038818E-01, -4.562638596489117E-03,  5.926473847652850E-03,  1.415681627890180E-04
A.D. 2087-Jul-01,  7.587156532618776E+00,  5.235521151991341E+00, -3.912203798478696E-01, -4.053019659908756E-03,  2.904518671058840E-03,  5.333136832396927E-04
A.D. 2088-Jan-01,  6.926553877272172E+00,  6.011980576959988E+00, -3.758581885191159E-01, -2.133528091416513E-03,  4.222143450070017E-03, -2.872606897271386E-04
A.D. 2088-Jul-01,  6.182989033541936E+00,  6.765698219152256E+00, -3.684865367909884E-01, -5.099902718248017E-03,  5.546207367829755E-03, -1.340953763402153E-04
A.D. 2089-Jan-01,  5.291883685338383E+00,  7.418056015316421E+00, -3.397384299493793E-01, -6.070596549284339E-03,  1.953546407660223E-03,  6.565162499228864E-04
A.D. 2089-Jul-01,  4.389517789634873E+00,  7.920245402699384E+00, -3.062260171619230E-01, -3.673415142839305E-03,  1.628636437462029E-03,  8.400440545502982E-05
A.D. 2090-Jan-01,  3.446059445233542E+00,  8.376041515257119E+00, -2.850370627442356E-01, -5.174974989787036E-03,  3.956973008941787E-03, -2.677657080219616E-04
A.D. 2090-Jul-01,  2.412402583484611E+00,  8.728089017975014E+00, -2.511919534532517E-01, -7.526868093596080E-03,  1.391954247375244E-03,  5.918350077886236E-04
A.D. 2091-Jan-01,  1.336330113348368E+00,  8.907550314984686E+00, -2.018865077890215E-01, -4.960913466836071E-03, -7.851524136038077E-04,  3.873353964392588E-04
A.D. 2091-Jul-01,  3.129630387471788E-01,  8.990037639777338E+00, -1.664198303364972E-01, -4.405715147626101E-03,  1.270202320110677E-03, -2.937389545326411E-04
A.D. 2092-Jan-01, -7.720203445912093E-01,  9.000725836336947E+00, -1.301766248023490E-01, -7.577172081200376E-03,  3.434188511087076E-04,  4.127356049269995E-04
A.D. 2092-Jul-01, -1.862646602002231E+00,  8.835067871803062E+00, -7.532711681622918E-02, -6.028397393963146E-03, -2.913215546684444E-03,  6.762916890889542E-04
A.D. 2093-Jan-01, -2.878810553195468E+00,  8.537502804415306E+00, -2.899002543822869E-02, -3.795192746575281E-03, -1.415451843202174E-03, -1.852728270235535E-04
A.D. 2093-Jul-01, -3.853769793804736E+00,  8.190879172177320E+00,  7.171450973520122E-03, -6.213594508369075E-03, -6.748081370385117E-04,  6.734633748879403E-05
A.D. 2094-Jan-01, -4.848158971981801E+00,  7.700744849727142E+00,  6.076857243950798E-02, -6.113540839988214E-03, -4.388476807500823E-03,  7.683276104369158E-04
A.D. 2094-Jul-01, -5.717019079016236E+00,  7.078516788718737E+00,  1.116671162367335E-01, -3.048299786843882E-03, -4.412784154023169E-03,  1.147408335632323E-04
A.D. 2095-Jan-01, -6.499309246453977E+00,  6.406268741492348E+00,  1.454362998850589E-01, -4.139497012110387E-03, -2.101207396487616E-03, -1.762450248506711E-04
A.D. 2095-Jul-01, -7.247412041560470E+00,  5.669670337785542E+00,  1.876926396513198E-01, -5.556011291330998E-03, -4.701849603634014E-03,  6.519778733190996E-04
A.D. 2096-Jan-01, -7.901622510836771E+00,  4.787642971678084E+00,  2.382240130538202E-01, -2.197049080456295E-03, -6.305070562260910E-03,  3.285549378856051E-04
A.D. 2096-Jul-01, -8.398531810541094E+00,  3.885981756511269E+00,  2.683607743913656E-01, -1.425128500908059E-03, -3.711577187419151E-03, -3.406818087917338E-04
A.D. 2097-Jan-01, -8.845714308368771E+00,  2.967579120627879E+00,  2.966172848969910E-01, -3.898138159964282E-03, -4.814240932792280E-03,  4.364617744825979E-04
A.D. 2097-Jul-01, -9.195499614040516E+00,  1.970052208474466E+00,  3.363338615915366E-01, -1.557554618143803E-03, -7.264335002977553E-03,  5.457417916849640E-04
A.D. 2098-Jan-01, -9.380138500245632E+00,  9.288752628912494E-01,  3.612778463702252E-01,  8.680423105796233E-04, -5.002200152852064E-03, -3.363282064774919E-04
A.D. 2098-Jul-01, -9.471928294921984E+00, -4.855742864090958E-02,  3.733721556039366E-01, -1.325613252212581E-03, -3.976814884599932E-03, -2.172167088910270E-05
A.D. 2099-Jan-01, -9.505878904699482E+00, -1.075844372562631E+00,  3.986895542157919E-01, -5.923630761286452E-04, -7.084810727668869E-03,  5.861694582470153E-04
A.D. 2099-Jul-01, -9.382066059594333E+00, -2.108648735811529E+00,  4.162470340482589E-01,  2.595070855879153E-03, -6.201412618547630E-03, -1.250073260176257E-04
A.D. 2100-Jan-01, -9.130428957850452E+00, -3.078450163096597E+00,  4.136003042326216E-01,  1.339694127768648E-03, -3.407592409190514E-03
