epoch, x, y, z, vx, vy, vz
A.D. 1950-Jan-01,  3.407053974403178E+00, -3.757738333886905E+00, -6.078640139954982E-02, -4.347393533107929E-03,  6.996026427322963E-03, -2.307292999307010E-04
A.D. 1950-Jul-01,  4.260624094194381E+00, -2.650338445747025E+00, -8.471552955770317E-02,  6.115102727899602E-03, -2.980532943112094E-03, -4.295764813257255E-04
A.D. 1951-Jan-01,  4.798227926227372E+00, -1.315291959217756E+00, -1.022495952079969E-01,  4.382645446830749E-03, -2.025164392168186E-03, -3.843866402516835E-04
A.D. 1951-Jul-01,  4.953807248375171E+00,  1.001239630030338E-01, -1.114544550763949E-01,  7.807598098434843E-03,  1.381579226128621E-02,  2.966246987066448E-04
A.D. 1952-Jan-01,  4.705630712346476E+00,  1.531523489993506E+00, -1.117719859358210E-01,  5.469753349920278E-03,  1.366192129980782E-02,  3.548043619795322E-04
A.D. 1952-Jul-01,  4.078041126072926E+00,  2.823362130107016E+00, -1.031141142737154E-01,  5.583260528067900E-03,  5.334725627216793E-03,  1.667122810014703E-04
A.D. 1953-Jan-01,  3.115667678077388E+00,  3.901001491538136E+00, -8.597383866550101E-02,  3.960171037895245E-03,  4.227826232951871E-03,  2.249977805802639E-04
A.D. 1953-Jul-01,  1.928203111611591E+00,  4.661203929972624E+00, -6.223308346451383E-02, -9.930361183642855E-03,  1.287841485033764E-02,  4.560359652402488E-04
A.D. 1954-Jan-01,  5.698128537817360E-01,  5.071537634224113E+00, -3.347486624207298E-02, -1.077753561366452E-02,  1.065132835801413E-02,  4.632535461037519E-04
A.D. 1954-Jul-01, -8.135857992298098E-01,  5.105308559169123E+00, -2.731335787964920E-03, -1.523702791664893E-02, -7.287670583144518E-03, -1.779489063419293E-04
A.D. 1955-Jan-01, -2.157348706387085E+00,  4.772699793136635E+00,  2.874155572227207E-02, -1.438519283847524E-02, -9.412759152531406E-03, -1.855380795091561E-04
A.D. 1955-Jul-01, -3.333240636698505E+00,  4.116876951425064E+00,  5.762542074378322E-02,  3.028080872284142E-03, -8.854963544057888E-03,  1.283203808281648E-04
A.D. 1956-Jan-01, -4.307618879499611E+00,  3.180845500521381E+00,  8.330679136048907E-02,  4.483946253095125E-03, -9.879365104678101E-03,  1.147660970620826E-04
A.D. 1956-Jul-01, -4.998157224344413E+00,  2.052628795921347E+00,  1.034262377107189E-01,  4.932865985728132E-04, -1.603267830497857E-02, -1.879473623318654E-04
A.D. 1957-Jan-01, -5.380176344096610E+00,  7.809537806387727E-01,  1.172098287834453E-01,  2.672369714948537E-03, -1.637928376453255E-02, -2.152490733919187E-04
A.D. 1957-Jul-01, -5.425343200096801E+00, -5.188849127062815E-01,  1.236932385116332E-01,  7.883653145945569E-03, -2.393940867289024E-04,  3.650410736445960E-04
A.D. 1958-Jan-01, -5.144352127981585E+00, -1.807275780891937E+00,  1.226980174245704E-01,  9.360014706738586E-03,  4.336471924115455E-04,  3.283596705845472E-04
A.D. 1958-Jul-01, -4.560023520277637E+00, -2.962274182698041E+00,  1.144963507347416E-01, -5.237535873853090E-03, -2.081787444198208E-03, -5.729703315257511E-05
A.D. 1959-Jan-01, -3.685101379931135E+00, -3.958205592145529E+00,  9.898344209862840E-02, -3.929088746320787E-03, -1.290137294922387E-03, -1.081842401470255E-04
A.D. 1959-Jul-01, -2.601437673287812E+00, -4.697380229371389E+00,  7.749432194137103E-02,  6.652999765964237E-03, -1.334684320295801E-02, -4.941283530937958E-04
A.D. 1960-Jan-01, -1.330447986004977E+00, -5.145292813508498E+00,  5.085131682072729E-02,  7.737410886670784E-03, -1.149653822617557E-02, -5.106053543241480E-04
A.D. 1960-Jul-01,  1.419877787302961E-02, -5.249643736748583E+00,  2.126315796875053E-02,  7.341633276194634E-04, -6.983173975761598E-03, -5.354081460671127E-04
A.D. 1961-Jan-01,  1.370826441785510E+00, -4.997692083412225E+00, -1.017377932329260E-02,  6.938571691833521E-04, -5.304480593298114E-03, -5.467780351580325E-04
A.D. 1961-Jul-01,  2.610744877171751E+00, -4.405451203028294E+00, -4.052352733655938E-02,  1.585673665000374E-02,  9.566013464569574E-04, -1.366583824713483E-04
A.D. 1962-Jan-01,  3.676673500932143E+00, -3.475147796701575E+00, -6.822316912146420E-02,  1.472097201033157E-02,  2.952747603302140E-03, -9.590065103073622E-05
A.D. 1962-Jul-01,  4.452638674231324E+00, -2.296478271744182E+00, -9.019844359303990E-02,  2.594900349044053E-03,  1.704064768002224E-02,  2.413435520994667E-04
A.D. 1963-Jan-01,  4.887472736403696E+00, -9.215638614034356E-01, -1.055865544664263E-01,  1.173376224966107E-04,  1.774220305060291E-02,  2.752381420463099E-04
A.D. 1963-Jul-01,  4.925320732516568E+00,  5.060250468502636E-01, -1.123719770044448E-01, -9.712932538213592E-03,  3.177377875748530E-03, -3.136340942746361E-04
A.D. 1964-Jan-01,  4.567866124042884E+00,  1.913370778102384E+00, -1.101560738838984E-01, -1.165309956486320E-02,  2.262417430912854E-03, -2.705390672755760E-04
A.D. 1964-Jul-01,  3.848463410438074E+00,  3.152411653342392E+00, -9.904007209153749E-02, -1.451241788379218E-02,  8.750266164701375E-03,  3.119105568457999E-05
A.D. 1965-Jan-01,  2.809380165509194E+00,  4.151270489988685E+00, -7.986994339183660E-02, -1.610971840677272E-02,  6.869183190885851E-03,  6.214457552636178E-05
A.D. 1965-Jul-01,  1.566038125495411E+00,  4.810888087441467E+00, -5.497730410275219E-02, -5.779192178789186E-03, -7.158379290617546E-03, -1.746617654945595E-04
A.D. 1966-Jan-01,  1.860570415712736E-01,  5.117933249132506E+00, -2.532542113912826E-02, -5.821328284948152E-03, -9.241331349912103E-03, -1.563956428061231E-04
A.D. 1966-Jul-01, -1.182053242925723E+00,  5.047767327216812E+00,  5.692077269172626E-03,  1.020764670247130E-03,  3.903425377882268E-03,  4.798055903848964E-04
A.D. 1967-Jan-01, -2.493351542479114E+00,  4.620642732495383E+00,  3.682998933419813E-02,  1.603617343998089E-03,  2.371463061500220E-03,  4.836046186578171E-04
A.D. 1967-Jul-01, -3.616751586504811E+00,  3.894197977902301E+00,  6.517293341501963E-02, -1.383225241653529E-02,  8.845530828562476E-04,  2.334657089020197E-04
A.D. 1968-Jan-01, -4.520409128974687E+00,  2.894478821470735E+00,  8.952632581559418E-02, -1.263753266441250E-02, -6.125640759170449E-04,  1.904723779827028E-04
A.D. 1968-Jul-01, -5.126311218573399E+00,  1.719700896281251E+00,  1.079066862657800E-01, -4.692027268122115E-03,  2.947810820974441E-03,  4.050434735750193E-04
A.D. 1969-Jan-01, -5.418665823462022E+00,  4.261022633970390E-01,  1.197772360719249E-01, -3.142557145881011E-03,  2.495836233975366E-03,  3.574200092194933E-04
A.D. 1969-Jul-01, -5.382561980656813E+00, -8.712356110793873E-01,  1.242006918295494E-01, -6.943956627979117E-03, -1.299030371948967E-02, -3.294535832236253E-04
A.D. 1970-Jan-01, -5.012818662362759E+00, -2.137973600912799E+00,  1.211222767346038E-01, -5.035698577602015E-03, -1.270528942728766E-02, -3.755708298493738E-04
A.D. 1970-Jul-01, -4.347150485232328E+00, -3.260290040130599E+00,  1.106498188768957E-01,  1.304564046592795E-02, -1.074640433863478E-02, -1.250073438766283E-04
A.D. 1971-Jan-01, -3.402653549656919E+00, -4.194728462048217E+00,  9.333509580528507E-02,  1.455222317116792E-02, -9.241359363211344E-03, -1.500461256443187E-04
A.D. 1971-Jul-01, -2.258893557337348E+00, -4.852549461756251E+00,  7.065546842517639E-02,  7.976729218076179E-03,  7.051205928818364E-03,  2.250059405970905E-04
A.D. 1972-Jan-01, -9.553599921650803E-01, -5.209988455042227E+00,  4.292456114639145E-02,  8.271184841166401E-03,  8.970704875872426E-03,  2.030033170067757E-04
A.D. 1972-Jul-01,  3.960926629739355E-01, -5.221549483249225E+00,  1.258585875155341E-02,  1.513741888276342E-02,  7.370960397024705E-03,  1.650891848534079E-04
A.D. 1973-Jan-01,  1.735259714236014E+00, -4.870363164602174E+00, -1.885497065821961E-02,  1.445112063704577E-02,  9.532877840647486E-03,  1.689132459591656E-04
A.D. 1973-Jul-01,  2.929640293388585E+00, -4.177318719143436E+00, -4.830245876054320E-02, -2.886859431811236E-03,  9.161895399655180E-03, -1.212108782354473E-04
A.D. 1974-Jan-01,  3.925722134326812E+00, -3.167399459629040E+00, -7.476955609232976E-02, -4.400284292621568E-03,  1.040452115203778E-02, -1.054822164044231E-04
A.D. 1974-Jul-01,  4.604758790348881E+00, -1.936638795675075E+00, -9.528497996940199E-02,  2.315952975973227E-03, -2.682610999413085E-03, -4.614287907232038E-04
A.D. 1975-Jan-01,  4.934474930689046E+00, -5.309648544101165E-01, -1.084555223368196E-01,  4.794895856821980E-04, -2.108584171752176E-03, -4.132158986789678E-04
A.D. 1975-Jul-01,  4.871473636956440E+00,  8.915474168488253E-01, -1.128641714058536E-01,  7.913541889762151E-03,  1.127896033399098E-02,  2.618707739126833E-04
A.D. 1976-Jan-01,  4.408129181956293E+00,  2.267101043526404E+00, -1.081386604567072E-01,  5.715380623168373E-03,  1.080781365963060E-02,  3.213752425990704E-04
A.D. 1976-Jul-01,  3.593446814962608E+00,  3.445958135181742E+00, -9.481431900034898E-02,  3.939992056183872E-03,  1.895088365831717E-03,  9.053390616975995E-05
A.D. 1977-Jan-01,  2.484406380655701E+00,  4.361604529650038E+00, -7.373368580073854E-02,  2.706599007308974E-03,  5.717639775338151E-04,  1.453443285709728E-04
A.D. 1977-Jul-01,  1.205594342718443E+00,  4.930969659594008E+00, -4.717883252929867E-02, -7.546549907553621E-03,  1.218879880786033E-02,  5.155109864230607E-04
A.D. 1978-Jan-01, -1.891630950853487E-01,  5.134646197585737E+00, -1.676676016339114E-02, -8.131536554911339E-03,  1.003532160433048E-02,  5.179394339699064E-04
A.D. 1978-Jul-01, -1.552599867895171E+00,  4.969111282926129E+00,  1.440396618407830E-02, -1.646512076317377E-02, -6.019438407646547E-03, -1.100024639801117E-04
A.D. 1979-Jan-01, -2.825898823782549E+00,  4.449708475047995E+00,  4.505978761254981E-02, -1.541045532472654E-02, -8.102555469127942E-03, -1.256704918684786E-04
A.D. 1979-Jul-01, -3.891885001359955E+00,  3.637599844927906E+00,  7.207613903684985E-02,  2.187690496427896E-03, -1.191319142369060E-02,  7.526319937979717E-06
A.D. 1980-Jan-01, -4.720356081340639E+00,  2.578481385695340E+00,  9.499336249088088E-02,  3.879178405495102E-03, -1.273823062750619E-02, -1.257714573855225E-05
A.D. 1980-Jul-01, -5.243550945645691E+00,  1.369448763501192E+00,  1.117339103371567E-01, -1.236479524244666E-03, -1.693518976449121E-02, -2.706296274589261E-04
A.D. 1981-Jan-01, -5.444432328215719E+00,  5.955410445436943E-02,  1.216270564209978E-01,  1.000401720563718E-03, -1.716816958213463E-02, -3.070021689886096E-04
A.D. 1981-Jul-01, -5.309427120476244E+00, -1.235225232605569E+00,  1.240042129331341E-01,  1.047862163768366E-02, -2.328986847532048E-03,  2.843168529765954E-04
A.D. 1982-Jan-01, -4.852161863862731E+00, -2.473521273441154E+00,  1.188795975934589E-01,  1.198993515241443E-02, -1.337438764218347E-03,  2.559111010623052E-04
A.D. 1982-Jul-01, -4.109668704602518E+00, -3.538509864865429E+00,  1.068472147114370E-01, -3.012318697930613E-03,  8.930048752541017E-04,  3.166087753281335E-05
A.D. 1983-Jan-01, -3.101111000894077E+00, -4.405865929939136E+00,  8.784280957990941E-02, -1.992689376903224E-03,  1.919108748197484E-03, -1.971568988701951E-05
A.D. 1983-Jul-01, -1.920415990841043E+00, -4.986863010856258E+00,  6.357582910816956E-02,  4.334887433401430E-03, -1.206080088159886E-02, -5.390758275281066E-04
A.D. 1984-Jan-01, -5.922625170868855E-01, -5.252180649360490E+00,  3.491906889079787E-02,  5.192466501741220E-03, -1.023140315919732E-02, -5.516455433650937E-04
A.D. 1984-Jul-01,  7.617123288754923E-01, -5.163687695061855E+00,  4.347331157837553E-03, -1.098236740349878E-03, -3.804610115470424E-03, -4.896026931963721E-04
A.D. 1985-Jan-01,  2.075094252977451E+00, -4.716426518164794E+00, -2.692461791544425E-02, -1.532684566710616E-03, -2.202222713483558E-03, -4.945523355553236E-04
A.D. 1985-Jul-01,  3.219629770815460E+00, -3.946235831693822E+00, -5.593231194744276E-02,  1.395742455429454E-02, -5.611061552905177E-04, -2.289829819973761E-04
A.D. 1986-Jan-01,  4.141308165143287E+00, -2.864211627709329E+00, -8.104843142803643E-02,  1.266510504111300E-02,  1.152513838475000E-03, -1.863778999559927E-04
A.D. 1986-Jul-01,  4.736995437169215E+00, -1.580233508667769E+00, -9.947161230857621E-02,  4.252546474607270E-03,  1.731515630424543E-02,  2.931262131474921E-04
A.D. 1987-Jan-01,  4.962072601096676E+00, -1.522357309318400E-01, -1.104162550295509E-01,  1.702063363564669E-03,  1.781739077403447E-02,  3.378492331374544E-04
A.D. 1987-Jul-01,  4.786199439671668E+00,  1.267993088681787E+00, -1.123517215868836E-01, -1.181985605666570E-02,  5.553861437310838E-03, -2.004495967431988E-04
A.D. 1988-Jan-01,  4.221904945594205E+00,  2.605070754114334E+00, -1.052525213139422E-01, -1.377325449447658E-02,  4.267156083977790E-03, -1.637337227672428E-04
A.D. 1988-Jul-01,  3.327170340723942E+00,  3.719283978570955E+00, -8.975716935573702E-02, -1.431841027266522E-02,  1.046019530623561E-02,  1.671069030054250E-04
A.D. 1989-Jan-01,  2.155145947850097E+00,  4.549654190252209E+00, -6.694552548608321E-02, -1.569253658289839E-02,  8.433313349367321E-03,  1.917991295402068E-04
A.D. 1989-Jul-01,  8.328338692627930E-01,  5.018059618247684E+00, -3.950734592156319E-02, -8.787832583064602E-03, -8.294373806323019E-03, -2.144643972808706E-04
A.D. 1990-Jan-01, -5.699006039845084E-01,  5.119725939338024E+00, -8.516215149470789E-03, -8.554111078083695E-03, -1.046607103369446E-02, -2.056285510524987E-04
A.D. 1990-Jul-01, -1.906984648170469E+00,  4.852315907361289E+00,  2.254582759417360E-02,  2.447389814603316E-03,  3.698370512938316E-04,  4.121894438117116E-04
A.D. 1991-Jan-01, -3.136975620202421E+00,  4.245327575310357E+00,  5.260923046372459E-02,  3.377357457882322E-03, -1.019230833502990E-03,  4.121651267005426E-04
A.D. 1991-Jul-01, -4.139168156052873E+00,  3.371376657993684E+00,  7.890115782880811E-02, -1.122445127681278E-02,  2.177210906701475E-03,  3.138874122254256E-04
A.D. 1992-Jan-01, -4.890163531822457E+00,  2.259477151284466E+00,  1.003207739369208E-01, -9.947626932343696E-03,  9.976795732822993E-04,  2.678355991639421E-04
A.D. 1992-Jul-01, -5.325501000028750E+00,  1.015362990833592E+00,  1.151656067649316E-01, -9.754482118205841E-04,  2.927243736812105E-03,  4.287152275649737E-04
A.D. 1993-Jan-01, -5.435078811488319E+00, -3.033737579211987E-01,  1.230795452607427E-01,  5.794436264408684E-04,  2.780560200308152E-03,  3.803130164278714E-04
A.D. 1993-Jul-01, -5.219026910065928E+00, -1.580206920889443E+00,  1.234886917264996E-01, -7.279238340497837E-03, -1.035538101032760E-02, -2.824022087019643E-04
A.D. 1994-Jan-01, -4.677223030527292E+00, -2.783925888149690E+00,  1.163337267389772E-01, -5.502405923547725E-03, -9.862951849897141E-03, -3.273878216583363E-04
A.D. 1994-Jul-01, -3.862834521973160E+00, -3.804678735380720E+00,  1.021035617900925E-01,  1.211380566268453E-02, -1.223461848482529E-02, -2.480876330533960E-04
A.D. 1995-Jan-01, -2.794292156984865E+00, -4.600715148524674E+00,  8.146842430548384E-02,  1.347974439897900E-02, -1.060250954278244E-02, -2.734675783506001E-04
A.D. 1995-Jul-01, -1.563989858436776E+00, -5.095436581338650E+00,  5.616708770598414E-02,  1.098070535798930E-02,  7.321366115872079E-03,  2.285285292256855E-04
A.D. 1996-Jan-01, -2.164687046103904E-01, -5.265915868416720E+00,  2.669740225529784E-02,  1.106218393171463E-02,  9.382386780055036E-03,  2.173165585232610E-04
A.D. 1996-Jul-01,  1.129394226695122E+00, -5.083085687690537E+00, -4.314930560607061E-03,  1.644376260348027E-02,  6.096625950009657E-03,  1.058323570841271E-04
A.D. 1997-Jan-01,  2.411290647222502E+00, -4.539406973992958E+00, -3.526888917943165E-02,  1.552391936574038E-02,  8.282894418768696E-03,  1.226945680902528E-04
A.D. 1997-Jul-01,  3.499937230782649E+00, -3.674706186196556E+00, -6.301792262416815E-02, -2.055792889729149E-03,  1.231674205982651E-02, -5.574520797346267E-06
A.D. 1998-Jan-01,  4.340672179712118E+00, -2.523188168018214E+00, -8.661092369658058E-02, -3.883915848302155E-03,  1.335614087279851E-02,  1.221894578371930E-05
A.D. 1998-Jul-01,  4.830317724157743E+00, -1.197884072977795E+00, -1.032814747833190E-01, -1.509096002664367E-03, -1.802280130632300E-03, -4.620888840137337E-04
A.D. 1999-Jan-01,  4.946165612015187E+00,  2.454814103312581E-01, -1.118565704758556E-01, -3.408160753352446E-03, -1.626421531611936E-03, -4.096658937475604E-04
A.D. 1999-Jul-01,  4.668433712613899E+00,  1.642721558265388E+00, -1.114598784120403E-01,  7.367327019394820E-03,  8.294552813244198E-03,  2.082719930765182E-04
A.D. 2000-Jan-01,  4.003759873308636E+00,  2.932543842015034E+00, -1.019185394346134E-01,  5.361590081729737E-03,  7.530189521672832E-03,  2.647022679989242E-04
A.D. 2000-Jul-01,  3.023666667166709E+00,  3.974866236812804E+00, -8.434841019769676E-02,  1.727776215068914E-03, -1.353243405912613E-03,  1.260041737407435E-05
A.D. 2001-Jan-01,  1.795095049584405E+00,  4.712654267813802E+00, -5.990468058537773E-02,  9.024647939276087E-04, -2.888874873863681E-03,  5.875126121922908E-05
A.D. 2001-Jul-01,  4.539330490481304E-01,  5.083907648739327E+00, -3.120312702713160E-02, -4.990024116617041E-03,  1.071949118770076E-02,  5.441731633336763E-04
A.D. 2002-Jan-01, -9.473675426012448E-01,  5.082243405223692E+00,  1.720401800896116E-04, -5.286860340705206E-03,  8.701160799196368E-03,  5.458333357371073E-04
A.D. 2002-Jul-01, -2.263262185390619E+00,  4.726098013915499E+00,  3.111726803979674E-02, -1.685129492727351E-02, -4.368822037038828E-03, -2.476314357800028E-05
A.D. 2003-Jan-01, -3.442099239833302E+00,  4.035447298049612E+00,  6.036187275516380E-02, -1.565099835012386E-02, -6.359423825028668E-03, -5.101281797933889E-05
A.D. 2003-Jul-01, -4.379363708527153E+00,  3.087733598715954E+00,  8.503359764227338E-02,  8.691016955428451E-04, -1.433937794261983E-02, -1.070015555429837E-04
A.D. 2004-Jan-01, -5.048544097758334E+00,  1.929858366399577E+00,  1.048121454235533E-01,  2.763563681438205E-03, -1.497522908321311E-02, -1.303357051562995E-04
A.D. 2004-Jul-01, -5.397112485500046E+00,  6.660612023420961E-01,  1.179296226764875E-01, -2.998265888328426E-03, -1.693726334542797E-02, -3.300140252126569E-04
A.D. 2005-Jan-01, -5.415734570564060E+00, -6.549226464530893E-01,  1.238240654065915E-01, -7.762511298976271E-04, -1.705577771720343E-02, -3.713845043973652E-04
A.D. 2005-Jul-01, -5.105547891075184E+00, -1.918583588654659E+00,  1.221224033018722E-01,  1.235696279590033E-02, -4.629582761559759E-03,  1.886464363035307E-04
A.D. 2006-Jan-01, -4.482137754581168E+00, -3.082553627601829E+00,  1.130110824094803E-01,  1.389919411271998E-02, -3.375809714732990E-03,  1.646054538556328E-04
A.D. 2006-Jul-01, -3.596038129139304E+00, -4.037134923899721E+00,  9.738004529607193E-02, -2.875008114906201E-04,  3.494112148372025E-03,  1.031758895067253E-04
A.D. 2007-Jan-01, -2.472465647894421E+00, -4.758783840124710E+00,  7.523488507079511E-02,  4.449250824752408E-04,  4.769023756416110E-03,  5.594114002930405E-05
A.D. 2007-Jul-01, -1.215712712818846E+00, -5.169095549494957E+00,  4.863080195603284E-02,  2.097359028442311E-03, -9.978994726312846E-03, -5.412562853369908E-04
A.D. 2008-Jan-01,  1.456966347007649E-01, -5.244220647836809E+00,  1.847078505219826E-02,  2.672942885535254E-03, -8.205386977467531E-03, -5.514784991570234E-04
A.D. 2008-Jul-01,  1.483805866737065E+00, -4.960958074358554E+00, -1.253104720337034E-02, -2.435324377147788E-03, -2.405251512558125E-04, -4.084302649859249E-04
A.D. 2009-Jan-01,  2.728025918750802E+00, -4.322382699466017E+00, -4.302967926262669E-02, -3.259662570073162E-03,  1.284959817046180E-03, -4.064080844052802E-04
A.D. 2009-Jul-01,  3.752350807716163E+00, -3.384369500736277E+00, -7.007013599239587E-02,  1.131119907994710E-02, -1.726496216627846E-03, -3.174908699430718E-04
A.D. 2010-Jan-01,  4.506962690510807E+00, -2.168342326363103E+00, -9.200479023920155E-02,  9.849229346181815E-03, -3.535987086590719E-04, -2.744952795589750E-04
A.D. 2010-Jul-01,  4.904230647122370E+00, -8.034078916433540E-01, -1.063724985013108E-01,  5.674476369126337E-03,  1.670201568173858E-02,  3.226990749716814E-04
A.D. 2011-Jan-01,  4.908677433744265E+00,  6.473489179225461E-01, -1.124900317070709E-01,  3.139792562607277E-03,  1.696029869537934E-02,  3.779292393379096E-04
A.D. 2011-Jul-01,  4.517920243361647E+00,  2.026940266465629E+00, -1.093987695354483E-01, -1.316679636610109E-02,  7.896772830775970E-03, -7.444717312303159E-05
A.D. 2012-Jan-01,  3.755919426529704E+00,  3.260346452613126E+00, -9.747335340095216E-02, -1.507984176663266E-02,  6.293287729651255E-03, -4.550381482066326E-05
A.D. 2012-Jul-01,  2.704773918133436E+00,  4.220682163741005E+00, -7.790072235872425E-02, -1.334977908014159E-02,  1.165116373350819E-02,  2.909272587878370E-04
A.D. 2013-Jan-01,  1.427259423658695E+00,  4.860547104937821E+00, -5.197010124253592E-02, -1.445217688707914E-02,  9.529760938612242E-03,  3.074929439129014E-04
A.D. 2013-Jul-01,  5.820306061134572E-02,  5.125644576936694E+00, -2.264281490868168E-02, -1.152149562849302E-02, -8.733008481284268E-03, -2.236535601203223E-04
A.D. 2014-Jan-01, -1.333416201281435E+00,  5.019757010912769E+00,  8.933383624701292E-03, -1.102547225670440E-02, -1.091582868966515E-02, -2.218221139032335E-04
A.D. 2014-Jul-01, -2.608281843754352E+00,  4.562672140978862E+00,  3.930255200692662E-02,  3.320631138242702E-03, -3.307320549430111E-03,  3.171908919557040E-04
A.D. 2015-Jan-01, -3.729464178888753E+00,  3.791308062103962E+00,  6.759867533082917E-02,  4.557946488329939E-03, -4.544012790877675E-03,  3.094845303298655E-04
A.D. 2015-Jul-01, -4.589547130503149E+00,  2.790525277839510E+00,  9.125084720555277E-02, -8.046192996786499E-03,  3.019251369370200E-03,  3.788288960627331E-04
A.D. 2016-Jan-01, -5.173489213930334E+00,  1.591381394888475E+00,  1.092972435453328E-01, -6.690843234657892E-03,  2.178694020254122E-03,  3.354011390236294E-04
A.D. 2016-Jul-01, -5.431040595538332E+00,  3.042179581480021E-01,  1.203260486254378E-01,  2.731297007603315E-03,  2.295222732173632E-03,  4.240172646985353E-04
A.D. 2017-Jan-01, -5.357032751953000E+00, -1.013514519983127E+00,  1.241448760100436E-01,  4.264706511391745E-03,  2.456818733986210E-03,  3.798373682144983E-04
A.D. 2017-Jul-01, -4.965613149255252E+00, -2.245892536140219E+00,  1.205409557354404E-01, -6.951492448783686E-03, -7.324117960864200E-03, -2.105252301655846E-04
A.D. 2018-Jan-01, -4.261564887747411E+00, -3.364515618195230E+00,  1.094311578297528E-01, -5.335687451566146E-03, -6.635870122880254E-03, -2.574465448751691E-04
A.D. 2018-Jul-01, -3.312038801913093E+00, -4.264645573610810E+00,  9.167699344157870E-02,  1.057761610447939E-02, -1.309104626912221E-02, -3.652231935779685E-04
A.D. 2019-Jan-01, -2.136752012964787E+00, -4.906661384300590E+00,  6.804426867685719E-02,  1.177190918921870E-02, -1.135092067617745E-02, -3.873108146313213E-04
A.D. 2019-Jul-01, -8.401981129981491E-01, -5.226711607730890E+00,  4.051897851106023E-02,  1.358084985660454E-02,  6.954449085223242E-03,  2.124783339436945E-04
A.D. 2020-Jan-01,  5.283920392875003E-01, -5.202725016098612E+00,  9.801402869604589E-03,  1.344377767486000E-02,  9.116577354938824E-03,  2.096389634453486E-04
A.D. 2020-Jul-01,  1.843911845191601E+00, -4.823090862812229E+00, -2.132018128855399E-02,  1.691181336340522E-02,  4.500303582545807E-03,  3.271249166486205E-05
A.D. 2021-Jan-01,  3.041996465605457E+00, -4.090943165652372E+00, -5.116161613938527E-02,  1.578284082544344E-02,  6.658577040826711E-03,  6.026862730602774E-05
A.D. 2021-Jul-01,  3.998887493140362E+00, -3.066283846373840E+00, -7.658293401351508E-02, -7.961351235074580E-04,  1.487876796425839E-02,  9.988926948068826E-05
A.D. 2022-Jan-01,  4.660433525095059E+00, -1.792989227337262E+00, -9.667011116773795E-02, -2.917220733552887E-03,  1.569208638639306E-02,  1.224910590264460E-04
A.D. 2022-Jul-01,  4.943157258153019E+00, -4.003894483451339E-01, -1.089559386256397E-01, -5.173742903625453E-03, -3.699278349498108E-04, -4.257260907797797E-04
A.D. 2023-Jan-01,  4.835848533609502E+00,  1.046775610826165E+00, -1.125702338490533E-01, -7.095300022278991E-03, -6.285064769607872E-04, -3.726314530683237E-04
A.D. 2023-Jul-01,  4.345042526355010E+00,  2.383031743275888E+00, -1.072401746206735E-01,  6.111756445290154E-03,  5.046332168585536E-03,  1.334764836676994E-04
A.D. 2024-Jan-01,  3.492697451270693E+00,  3.552256187022036E+00, -9.302582033109653E-02,  4.366005532757914E-03,  4.001178297380550E-03,  1.857869702627716E-04
A.D. 2024-Jul-01,  2.371015869115948E+00,  4.429464984542111E+00, -7.159562793666741E-02, -9.243829203272161E-04, -4.251837588214759E-03, -6.904660732524428E-05
A.D. 2025-Jan-01,  1.053815680616923E+00,  4.969716042240107E+00, -4.437134048181990E-02, -1.329584529605329E-03, -5.983377448179876E-03, -3.295634039521955E-05
A.D. 2025-Jul-01, -3.167139888798284E-01,  5.133691630267617E+00, -1.420947351351162E-02, -2.449910102859407E-03,  8.490291973005519E-03,  5.505158757198576E-04
A.D. 2026-Jan-01, -1.691522614972426E+00,  4.927536746784551E+00,  1.741288027807581E-02, -2.430272489395345E-03,  6.663118469463044E-03,  5.525213531696487E-04
A.D. 2026-Jul-01, -2.930746118390805E+00,  4.389633200472771E+00,  4.746194116691592E-02, -1.633511577040548E-02, -2.537134134319427E-03,  6.369424510976410E-05
A.D. 2027-Jan-01, -3.991101145027661E+00,  3.543163569213343E+00,  7.470022896141466E-02, -1.504208674756790E-02, -4.378725000938583E-03,  2.617801266695191E-05
A.D. 2027-Jul-01, -4.781782763465352E+00,  2.479239050130847E+00,  9.655668948578434E-02, -7.769165780749771E-04, -1.600445361790931E-02, -2.033945295702891E-04
A.D. 2028-Jan-01, -5.279590932214007E+00,  1.244132138075405E+00,  1.128217769530861E-01,  1.280522574743003E-03, -1.647513538355319E-02, -2.275616397240802E-04
A.D. 2028-Jul-01, -5.446992446976946E+00, -5.247021056452240E-02,  1.220491554322942E-01, -4.579647850674653E-03, -1.608002426817103E-02, -3.595400970517336E-04
A.D. 2029-Jan-01, -5.281803643671843E+00, -1.362164577508180E+00,  1.237887217711990E-01, -2.438260984452941E-03, -1.606667553180023E-02, -4.027107305460629E-04
A.D. 2029-Jul-01, -4.799790415289662E+00, -2.572949533053519E+00,  1.179653596900117E-01,  1.346291473354571E-02, -6.965918965555914E-03,  7.738874338976508E-05
A.D. 2030-Jan-01, -4.018005518091166E+00, -3.641648755401524E+00,  1.049213737850717E-01,  1.501830751075777E-02, -5.495356015275255E-03,  5.407749995647493E-05
A.D. 2030-Jul-01, -3.000719833604139E+00, -4.466998730282175E+00,  8.584080114979012E-02,  2.791556828808100E-03,  5.571538602031977E-03,  1.587975595057591E-04
A.D. 2031-Jan-01, -1.779565692085952E+00, -5.025864765160805E+00,  6.084484552335585E-02,  3.247591242448926E-03,  7.111529559871829E-03,  1.213277489716695E-04
A.D. 2031-Jul-01, -4.684445403802702E-01, -5.252317568352669E+00,  3.232360012118362E-02,  1.204593293406266E-04, -7.187546663247341E-03, -5.114738227905979E-04
A.D. 2032-Jan-01,  8.993026891968475E-01, -5.129330675098285E+00,  1.205462359128014E-03,  3.504814585841125E-04, -5.491560230547874E-03, -5.219977366782095E-04
A.D. 2032-Jul-01,  2.191521180993374E+00, -4.650895163024333E+00, -2.958541258676755E-02, -3.227969175168684E-03,  3.510011050284864E-03, -3.075197849600972E-04
A.D. 2033-Jan-01,  3.335304876753618E+00, -3.829617602504062E+00, -5.859150671063520E-02, -4.428975909831850E-03,  4.932539151756880E-03, -3.004642976981271E-04
A.D. 2033-Jul-01,  4.210877799040007E+00, -2.741753780092489E+00, -8.294913547064892E-02,  8.046448712602789E-03, -2.439333544417090E-03, -3.890375742762758E-04
A.D. 2034-Jan-01,  4.775332673946233E+00, -1.419807807529679E+00, -1.010733464229943E-01,  6.422504606584029E-03, -1.457324376016386E-03, -3.431958364560569E-04
A.D. 2034-Jul-01,  4.960652610104851E+00, -8.650970423095252E-03, -1.109459640573267E-01,  6.709379840577724E-03,  1.521772700094553E-02,  3.306280081803241E-04
A.D. 2035-Jan-01,  4.743285278456589E+00,  1.426428126927524E+00, -1.120409873802564E-01,  4.287030887558703E-03,  1.520010677039853E-02,  3.906752723693992E-04
A.D. 2035-Jul-01,  4.149173458266616E+00,  2.728974724224905E+00, -1.040249850301308E-01, -1.366588537458544E-02,  9.994146185541916E-03,  4.929588033773940E-05
A.D. 2036-Jan-01,  3.211962598448552E+00,  3.828387059727060E+00, -8.763110939434364E-02, -1.547682128279647E-02,  8.168115188670081E-03,  7.358095831713304E-05
A.D. 2036-Jul-01,  2.033826954788096E+00,  4.614446536820977E+00, -6.453329508594709E-02, -1.168459895233892E-02,  1.222069958933137E-02,  3.894056540849725E-04
A.D. 2037-Jan-01,  6.838216796198944E-01,  5.053970480881675E+00, -3.615720981481364E-02, -1.250022400849311E-02,  1.006448493514321E-02,  4.002971269881860E-04
A.D. 2037-Jul-01, -6.999787550462596E-01,  5.116146377914617E+00, -5.617154996084017E-03, -1.380268677259750E-02, -8.458451974610979E-03, -1.975548124338100E-04
A.D. 2038-Jan-01, -2.051937337970062E+00,  4.811275108889732E+00,  2.589333317922631E-02, -1.307543581658007E-02, -1.059832555589137E-02, -2.031758545222598E-04
A.D. 2038-Jul-01, -3.241780375789738E+00,  4.179018679074367E+00,  5.502222435249779E-02,  3.561079958391929E-03, -6.901726779798206E-03,  2.010560223216371E-04
A.D. 2039-Jan-01, -4.236365669172008E+00,  3.261435473090487E+00,  8.109150875302915E-02,  5.053781760254073E-03, -7.988625330869728E-03,  1.852002037862949E-04
A.D. 2039-Jul-01, -4.942293577451876E+00,  2.153407708235708E+00,  1.017434428039410E-01, -4.512575247038555E-03,  3.290497661998648E-03,  4.260096107986405E-04
A.D. 2040-Jan-01, -5.351647639427597E+00,  8.882439360004646E-01,  1.161682766808380E-01, -3.072320341351292E-03,  2.788080834016450E-03,  3.870008743219083E-04
A.D. 2040-Jul-01, -5.428459044561928E+00, -4.203744791378778E-01,  1.232368392654869E-01,  6.201866319002064E-03,  1.059344512819975E-03,  3.935250675724060E-04
A.D. 2041-Jan-01, -5.172301099390713E+00, -1.715343670880168E+00,  1.229075918292727E-01,  7.704964425100785E-03,  1.537924486944816E-03,  3.547875520764771E-04
A.D. 2041-Jul-01, -4.611231710610629E+00, -2.882384818951156E+00,  1.153329170411900E-01, -5.918471063947214E-03, -4.109197843325837E-03, -1.294715974762503E-04
A.D. 2042-Jan-01, -3.755971316670303E+00, -3.895270865291250E+00,  1.004306611969677E-01, -4.498081722757319E-03, -3.228061982016653E-03, -1.786407846535778E-04
A.D. 2042-Jul-01, -2.687295512918437E+00, -4.656038094670169E+00,  7.944834308744771E-02,  8.578246977457675E-03, -1.319353186786718E-02, -4.559696192955759E-04
A.D. 2043-Jan-01, -1.427206241474468E+00, -5.128708939936397E+00,  5.323818533981461E-02,  9.564113549057254E-03, -1.137258426345628E-02, -4.722614602048302E-04
A.D. 2043-Jul-01, -9.133771143975257E-02, -5.264201408099899E+00,  2.402581304388993E-02,  1.556166717699320E-02,  6.037836700497246E-03,  1.661733449244231E-04
A.D. 2044-Jan-01,  1.267454495191769E+00, -5.043033851509735E+00, -7.284056304826702E-03,  1.519087911316330E-02,  8.239443783681587E-03,  1.687147876559720E-04
A.D. 2044-Jul-01,  2.520668681964680E+00, -4.472766398805543E+00, -3.779407683082221E-02,  1.644669269646485E-02,  2.733033037672736E-03, -5.788285548884225E-05
A.D. 2045-Jan-01,  3.604083634892390E+00, -3.568402248918716E+00, -6.580137491540558E-02,  1.515275534481500E-02,  4.781191979950134E-03, -2.344109359809290E-05
A.D. 2045-Jul-01,  4.403958911530620E+00, -2.409367031286333E+00, -8.828315166416133E-02,  7.563366381749278E-04,  1.663182128509639E-02,  1.928735681220091E-04
A.D. 2046-Jan-01,  4.869659570210043E+00, -1.047320156201195E+00, -1.043906425788820E-01, -1.594370673803853E-03,  1.721394752110423E-02,  2.241173015121195E-04
A.D. 2046-Jul-01,  4.940605214062132E+00,  3.763928763647737E-01, -1.120461039684537E-01, -8.407243654357913E-03,  1.487898726863301E-03, -3.561606460381062E-04
A.D. 2047-Jan-01,  4.616946611562842E+00,  1.791288437801270E+00, -1.107283175501213E-01, -1.030572527831199E-02,  8.076727941891614E-04, -3.082150384261293E-04
A.D. 2047-Jul-01,  3.930256552874827E+00,  3.036337814162778E+00, -1.007399400931069E-01,  4.229968897512443E-03,  1.790188836723352E-03,  4.339398555307509E-05
A.D. 2048-Jan-01,  2.915722793936215E+00,  4.062119095882365E+00, -8.234139742610265E-02,  2.788596838183079E-03,  5.004988157860773E-04,  9.364729700121510E-05
A.D. 2048-Jul-01,  1.681976467035945E+00,  4.761152865151682E+00, -5.766180532921401E-02, -3.848105942103251E-03, -6.569288197052460E-03, -1.443849624324766E-04
A.D. 2049-Jan-01,  3.065681692850928E-01,  5.100308384877268E+00, -2.832551618107026E-02, -3.871478150670146E-03, -8.481060036208179E-03, -1.166915793404667E-04
A.D. 2049-Jul-01, -1.065640945916363E+00,  5.061587583476109E+00,  2.649579708160114E-03, -1.602363132209913E-04,  5.651113519726358E-03,  5.296718228164972E-04
A.D. 2050-Jan-01, -2.389025863178170E+00,  4.662106561663818E+00,  3.392363473811094E-02,  1.945441141296464E-04,  4.038602258944224E-03,  5.300551016423781E-04
A.D. 2050-Jul-01, -3.531197306137381E+00,  3.957874275361202E+00,  6.256291080497502E-02, -1.496057553510714E-02, -7.046252218747018E-04,  1.531508654081937E-04
A.D. 2051-Jan-01, -4.457193701646039E+00,  2.975063534860901E+00,  8.737965457130192E-02, -1.361243724884426E-02, -2.345481886294598E-03,  1.080326403427990E-04
A.D. 2051-Jul-01, -5.090182964088297E+00,  1.816769892905527E+00,  1.061285928152211E-01, -2.587667913857352E-03, -1.681102714130250E-02, -2.734648559250645E-04
A.D. 2052-Jan-01, -5.410462967345411E+00,  5.280066911128368E-01,  1.186758078572543E-01, -4.170619173755426E-04, -1.713389840316305E-02, -3.006833195262220E-04
A.D. 2052-Jul-01, -5.395659528581106E+00, -7.773668628172458E-01,  1.239147228518316E-01, -5.821086295925225E-03, -1.442662368358243E-02, -3.549608330130472E-04
A.D. 2053-Jan-01, -5.050913983296196E+00, -2.051234901550743E+00,  1.215266647871693E-01, -3.817454788411923E-03, -1.425358720434079E-02, -4.008244038515418E-04
A.D. 2053-Jul-01, -4.406867400226659E+00, -3.185631395738757E+00,  1.117359536355056E-01,  1.374645538567866E-02, -9.119693641920475E-03, -5.035367908593649E-05
A.D. 2054-Jan-01, -3.482044848503488E+00, -4.137613032507569E+00,  9.503957533175036E-02,  1.527506125706665E-02, -7.492210617747297E-03, -7.281172276826655E-05
A.D. 2054-Jul-01, -2.354091654508851E+00, -4.816413810489599E+00,  7.290080051041825E-02,  5.997787735352911E-03,  7.017421002338786E-03,  2.055700916520319E-04
A.D. 2055-Jan-01, -1.060669210651382E+00, -5.199678329976396E+00,  4.558366588989680E-02,  6.194064672702788E-03,  8.806650649182303E-03,  1.798757392132099E-04
A.D. 2055-Jul-01,  2.768057551548471E-01, -5.236177606936597E+00,  1.576489358853222E-02, -1.461640972143473E-03, -3.864334472718239E-03, -4.605261672275626E-04
A.D. 2056-Jan-01,  1.620321009950952E+00, -4.916618625264573E+00, -1.562279738750214E-02, -1.618597182613420E-03, -2.261270569923184E-03, -4.722344305666867E-04
A.D. 2056-Jul-01,  2.836804184177592E+00, -4.253113771207750E+00, -4.551039738293411E-02, -3.431357668496453E-03,  7.183869405891544E-03, -2.000235241031075E-04
A.D. 2057-Jan-01,  3.853438003841356E+00, -3.267862589411950E+00, -7.236840936404978E-02, -4.966122145673297E-03,  8.479728856062291E-03, -1.890389338833723E-04
A.D. 2057-Jul-01,  4.560157761537413E+00, -2.055660054527613E+00, -9.349869306626862E-02,  4.391794190860534E-03, -2.629418949845484E-03, -4.346298541120045E-04
A.D. 2058-Jan-01,  4.922371076072475E+00, -6.593776602272640E-01, -1.074428683415837E-01,  2.629239879779528E-03, -2.053269458852276E-03, -3.845239909410701E-04
A.D. 2058-Jul-01,  4.893418544807585E+00,  7.647427946420358E-01, -1.126735655257233E-01,  7.245614303590154E-03,  1.300572378740145E-02,  3.121470476207221E-04
A.D. 2059-Jan-01,  4.462522583218903E+00,  2.151552177113721E+00, -1.088362560034950E-01,  5.003346640808709E-03,  1.269092849848552E-02,  3.716022598453545E-04
A.D. 2059-Jul-01,  3.682317005117867E+00,  3.349171849382564E+00, -9.621833943608091E-02, -1.334185240973052E-02,  1.170216079041570E-02,  1.703063336589580E-04
A.D. 2060-Jan-01,  2.594280219149217E+00,  4.293704841947575E+00, -7.585298014503523E-02, -1.499657942847056E-02,  9.731852813856856E-03,  1.937282760514402E-04
A.D. 2060-Jul-01,  1.317264936731140E+00,  4.893358053935700E+00, -4.984403950685554E-02, -9.499207641654839E-03,  1.208689942124809E-02,  4.664720235260154E-04
A.D. 2061-Jan-01, -7.529641609664187E-02,  5.128954788144881E+00, -1.970677287433625E-02, -1.001781924953310E-02,  9.945653888349665E-03,  4.747578664412828E-04
A.D. 2061-Jul-01, -1.445025528897255E+00,  4.992723230488798E+00,  1.137646836023942E-02, -1.546916955579492E-02, -7.551033452599490E-03, -1.483866235143597E-04
A.D. 2062-Jan-01, -2.731256252083365E+00,  4.500636699025189E+00,  4.217952351433010E-02, -1.452991175005001E-02, -9.600825075686065E-03, -1.639018857959647E-04
A.D. 2062-Jul-01, -3.814727859813701E+00,  3.710887165481194E+00,  6.952490994905738E-02,  3.187115981961327E-03, -1.019363772063885E-02,  7.844055273759751E-05
A.D. 2063-Jan-01, -4.666113203529909E+00,  2.669202952836254E+00,  9.291711735230099E-02,  4.888193412581479E-03, -1.111803519077604E-02,  5.796991924456901E-05
A.D. 2063-Jul-01, -5.207536641732752E+00,  1.478463464972683E+00,  1.102423061121302E-01, -8.352130471740586E-04,  2.965296003976618E-03,  4.507967283284742E-04
A.D. 2064-Jan-01, -5.437644031934409E+00,  1.740775537251473E-01,  1.208563482106538E-01,  6.828094573614787E-04,  2.787651146803685E-03,  4.131737954300722E-04
A.D. 2064-Jul-01, -5.335142406623084E+00, -1.129128778578001E+00,  1.239184588163257E-01,  9.217767727251060E-03, -6.582616080133061E-04,  3.396788361445105E-04
A.D. 2065-Jan-01, -4.904161432519410E+00, -2.375547851744641E+00,  1.195196665632814E-01,  1.068295366704952E-02,  1.293545133572649E-04,  3.037557010419873E-04
A.D. 2065-Jul-01, -4.185690720691496E+00, -3.454638633268695E+00,  1.081564313066075E-01, -4.221515708138269E-03, -9.155287967697048E-04, -5.065729059306498E-05
A.D. 2066-Jan-01, -3.196310450439109E+00, -4.342031182765910E+00,  8.977043719420803E-02, -3.026928382177425E-03,  1.484458612750895E-04, -9.842147675554456E-05
A.D. 2066-Jul-01, -2.028633781735471E+00, -4.948065140287018E+00,  6.597446023277304E-02,  6.287819684300222E-03, -1.249303099658340E-02, -5.097870572661785E-04
A.D. 2067-Jan-01, -7.071831809130773E-01, -5.241038840317521E+00,  3.767427351622439E-02,  7.051407173739704E-03, -1.062217970852610E-02, -5.215244112289830E-04
A.D. 2067-Jul-01,  6.428669911427294E-01, -5.187067518253087E+00,  7.315680325845272E-03,  1.679635041553015E-02,  4.690347359311391E-03,  8.960759633933662E-05
A.D. 2068-Jan-01,  1.965837390119430E+00, -4.769770477285319E+00, -2.399183113883732E-02,  1.619262955516526E-02,  6.889163648679549E-03,  9.771244104586841E-05
A.D. 2068-Jul-01,  3.131471239699564E+00, -4.016144218094085E+00, -5.327357159794713E-02,  1.508349367298019E-02,  1.013057227034555E-03, -1.592906012463945E-04
A.D. 2069-Jan-01,  4.076229992058606E+00, -2.953671688712935E+00, -7.883699250799629E-02,  1.365417336753293E-02,  2.875257623140128E-03, -1.188609586179145E-04
A.D. 2069-Jul-01,  4.698786348870812E+00, -1.681023217572913E+00, -9.784108976070757E-02,  2.422312856475333E-03,  1.751863667400165E-02,  2.696359282436718E-04
A.D. 2070-Jan-01,  4.954008340103850E+00, -2.571501087610008E-01, -1.095102340525930E-01, -9.933301072165258E-05,  1.786730789045477E-02,  3.104835773206155E-04
A.D. 2070-Jul-01,  4.806961436664609E+00,  1.166713251391418E+00, -1.122410134242530E-01, -1.106752949919745E-02,  3.658839689069823E-03, -2.632539606716668E-04
A.D. 2071-Jan-01,  4.269935767563021E+00,  2.516219205674087E+00, -1.059049756831510E-01, -1.291198166448194E-02,  2.559027312684963E-03, -2.228421565328121E-04
A.D. 2071-Jul-01,  3.400211480075096E+00,  3.639474058146950E+00, -9.139459407327351E-02,  1.766050962466922E-03, -1.290000159901533E-03, -4.097052256031918E-05
A.D. 2072-Jan-01,  2.245741132831724E+00,  4.495540671766351E+00, -6.919135410867380E-02,  6.795542423204101E-04, -2.802462312029041E-03,  7.315806374682071E-06
A.D. 2072-Jul-01,  9.288218217179612E-01,  4.998217833857725E+00, -4.183086649988761E-02, -6.848780185389418E-03, -8.246923465702796E-03, -1.940561148800479E-04
A.D. 2073-Jan-01, -4.720297983903126E-01,  5.127667827315058E+00, -1.107954835883434E-02, -6.523525462042950E-03, -1.029968308461028E-02, -1.747731437480360E-04
A.D. 2073-Jul-01, -1.813716679662599E+00,  4.887578582603367E+00,  1.996933076970107E-02,  1.740890292900779E-03,  2.324556338400453E-03,  4.710102861627818E-04
A.D. 2074-Jan-01, -3.055261930339729E+00,  4.305036102787487E+00,  5.016085546010418E-02,  2.447328697185410E-03,  9.478481468779900E-04,  4.670102574331041E-04
A.D. 2074-Jul-01, -4.075231419073473E+00,  3.451423574522303E+00,  7.672889148819284E-02, -1.276191935227784E-02,  9.331040928143958E-04,  2.418356434524289E-04
A.D. 2075-Jan-01, -4.847707674995060E+00,  2.355046665953163E+00,  9.858610593013252E-02, -1.139621407890261E-02, -4.444772040324118E-04,  1.949639942608289E-04
A.D. 2075-Jul-01, -5.310735123184013E+00,  1.127971554763538E+00,  1.138548142479268E-01, -4.356200970777413E-03, -1.670890797037926E-02, -3.154446298128410E-04
A.D. 2076-Jan-01, -5.448262473130163E+00, -1.875920320627767E-01,  1.224396868637345E-01, -2.141378228567522E-03, -1.690016937945011E-02, -3.501667570748245E-04
A.D. 2076-Jul-01, -5.252545465523855E+00, -1.475958611924997E+00,  1.235884083597185E-01, -6.570483768879854E-03, -1.209198097722421E-02, -3.201635533996734E-04
A.D. 2077-Jan-01, -4.735175813142925E+00, -2.689682941955630E+00,  1.171143732200217E-01, -4.752788885751250E-03, -1.173313634249911E-02, -3.707914315072117E-04
A.D. 2077-Jul-01, -3.940744836989679E+00, -3.726186472926198E+00,  1.035234655208535E-01,  1.324941466762834E-02, -1.090778069156307E-02, -1.844648328704876E-04
A.D. 2078-Jan-01, -2.888629589572191E+00, -4.543311139116228E+00,  8.344518095933599E-02,  1.470696321304292E-02, -9.177824404699527E-03, -2.037453446911987E-04
A.D. 2078-Jul-01, -1.669012571832031E+00, -5.061690538549018E+00,  5.859777133309332E-02,  9.139306097397075E-03,  7.772125811032852E-03,  2.346574294777677E-04
A.D. 2079-Jan-01, -3.251220250839936E-01, -5.259255570468159E+00,  2.940803385507830E-02,  9.106076290887988E-03,  9.785031188618279E-03,  2.189244902639410E-04
A.D. 2079-Jul-01,  1.015319450997535E+00, -5.100736878276642E+00, -1.196069545140068E-03, -2.501894719468781E-03, -1.811306735888383E-04, -3.892379538731890E-04
A.D. 2080-Jan-01,  2.308849132862318E+00, -4.584900320928618E+00, -3.226534779073564E-02, -3.076231345558273E-03,  1.331601297605990E-03, -3.986952462712841E-04
A.D. 2080-Jul-01,  3.423334515557682E+00, -3.743242038052496E+00, -6.062667742141926E-02, -3.055459030110446E-03,  1.060440434619468E-02, -8.857226965291055E-05
A.D. 2081-Jan-01,  4.287572843751183E+00, -2.608622647323235E+00, -8.469611496412340E-02, -4.893143008836124E-03,  1.174051653429090E-02, -7.075816406828817E-05
A.D. 2081-Jul-01,  4.804470720908409E+00, -1.294057732204609E+00, -1.020006609785652E-01,  5.358368940103712E-04, -2.224523731128530E-03, -4.478978780292012E-04
A.D. 2082-Jan-01,  4.949583964267919E+00,  1.468039398357688E-01, -1.112905859492888E-01, -1.348289677393731E-03, -2.075902259328099E-03, -3.964212275836083E-04
A.D. 2082-Jul-01,  4.700838224320012E+00,  1.549953188448930E+00, -1.116063332454925E-01,  7.145183102088083E-03,  1.021140608702179E-02,  2.637889314944771E-04
A.D. 2083-Jan-01,  4.062441318778484E+00,  2.852655303899308E+00, -1.028046490038608E-01,  5.145624860613405E-03,  9.571804644584524E-03,  3.214351032570441E-04
A.D. 2083-Jul-01,  3.113139887550440E+00,  3.912798069428934E+00, -8.581986247000868E-02, -1.228582498612813E-02,  1.281047428182424E-02,  2.928978585532022E-04
A.D. 2084-Jan-01,  1.900769239470158E+00,  4.676701725079613E+00, -6.194039435197356E-02, -1.370533659270037E-02,  1.076447450036794E-02,  3.157268403394162E-04
A.D. 2084-Jul-01,  5.566813591875186E-01,  5.074076071904911E+00, -3.363337396673217E-02, -6.966818486057996E-03,  1.116015424458427E-02,  5.271759664127428E-04
A.D. 2085-Jan-01, -8.444105955312755E-01,  5.099915567675994E+00, -2.437177091023186E-03, -7.181584694385625E-03,  9.089033544513051E-03,  5.326016041238117E-04
A.D. 2085-Jul-01, -2.167966586342513E+00,  4.768810007679115E+00,  2.849477097033410E-02, -1.636351253158942E-02, -6.157899617519691E-03, -8.758035640534974E-05
A.D. 2086-Jan-01, -3.360405429202739E+00,  4.100929140837691E+00,  5.793642030953261E-02, -1.524153558886742E-02, -8.072813228158756E-03, -1.135496678300128E-04
A.D. 2086-Jul-01, -4.315425070136548E+00,  3.170670872885305E+00,  8.295442252984096E-02,  2.278143630941000E-03, -1.299838873659457E-02, -3.791708845211863E-05
A.D. 2087-Jan-01, -5.007169633211581E+00,  2.025189449900971E+00,  1.032167367376815E-01,  4.139984981794085E-03, -1.374969758534619E-02, -6.012962646116976E-05
A.D. 2087-Jul-01, -5.373959630452359E+00,  7.732438622149057E-01,  1.168726962333490E-01,  2.788906397841794E-03,  2.024432366978557E-03,  4.462779204565457E-04
A.D. 2088-Jan-01, -5.419563581302369E+00, -5.478016036268660E-01,  1.234409049334318E-01,  4.371082108698796E-03,  2.154014225934699E-03,  4.069615923869044E-04
A.D. 2088-Jul-01, -5.137331334976681E+00, -1.823309339064431E+00,  1.223738791871677E-01,  1.163603127359979E-02, -2.744137860044415E-03,  2.589338429365737E-04
A.D. 2089-Jan-01, -4.535830966991185E+00, -2.999452621491506E+00,  1.138777539511195E-01,  1.306794128914802E-02, -1.656369271543115E-03,  2.241267717079314E-04
A.D. 2089-Jul-01, -3.668689379848138E+00, -3.970621663919455E+00,  9.879008980517996E-02, -1.906074521626250E-03,  2.047900271963175E-03,  2.663577148436203E-05
A.D. 2090-Jan-01, -2.558885761083263E+00, -4.713563796347328E+00,  7.711494210426417E-02, -9.694484256403657E-04,  3.298936749645587E-03, -1.574708027072886E-05
A.D. 2090-Jul-01, -1.310282424807992E+00, -5.148670884636393E+00,  5.083095471068469E-02,  3.919022888312786E-03, -1.095861899612100E-02, -5.344799334228137E-04
A.D. 2091-Jan-01,  4.891303233350897E-02, -5.249796353793531E+00,  2.088738999284416E-02,  4.427627632367859E-03, -9.072555139148144E-03, -5.445557392477021E-04
A.D. 2091-Jul-01,  1.385363813790352E+00, -5.000066681257700E+00, -1.005595177879340E-02,  1.716463753696124E-02,  3.095084078329937E-03, -3.309901602192151E-06
A.D. 2092-Jan-01,  2.641707134742886E+00, -4.388375625774099E+00, -4.069060180987234E-02,  1.631833214007176E-02,  5.239698038038158E-03,  1.409333617459287E-05
A.D. 2092-Jul-01,  3.689135478375372E+00, -3.462538104962793E+00, -6.802783286657110E-02,  1.285686749651951E-02, -4.898108032908493E-04, -2.555010984428823E-04
A.D. 2093-Jan-01,  4.467302361801142E+00, -2.263364505645137E+00, -9.044819517123300E-02,  1.131696429368355E-02,  1.090115676408524E-03, -2.073581748021625E-04
A.D. 2093-Jul-01,  4.891801875387689E+00, -9.073434554173951E-01, -1.054056561306799E-01,  4.001418311031975E-03,  1.745139109304928E-02,  3.256191029779633E-04
A.D. 2094-Jan-01,  4.926437133322300E+00,  5.415446092617856E-01, -1.122562593435752E-01,  1.409005004691138E-03,  1.756495371498086E-02,  3.721986185014069E-04
A.D. 2094-Jul-01,  4.564263826599078E+00,  1.927342269669751E+00, -1.099603878767136E-01, -1.298115036288582E-02,  5.936759017116720E-03, -1.578976251358454E-04
A.D. 2095-Jan-01,  3.829059115463095E+00,  3.176000161319014E+00, -9.878258362694306E-02, -1.473406637075378E-02,  4.459424347127544E-03, -1.234028879728043E-04
A.D. 2095-Jul-01,  2.801303843307635E+00,  4.150378248538617E+00, -8.015624244708010E-02, -1.104952803837443E-03, -3.984791766116259E-03, -1.073271445486349E-04
A.D. 2096-Jan-01,  1.538493321425709E+00,  4.819169535425968E+00, -5.475515759734149E-02, -1.812308764521868E-03, -5.680853994649979E-03, -6.423128922603112E-05
A.D. 2096-Jul-01,  1.715998905167257E-01,  5.118846518399492E+00, -2.540570866534223E-02, -9.712728377266805E-03, -9.175855652755974E-03, -2.111453629436975E-04
A.D. 2097-Jan-01, -1.223067236442007E+00,  5.041892879812123E+00,  6.068574364292034E-03, -9.103900225249510E-03, -1.132082443441183E-02, -2.026012645027008E-04
A.D. 2097-Jul-01, -2.507705931374664E+00,  4.611365358865082E+00,  3.657232248646678E-02,  3.098168653340301E-03, -1.265254853793815E-03,  3.791218981966938E-04
A.D. 2098-Jan-01, -3.645683920836312E+00,  3.861913875363731E+00,  6.514887212740093E-02,  4.149418024973796E-03, -2.424625743225963E-03,  3.709003978245823E-04
A.D. 2098-Jul-01, -4.527733957209530E+00,  2.877507457579491E+00,  8.921863950560815E-02, -9.899235911261456E-03,  2.191275801341334E-03,  3.247289748429214E-04
A.D. 2099-Jan-01, -5.136010027278800E+00,  1.688362133141320E+00,  1.078057831331312E-01, -8.527723060272930E-03,  1.123314386814807E-03,  2.788255718601649E-04
A.D. 2099-Jul-01, -5.422954382946941E+00,  4.136879831369613E-01,  1.193968834865345E-01, -5.900342017958852E-03, -1.575364504031419E-02, -3.324480351580375E-04
A.D. 2100-Jan-01, -5.376231597704010E+00, -9.071139398108730E-01,  1.239027274403160E-01, -3.702142698911436E-03, -1.582099615048476E-02
