julian, epoch, x, y, z, vx, vy, vz, LT, RG, RR
2433282.500000000, A.D. 1950-Jan-01,  3.407712388085137E+00, -3.756011289260072E+00, -6.088653559508282E-02,  4.395287797650379E-03,  5.700800915738842E-03, -3.051265787390554E-07,  2.929265902792072E-02,  5.071866687441103E+00, -1.268640865091949E-03

2433463.500000000, A.D. 1950-Jul-01,  4.260822290542219E+00, -2.645835165320903E+00, -8.421910614357452E-02,  2.940708251241974E-03,  6.135727761370930E-03, -1.750089536215249E-05,  2.897108639277721E-02,  5.016188111651092E+00, -7.381730941535159E-04

2433647.500000000, A.D. 1951-Jan-01,  4.797114366283998E+00, -1.317177215529833E+00, -1.017922333866045E-01,  2.531467952939718E-03,  6.685697190064839E-03, -1.816995577828570E-04,  2.873726584697684E-02,  4.975703339136798E+00,  6.744752753936726E-04

2433828.500000000, A.D. 1951-Jul-01,  4.951390230092449E+00,  9.780116214127019E-02, -1.114488368061632E-01,  8.800416444314617E-04,  7.731229179396935E-03, -1.717416789812263E-04,  2.860966483076886E-02,  4.953609908056607E+00,  1.036152079888987E-03

2434012.500000000, A.D. 1952-Jan-01,  4.708467382928223E+00,  1.533029097763903E+00, -1.122998828083242E-01, -2.248967717892569E-03,  8.676653863364008E-03,  3.639107060240706E-05,  2.860628547304714E-02,  4.953024790405204E+00,  5.467941511395984E-04

2434194.500000000, A.D. 1952-Jul-01,  4.081211410744706E+00,  2.829836989620363E+00, -1.032406845898862E-01, -5.297678534156313E-03,  7.269008288498271E-03,  2.049342131623022E-04,  2.868922828201510E-02,  4.967385892596933E+00, -2.158066884771363E-04

2434378.500000000, A.D. 1953-Jan-01,  3.112245374290089E+00,  3.906650296833334E+00, -8.532883133681010E-02, -6.693791324610682E-03,  4.159197432933477E-03,  1.712820722901467E-04,  2.885174551629248E-02,  4.995524879429122E+00, -9.205852459106806E-04

2434559.500000000, A.D. 1953-Jul-01,  1.920959353112364E+00,  4.659612201967106E+00, -6.176480849857157E-02, -6.879895150454584E-03,  2.109938634029283E-03,  8.611722294634348E-05,  2.911106779926477E-02,  5.040425140858605E+00, -6.725270294123938E-04

2434743.500000000, A.D. 1954-Jan-01,  5.678987772872618E-01,  5.066048293756684E+00, -3.378545442400371E-02, -6.468216928420664E-03,  1.393510254741692E-03,  3.236146600501689E-05,  2.944296470367160E-02,  5.097891308457842E+00,  6.640401318554154E-04

2434924.500000000, A.D. 1954-Jul-01, -8.079039869210433E-01,  5.100639323356087E+00, -3.338115036924408E-03, -6.924519435818921E-03,  1.394964606464943E-04,  1.258923819657478E-04,  2.982608826232962E-02,  5.164227096290534E+00,  1.220985760604679E-03

2435108.500000000, A.D. 1955-Jan-01, -2.152928653346738E+00,  4.774499519467476E+00,  2.850500191829690E-02, -7.928683646701035E-03, -2.126216456118257E-03,  3.052104443470269E-04,  3.024947229521542E-02,  5.237533769144684E+00,  1.322563459808817E-03

2435289.500000000, A.D. 1955-Jul-01, -3.333133514554183E+00,  4.123902025154715E+00,  5.801546941925875E-02, -7.070130730910227E-03, -4.679746856268371E-03,  2.793521319068722E-04,  3.062643216431783E-02,  5.302802347213350E+00,  8.077010264235896E-04

2435473.500000000, A.D. 1956-Jan-01, -4.310913349428440E+00,  3.182261007062424E+00,  8.393227843750156E-02, -4.299206356868232E-03, -6.832293445531313E-03,  5.674426724730549E-05,  3.095042219059606E-02,  5.358899481303413E+00, -5.978601166697037E-04

2435655.500000000, A.D. 1956-Jul-01, -4.996649384073048E+00,  2.049076380418399E+00,  1.034991752588781E-01, -1.853034408781873E-03, -6.908927345705909E-03, -5.180407276128769E-05,  3.119631733601376E-02,  5.401474905933138E+00, -9.077739626683345E-04

2435839.500000000, A.D. 1957-Jan-01, -5.373108969932639E+00,  7.809041838033649E-01,  1.166990765179361E-01, -8.922341975849792E-04, -6.001000533915420E-03,  5.556868672499827E-05,  3.136576013210774E-02,  5.430813016622126E+00,  2.105577202858109E-05

2436020.500000000, A.D. 1957-Jul-01, -5.423406631138056E+00, -5.142960274565657E-01,  1.233396425357710E-01,  2.965309763882492E-06, -6.200257942601504E-03,  1.222994876073717E-04,  3.147156864814821E-02,  5.449133193265761E+00,  5.850050293269614E-04

2436204.500000000, A.D. 1958-Jan-01, -5.148900304667296E+00, -1.801435901791583E+00,  1.231696519983381E-01,  1.450635338813378E-03, -7.400686213016600E-03,  7.242278151121497E-05,  3.151312300833668E-02,  5.456328107696605E+00,  1.076109294922687E-03

2436385.500000000, A.D. 1958-Jul-01, -4.565668961150593E+00, -2.964095100486232E+00,  1.149739728367055E-01,  3.833732188727867E-03, -7.112381330527562E-03, -7.749767017976220E-05,  3.144578101566093E-02,  5.444668203111211E+00,  6.555610455935585E-04

2436569.500000000, A.D. 1959-Jan-01, -3.686859883077807E+00, -3.965437935308415E+00,  9.882753561468614E-02,  6.565943492982680E-03, -4.979950194452863E-03, -2.470982358358461E-04,  3.127719178503312E-02,  5.415477882701326E+00, -8.280802633929676E-04

2436750.500000000, A.D. 1959-Jul-01, -2.595811470427260E+00, -4.701017710516194E+00,  7.707267883308454E-02,  7.423883616503819E-03, -2.593485728764904E-03, -2.220680954330097E-04,  3.101821412079346E-02,  5.370637290155718E+00, -1.321276210543618E-03

2436934.500000000, A.D. 1960-Jan-01, -1.323964883754640E+00, -5.142291607627986E+00,  5.053491382477426E-02,  6.527016263039261E-03, -6.202737632847545E-04, -4.111886066573814E-05,  3.066936176936717E-02,  5.310235377910469E+00, -1.027071176798722E-03

2437116.500000000, A.D. 1960-Jul-01,  1.555053253804261E-02, -5.246967373322382E+00,  2.145756579550142E-02,  6.334799037362044E-03,  1.930620706980480E-04, -3.540518826561602E-05,  3.030434273993781E-02,  5.247034292140816E+00, -1.744300771873831E-04

2437300.500000000, A.D. 1961-Jan-01,  1.368407812903733E+00, -5.000256186538746E+00, -9.669213526962482E-03,  7.373714776015537E-03,  1.221289245879807E-03, -2.285504225898749E-04,  2.994103311842205E-02,  5.184129181176450E+00,  7.688272351833696E-04

2437481.500000000, A.D. 1961-Jul-01,  2.609119353259332E+00, -4.406669981429155E+00, -4.021915614432255E-02,  7.358942301414735E-03,  3.576949342733786E-03, -2.981182860219086E-04,  2.957824549239813E-02,  5.121314450929779E+00,  6.736382980136854E-04

2437665.500000000, A.D. 1962-Jan-01,  3.681321163773782E+00, -3.475020848339226E+00, -6.866795508446882E-02,  5.729006364217380E-03,  6.809260275170778E-03, -1.862666719265340E-04,  2.924067457202601E-02,  5.062865857920443E+00, -5.054881093744847E-04

2437846.500000000, A.D. 1962-Jul-01,  4.454312246398215E+00, -2.295564034366039E+00, -9.076724004878828E-02,  3.104110182868599E-03,  8.184065369221829E-03, -3.626916513252364E-05,  2.894609498379508E-02,  5.011860983322869E+00, -9.890693455469187E-04

2438030.500000000, A.D. 1963-Jan-01,  4.883592550761036E+00, -9.173902990865029E-01, -1.053657362043087E-01,  2.009825776531011E-04,  7.501115631519913E-03,  6.699537848925412E-05,  2.870507162812032E-02,  4.970129082938650E+00, -1.188498852329059E-03

2438211.500000000, A.D. 1963-Jul-01,  4.922590155861791E+00,  5.057703021572734E-01, -1.118719165573445E-01, -1.408947446729133E-03,  6.859420354811147E-03,  2.352903682406756E-05,  2.858748137038065E-02,  4.949768960956248E+00, -7.008432093955610E-04

2438395.500000000, A.D. 1964-Jan-01,  4.567057157396075E+00,  1.906873810820003E+00, -1.100708790369014E-01, -2.001963779859717E-03,  6.769129228872884E-03, -1.034798078686210E-04,  2.859102925809070E-02,  4.950383258670572E+00,  7.628060606698657E-04

2438577.500000000, A.D. 1964-Jul-01,  3.850227373769827E+00,  3.145764984965836E+00, -9.957527399114345E-02, -3.906017392807794E-03,  6.822021518123991E-03, -1.577139063968462E-05,  2.872123131548745E-02,  4.972927046071963E+00,  1.291591795179440E-03

2438761.500000000, A.D. 1965-Jan-01,  2.812627753132925E+00,  4.151044576879539E+00, -8.037751674901571E-02, -6.954432556309047E-03,  5.558488393615307E-03,  2.291553404524454E-04,  2.896323486231774E-02,  5.014828661293756E+00,  6.969099815030814E-04

2438942.500000000, A.D. 1965-Jul-01,  1.569652359195848E+00,  4.815888969346290E+00, -5.487989115060563E-02, -8.392737953643262E-03,  2.895391061258124E-03,  2.967385311983108E-04,  2.925606862221620E-02,  5.065531255085991E+00,  1.488325564586845E-04

2439126.500000000, A.D. 1966-Jan-01,  1.842783652297432E-01,  5.119240888825875E+00, -2.468297307863759E-02, -7.838716821530194E-03, -5.007560811624484E-04,  1.580412665819793E-04,  2.958576281552876E-02,  5.122616035081927E+00, -7.831736417952474E-04

2439307.500000000, A.D. 1966-Jul-01, -1.187228340773570E+00,  5.047348277483561E+00,  6.122707609765647E-03, -6.750854962031220E-03, -2.285538048641911E-03,  5.855578346390411E-05,  2.994664636300232E-02,  5.185101084347412E+00, -6.790111938700311E-04

2439491.500000000, A.D. 1967-Jan-01, -2.492133833412661E+00,  4.619273429139968E+00,  3.643273149524601E-02, -5.822239234271403E-03, -2.537751156913079E-03,  7.343236428899389E-05,  3.031445476899701E-02,  5.248785135697860E+00,  5.315340907535263E-04

2439672.500000000, A.D. 1967-Jul-01, -3.613769647469274E+00,  3.891446496634944E+00,  6.448564105608445E-02, -5.506797537033819E-03, -3.644850811572941E-03,  1.677611650242820E-04,  3.067384544352097E-02,  5.311011702024858E+00,  1.078396053378327E-03

2439856.500000000, A.D. 1968-Jan-01, -4.521462607734982E+00,  2.896741252663765E+00,  8.950759903535577E-02, -5.293928047665425E-03, -5.903206696331047E-03,  2.615063979062119E-04,  3.101767680175203E-02,  5.370544256247661E+00,  1.277271322571183E-03

2440038.500000000, A.D. 1968-Jul-01, -5.132884668556996E+00,  1.721660022837948E+00,  1.083960725421886E-01, -3.127275687922254E-03, -7.765446866377676E-03,  1.327876606077894E-04,  3.127450800547386E-02,  5.415013200675359E+00,  4.980375050845873E-04

2440222.500000000, A.D. 1969-Jan-01, -5.423998042471614E+00,  4.215570731999505E-01,  1.199102836217875E-01,  2.677417656414041E-04, -7.820998208588866E-03, -9.211518551196001E-05,  3.142850263218951E-02,  5.441676543751849E+00, -8.747806759165100E-04

2440403.500000000, A.D. 1969-Jul-01, -5.379829621253830E+00, -8.780325575751240E-01,  1.238723864702927E-01,  2.235382254747193E-03, -6.834598284490239E-03, -1.247549101809835E-04,  3.149053494433660E-02,  5.452417105652490E+00, -1.107844361241279E-03

2440587.500000000, A.D. 1970-Jan-01, -5.006605826983072E+00, -2.139135841068054E+00,  1.205476016770029E-01,  2.617231052823613E-03, -5.474399275467701E-03,  2.981397307729106E-05,  3.145221068703021E-02,  5.445781466198663E+00, -2.551271193731339E-04

2440768.500000000, A.D. 1970-Jul-01, -4.343453810663642E+00, -3.253791782697718E+00,  1.106047352645812E-01,  3.445204715832550E-03, -5.129005498881158E-03,  6.430452319758365E-05,  3.135047184244146E-02,  5.428165931323641E+00,  3.190287107737673E-04

2440952.500000000, A.D. 1971-Jan-01, -3.405303043040044E+00, -4.189992063490102E+00,  9.400892524023133E-02,  5.211270908787274E-03, -5.411446637750769E-03, -7.318174280324603E-05,  3.118831235695917E-02,  5.400088886775166E+00,  9.112964891078302E-04

2441133.500000000, A.D. 1971-Jul-01, -2.266098184609723E+00, -4.853646818839184E+00,  7.112313413485394E-02,  7.106181334571558E-03, -3.934248807535056E-03, -2.171175096147774E-04,  3.093982792433794E-02,  5.357065140963696E+00,  5.556601294453231E-04

2441317.500000000, A.D. 1972-Jan-01, -9.567494121485656E-01, -5.214138777505045E+00,  4.258132198588540E-02,  8.426919047457015E-03, -6.596116589601687E-04, -2.833598487817627E-04,  3.061810619104478E-02,  5.301360749629334E+00, -8.743432434931614E-04

2441499.500000000, A.D. 1972-Jul-01,  3.988197799632867E-01, -5.220244303684312E+00,  1.204950398986848E-02,  7.652330602466346E-03,  2.053105911359799E-03, -1.611444782472507E-04,  3.023755675170197E-02,  5.235470656739933E+00, -1.464578038025493E-03

2441683.500000000, A.D. 1973-Jan-01,  1.734229131129533E+00, -4.863684207693320E+00, -1.877003165630315E-02,  5.901975287877017E-03,  3.095800206354180E-03, -2.414447815919135E-05,  2.982278081378602E-02,  5.163654429327361E+00, -9.336728419264609E-04

2441864.500000000, A.D. 1973-Jul-01,  2.925639172869126E+00, -4.176118632985860E+00, -4.795287501219833E-02,  5.178313710796934E-03,  3.996268360372447E-03, -6.428851302233363E-05,  2.945040428768398E-02,  5.099179432498916E+00, -3.012113069863188E-04

2442048.500000000, A.D. 1974-Jan-01,  3.920826551752708E+00, -3.172752065634565E+00, -7.450768712168331E-02,  5.337245695369643E-03,  5.306740431743654E-03, -2.427402346387175E-04,  2.913334717809125E-02,  5.044282695721726E+00,  8.142939700762764E-04

2442229.500000000, A.D. 1974-Jul-01,  4.607086380558218E+00, -1.941401056026564E+00, -9.533554040039331E-02,  3.972619013732690E-03,  7.199674923358113E-03, -2.374520220025068E-04,  2.887953900593718E-02,  5.000337172984390E+00,  8.694173853682708E-04

2442413.500000000, A.D. 1975-Jan-01,  4.941893281640622E+00, -5.315190677939411E-01, -1.089997322877818E-01,  8.397647889303674E-04,  9.007761212066714E-03, -2.757911908269805E-05,  2.871350659084124E-02,  4.971589551460585E+00, -1.276780294526830E-04

2442594.500000000, A.D. 1975-Jul-01,  4.873945420491843E+00,  8.972654541366841E-01, -1.131143372094571E-01, -2.208153406127079E-03,  8.643836835445819E-03,  1.205156239556404E-04,  2.863004544460684E-02,  4.957138701953260E+00, -6.092698276999820E-04

2442778.500000000, A.D. 1976-Jan-01,  4.404038499571678E+00,  2.273210060473680E+00, -1.075744713042547E-01, -4.407831339818835E-03,  6.305567796283163E-03,  1.326643724351667E-04,  2.863085356442306E-02,  4.957278623561995E+00, -1.027307612727523E-03

2442960.500000000, A.D. 1976-Jul-01,  3.590039847665686E+00,  3.447498289511382E+00, -9.418163843458711E-02, -5.066467837461840E-03,  4.681341867878530E-03,  2.903477479697144E-05,  2.875170015253856E-02,  4.978202561671189E+00, -4.123251029882235E-04

2443144.500000000, A.D. 1977-Jan-01,  2.486402260581803E+00,  4.359716143500236E+00, -7.389053458209083E-02, -5.537524470966040E-03,  4.347779465805258E-03,  2.686175292598898E-06,  2.898986943120123E-02,  5.019440293939525E+00,  1.033257131506611E-03

2443325.500000000, A.D. 1977-Jul-01,  1.206788181661277E+00,  4.928633234064805E+00, -4.778772937322529E-02, -6.857038146883586E-03,  3.141302288703697E-03,  1.184350218234339E-04,  2.930758135061346E-02,  5.074450407522384E+00,  1.419202857917819E-03

2443509.500000000, A.D. 1978-Jan-01, -1.896764175719164E-01,  5.138534805639486E+00, -1.697283718050973E-02, -8.627238508107217E-03,  6.411696932989695E-04,  3.107724178745844E-04,  2.969807534026692E-02,  5.142062345922431E+00,  9.579389470747069E-04

2443690.500000000, A.D. 1978-Jul-01, -1.552822057161559E+00,  4.970985959422185E+00,  1.463921812328805E-02, -8.390121704253612E-03, -2.249084928086478E-03,  2.950221151581417E-04,  3.007829399757259E-02,  5.207895165677514E+00,  3.557128705034126E-04

2443874.500000000, A.D. 1979-Jan-01, -2.829052100295985E+00,  4.445774039113052E+00,  4.548871662466291E-02, -6.125103924409142E-03, -4.796664007111489E-03,  8.382873588991659E-05,  3.043567294492743E-02,  5.269773412242776E+00, -7.576858853922071E-04

2444055.500000000, A.D. 1979-Jul-01, -3.891978282875859E+00,  3.635473962531743E+00,  7.228858360730554E-02, -4.217376753573312E-03, -5.653890138000326E-03, -3.848451703347786E-06,  3.076209982616929E-02,  5.326292474690394E+00, -7.774469514961783E-04

2444239.500000000, A.D. 1980-Jan-01, -4.714350575440909E+00,  2.578656358946714E+00,  9.451899891030180E-02, -3.224051319318894E-03, -5.234395218546318E-03,  8.119420632452383E-05,  3.103958488111945E-02,  5.374337522602331E+00,  3.180440500522871E-04

2444421.500000000, A.D. 1980-Jul-01, -5.237010919380432E+00,  1.372408881011306E+00,  1.114066315498027E-01, -2.675356890664787E-03, -6.031082934824229E-03,  1.856798992149786E-04,  3.127441893590092E-02,  5.414997778756872E+00,  1.062686943746405E-03

2444605.500000000, A.D. 1981-Jan-01, -5.444361278584894E+00,  6.363795772508310E-02,  1.221303685220790E-01, -1.099831299842794E-03, -7.883937825274374E-03,  1.262778419362279E-04,  3.145406636549052E-02,  5.446102766964033E+00,  1.010187254003388E-03

2444786.500000000, A.D. 1981-Jul-01, -5.315320606796652E+00, -1.232221113911793E+00,  1.246579488916644E-01,  1.483137696247515E-03, -8.153224857273845E-03, -2.699408718879974E-05,  3.152107409186820E-02,  5.457704795134034E+00,  3.957448248953460E-04

2444970.500000000, A.D. 1982-Jan-01, -4.854121346659405E+00, -2.475717237633897E+00,  1.188687446715123E-01,  4.465839241249182E-03, -6.510364512224798E-03, -1.923212445935027E-04,  3.147832323289811E-02,  5.450302713361150E+00, -1.024303644040649E-03

2445151.500000000, A.D. 1982-Jul-01, -4.108414399589662E+00, -3.544208596566282E+00,  1.062606195010131E-01,  5.697954315379894E-03, -4.620892627149286E-03, -1.691876295923523E-04,  3.134344307430154E-02,  5.426948937845902E+00, -1.299096093889051E-03

2445335.500000000, A.D. 1983-Jan-01, -3.099268369575932E+00, -4.405098976047885E+00,  8.739898209775676E-02,  5.333133444324823E-03, -3.129978115152603E-03, -4.675958684036023E-07,  3.111176894422514E-02,  5.386835805693701E+00, -5.088310412428484E-04

2445516.500000000, A.D. 1983-Jul-01, -1.917550861250139E+00, -4.982950975648599E+00,  6.371512969602591E-02,  5.809268756497336E-03, -2.328843721296559E-03, -3.958784453569964E-06,  3.083870522104495E-02,  5.339556287647004E+00,  8.702849570534084E-05

2445700.500000000, A.D. 1984-Jan-01, -5.941207993415787E-01, -5.252653542547338E+00,  3.551152012257290E-02,  7.367098445388126E-03, -1.644354895817066E-03, -1.949551825876129E-04,  3.053092706601819E-02,  5.286266152049742E+00,  8.046051549973096E-04

2445882.500000000, A.D. 1984-Jul-01,  7.608620972339930E-01, -5.170111781020951E+00,  4.445533178792717E-03,  8.359707807457494E-03,  8.733105605874688E-04, -3.108476531681058E-04,  3.018170429434629E-02,  5.225800103527132E+00,  3.528817935576681E-04

2446066.500000000, A.D. 1985-Jan-01,  2.080634753157984E+00, -4.721104264960807E+00, -2.754880638060423E-02,  7.394240997071232E-03,  4.386127854921601E-03, -2.071304908699084E-04,  2.979777104307139E-02,  5.159324121763712E+00, -1.030550864324401E-03

2446247.500000000, A.D. 1985-Jul-01,  3.225665879994235E+00, -3.942553350027088E+00, -5.632740832658849E-02,  5.418381001188751E-03,  6.228837915885424E-03, -7.467035217290228E-05,  2.942218198040313E-02,  5.094292891471552E+00, -1.388894049679524E-03

2446431.500000000, A.D. 1986-Jan-01,  4.141482954918423E+00, -2.857400038198012E+00, -8.063814490697653E-02,  3.097916631093479E-03,  6.228189118398068E-03,  3.330421688405526E-06,  2.906361023984224E-02,  5.032208119164774E+00, -9.869876886638396E-04

2446612.500000000, A.D. 1986-Jul-01,  4.730073696305175E+00, -1.577658446017511E+00, -9.891688461423857E-02,  1.793383902602510E-03,  6.476996258868196E-03, -5.349713819555298E-05,  2.880379475765099E-02,  4.987222462937690E+00, -3.469582658810535E-04

2446796.500000000, A.D. 1987-Jan-01,  4.957280611768434E+00, -1.559928431117822E-01, -1.103236158452109E-01,  1.160055683909712E-03,  7.400947527823308E-03, -1.781221717570152E-04,  2.865212241223463E-02,  4.960961210403734E+00,  9.304402090872020E-04

2446977.500000000, A.D. 1987-Jul-01,  4.788471609541137E+00,  1.260916479581439E+00, -1.127849202276845E-01, -9.634511953084648E-04,  8.079405487129546E-03, -1.040938015781177E-04,  2.860607359221421E-02,  4.952988104376216E+00,  1.127750949815767E-03

2447161.500000000, A.D. 1988-Jan-01,  4.226919394064231E+00,  2.604066240672561E+00, -1.058158680636168E-01, -4.477131692672680E-03,  7.851464597208681E-03,  1.478287562053312E-04,  2.868008981160614E-02,  4.965803615494768E+00,  3.031969454105171E-04

2447343.500000000, A.D. 1988-Jul-01,  3.326303634700213E+00,  3.721463736288169E+00, -8.978989687898865E-02, -6.859270266367803E-03,  5.525202051393042E-03,  2.501672603514675E-04,  2.883230521347491E-02,  4.992158895338697E+00, -4.560429843531884E-04

2447527.500000000, A.D. 1989-Jan-01,  2.149191464071404E+00,  4.547753310937996E+00, -6.647106422888505E-02, -7.063381431085016E-03,  2.441684444065812E-03,  1.218641624400265E-04,  2.905349943182663E-02,  5.030457487024875E+00, -8.119502084067273E-04

2447708.500000000, A.D. 1989-Jul-01,  8.321199637080762E-01,  5.014688194843614E+00, -3.914017042240095E-02, -6.807583094920040E-03,  7.178919427372074E-04,  4.394140439500741E-05,  2.935932539750962E-02,  5.083409611515300E+00, -4.065069666710558E-04

2447892.500000000, A.D. 1990-Jan-01, -5.641210511264083E-01,  5.115909097560889E+00, -8.964301393172185E-03, -6.730749261651590E-03,  2.660790252454027E-04,  8.798748747634280E-05,  2.972616073043652E-02,  5.146925180486861E+00,  1.002036075338842E-03

2448073.500000000, A.D. 1990-Jul-01, -1.903160452422912E+00,  4.854854847777466E+00,  2.205882937343115E-02, -7.078456900563390E-03, -1.261428474524361E-03,  1.996471856131931E-04,  3.011705595406807E-02,  5.214606590396659E+00,  1.409845776171252E-03

2448257.500000000, A.D. 1991-Jan-01, -3.137643767998893E+00,  4.252644488324923E+00,  5.281426088895515E-02, -7.314213743288668E-03, -4.092669345827847E-03,  2.976062969469906E-04,  3.052435634100657E-02,  5.285128466281201E+00,  1.052093118540988E-03

2448438.500000000, A.D. 1991-Jul-01, -4.144610490366603E+00,  3.372862352077819E+00,  7.930746127935073E-02, -5.672837304022170E-03, -6.324625557705206E-03,  2.060772114628037E-04,  3.086542380240357E-02,  5.344182466601922E+00,  4.109053236883864E-04

2448622.500000000, A.D. 1992-Jan-01, -4.895535987556270E+00,  2.254322313429565E+00,  1.005224681558879E-01, -2.455135506798436E-03, -7.322151095787397E-03, -2.488312147113018E-05,  3.113339024739946E-02,  5.390579418289756E+00, -8.328948215157688E-04

2448804.500000000, A.D. 1992-Jul-01, -5.327012787661337E+00,  1.011047265593373E+00,  1.148273390534556E-01, -4.149874106371645E-04, -6.740622112786104E-03, -6.189371895128044E-05,  3.132251991706938E-02,  5.423326205472555E+00, -8.503179098365611E-04

2448988.500000000, A.D. 1993-Jan-01, -5.433473865070546E+00, -3.019688297237368E-01,  1.225341039129854E-01,  1.768439345092288E-06, -6.087712384189574E-03,  9.665168635152872E-05,  3.143751984259006E-02,  5.443237825334398E+00,  3.381321563054425E-04

2449169.500000000, A.D. 1993-Jul-01, -5.215986016334439E+00, -1.578671228484344E+00,  1.232887707441360E-01,  1.068934156864374E-03, -6.370515462333552E-03,  1.238162272059543E-04,  3.148262171245947E-02,  5.451046972025858E+00,  8.249184110759969E-04

2449353.500000000, A.D. 1994-Jan-01, -4.680314732921457E+00, -2.784498634009933E+00,  1.168313944383767E-01,  3.259888874290135E-03, -7.171109913712629E-03, -2.862296443414197E-05,  3.146063691388588E-02,  5.447240422152418E+00,  8.641615584011991E-04

2449534.500000000, A.D. 1994-Jul-01, -3.865112370602677E+00, -3.804400008438225E+00,  1.026811989557484E-01,  5.609242644967483E-03, -6.103372573792288E-03, -1.797173125549096E-04,  3.132817922202459E-02,  5.424306083750215E+00,  2.803794479612754E-04

2449718.500000000, A.D. 1995-Jan-01, -2.790653800313947E+00, -4.603056294992738E+00,  8.122817501125050E-02,  7.423963604801543E-03, -3.154249295500731E-03, -2.462570606046833E-04,  3.109271838772845E-02,  5.383537304086841E+00, -1.155100788174468E-03

2449899.500000000, A.D. 1995-Jul-01, -1.562310386856876E+00, -5.096048349385907E+00,  5.558635929991232E-02,  7.541781585193618E-03, -7.982179954084534E-04, -1.703160029666148E-04,  3.078606573060566E-02,  5.330442042410735E+00, -1.449094351477945E-03

2450083.500000000, A.D. 1996-Jan-01, -2.173778215085457E-01, -5.260564859470509E+00,  2.662118529885038E-02,  6.385222263240302E-03,  4.598366972121926E-04, -2.276028930436047E-05,  3.040880576008671E-02,  5.265121503392538E+00, -7.231765457465905E-04

2450265.500000000, A.D. 1996-Jul-01,  1.125285958627083E+00, -5.076964429982092E+00, -3.763310971500069E-03,  6.394511997770369E-03,  1.249417899045137E-03, -8.595656922594867E-05,  3.003372294525434E-02,  5.200177927195965E+00,  1.639805070070256E-04

2450449.500000000, A.D. 1997-Jan-01,  2.406488694764713E+00, -4.539854565558384E+00, -3.485032458940562E-02,  7.300269202260385E-03,  3.013960161136042E-03, -2.809771072343561E-04,  2.967665773741857E-02,  5.138354002944491E+00,  7.579988936518329E-04

2450630.500000000, A.D. 1997-Jul-01,  3.497818013023807E+00, -3.681433829469222E+00, -6.323715736710715E-02,  6.513435965873991E-03,  5.505379509413442E-03, -2.858187190474998E-04,  2.933126699705820E-02,  5.078551450075711E+00,  4.988031855750826E-04

2450814.500000000, A.D. 1998-Jan-01,  4.343445278780343E+00, -2.525562069925172E+00, -8.729173413494951E-02,  3.758261274863276E-03,  8.031854583461952E-03, -8.263711567329671E-05,  2.902254021212395E-02,  5.025097064301570E+00, -7.868368528393346E-04

2450995.500000000, A.D. 1998-Jul-01,  4.836284910109220E+00, -1.195514116222215E+00, -1.035788193664900E-01,  9.180161713706544E-04,  8.504472137316758E-03,  5.400824980472699E-05,  2.877902843313854E-02,  4.982934306777292E+00, -1.150531492517952E-03

2451179.500000000, A.D. 1999-Jan-01,  4.945641550008472E+00,  2.479564444513100E-01, -1.113443177543526E-01, -1.289969332346019E-03,  7.091467357540398E-03,  5.349352979174801E-05,  2.860674939876214E-02,  4.953105116652717E+00, -9.342234796088797E-04

2451360.500000000, A.D. 1999-Jul-01,  4.663575014899629E+00,  1.645372349190244E+00, -1.107987359810958E-01, -2.576038177087776E-03,  6.327277526838144E-03, -1.277856852899908E-05,  2.856894948321639E-02,  4.946560264160430E+00, -3.237409142963234E-04

2451544.500000000, A.D. 2000-Jan-01,  4.003592523001187E+00,  2.930705445836205E+00, -1.019849916684367E-01, -3.421085386581858E-03,  6.484606255387342E-03, -6.429847120627960E-05,  2.866204678565864E-02,  4.962679562394756E+00,  1.070872379474213E-03

2451726.500000000, A.D. 2000-Jul-01,  3.029552058195684E+00,  3.974971190630225E+00, -8.481816698146537E-02, -5.592942851157939E-03,  5.958741034940322E-03,  8.492302717595855E-05,  2.886937525305063E-02,  4.998577373724255E+00,  1.347285217613891E-03

2451910.500000000, A.D. 2001-Jan-01,  1.798845497045642E+00,  4.719086019292591E+00, -5.992747810771756E-02, -8.174397196456976E-03,  3.563686729433585E-03,  2.894341999107542E-04,  2.917020391385423E-02,  5.050664241696979E+00,  4.149001937449252E-04

2452091.500000000, A.D. 2001-Jul-01,  4.496063402605047E-01,  5.088995864796730E+00, -3.088119716583948E-02, -8.689875052717304E-03,  6.165432746463581E-04,  2.855508851407195E-04,  2.950661298659234E-02,  5.108911667024500E+00, -1.523328153896060E-04

2452275.500000000, A.D. 2002-Jan-01, -9.544500466588682E-01,  5.081225554234049E+00,  6.367752363027946E-04, -7.120887046696839E-03, -2.108764752887982E-03,  8.961051871827519E-05,  2.985994835362750E-02,  5.170089789360619E+00, -7.579213271256367E-04

2452456.500000000, A.D. 2002-Jul-01, -2.264595274128250E+00,  4.719009342204925E+00,  3.110543988962043E-02, -5.847265397552227E-03, -3.338276953503957E-03,  2.258015080320761E-05,  3.023107806308824E-02,  5.234348906579698E+00, -4.797097449698666E-04

2452640.500000000, A.D. 2003-Jan-01, -3.437303686744344E+00,  4.030923664931960E+00,  5.968899277383900E-02, -5.406460917930400E-03, -3.480369092974616E-03,  1.295252917410088E-04,  3.059769372911882E-02,  5.297826441407185E+00,  8.611601739945185E-04

2452821.500000000, A.D. 2003-Jul-01, -4.372802623539711E+00,  3.091212839181642E+00,  8.466630555185004E-02, -4.934454261107430E-03, -4.774813122868493E-03,  2.160918735234858E-04,  3.093229157241286E-02,  5.355760262077926E+00,  1.276331701699823E-03

2453005.500000000, A.D. 2004-Jan-01, -5.048150515429350E+00,  1.935641459516109E+00,  1.052742260294337E-01, -3.830119143975336E-03, -7.189284543813214E-03,  2.026717481537458E-04,  3.123141330973900E-02,  5.407551585412141E+00,  1.006088749972039E-03

2453187.500000000, A.D. 2004-Jul-01, -5.398958158205882E+00,  6.657474029635969E-01,  1.185242812884959E-01, -1.085305962750818E-03, -8.289530234263374E-03,  2.481795480985636E-05,  3.142541034411869E-02,  5.441141130669704E+00,  6.317237110674590E-05

2453371.500000000, A.D. 2005-Jan-01, -5.413238385115895E+00, -6.600047919597238E-01,  1.237367687353949E-01,  1.954614192699333E-03, -7.207581425504699E-03, -1.313489696546372E-04,  3.150388651935431E-02,  5.454728859204555E+00, -1.070631949737785E-03

2453552.500000000, A.D. 2005-Jul-01, -5.102922410591964E+00, -1.919165049409884E+00,  1.217148229049769E-01,  3.382618677947145E-03, -5.914448011409246E-03, -1.058827592594251E-04,  3.149528738233246E-02,  5.453239964783590E+00, -1.086203117353932E-03

2453736.500000000, A.D. 2006-Jan-01, -4.479518040319449E+00, -3.076599201421187E+00,  1.127897798798050E-01,  3.389834526343175E-03, -5.042812709726200E-03,  5.429982459271111E-05,  3.139262046243371E-02,  5.435463738649925E+00,  6.181866398671531E-05

2453917.500000000, A.D. 2006-Jul-01, -3.598430658730978E+00, -4.034111294907997E+00,  9.744468517145753E-02,  4.403057387281073E-03, -4.698025920268029E-03,  3.535940402588204E-05,  3.122641362968455E-02,  5.406685917645624E+00,  5.755296992594361E-04

2454101.500000000, A.D. 2007-Jan-01, -2.479296126869214E+00, -4.760635061559212E+00,  7.570511405007327E-02,  6.630732877764888E-03, -4.279357109331318E-03, -1.737257222899776E-04,  3.100344651677652E-02,  5.368080358782727E+00,  7.301968237930702E-04

2454282.500000000, A.D. 2007-Jul-01, -1.216364189857414E+00, -5.174041714102501E+00,  4.888304474401615E-02,  8.117127518851054E-03, -2.127951057859051E-03, -2.861255885883501E-04,  3.069873480779032E-02,  5.315321161858772E+00,  2.112266740534452E-04

2454466.500000000, A.D. 2008-Jan-01,  1.516362088208826E-01, -5.248631974099791E+00,  1.793792211342388E-02,  8.214993785775514E-03,  1.434705026809093E-03, -2.356735270309057E-04,  3.032639538179852E-02,  5.250852588715282E+00, -1.197667531333332E-03

2454648.500000000, A.D. 2008-Jul-01,  1.488928005558946E+00, -4.962068487024994E+00, -1.310028050507030E-02,  6.752308650624267E-03,  3.602856122523081E-03, -8.820839182872433E-05,  2.992097665264435E-02,  5.180656511776626E+00, -1.509994303676752E-03

2454832.500000000, A.D. 2009-Jan-01,  2.727314900778865E+00, -4.320689243024310E+00, -4.278048015374171E-02,  5.220445689760219E-03,  3.991876235702170E-03, -3.893425037005972E-05,  2.951082589746022E-02,  5.109641109929209E+00, -5.887285823111978E-04

2455013.500000000, A.D. 2009-Jul-01,  3.750276801522895E+00, -3.380801107761599E+00, -6.939474960956873E-02,  4.521046724937824E-03,  4.907170593267488E-03, -1.147184611466596E-04,  2.916448495109258E-02,  5.049674033990335E+00,  7.386016004554999E-05

2455197.500000000, A.D. 2010-Jan-01,  4.507277974029653E+00, -2.170777478142904E+00, -9.182361827332015E-02,  4.231478499741927E-03,  6.725472625367922E-03, -2.446913294109369E-04,  2.889852677477984E-02,  5.003624803245955E+00,  8.984314281042552E-04

2455378.500000000, A.D. 2010-Jul-01,  4.903644436669053E+00, -8.063323264309673E-01, -1.067303504642802E-01,  2.165351573954014E-03,  8.296088278206127E-03, -1.706872699267783E-04,  2.870803983302767E-02,  4.970643011687034E+00,  7.940476795997156E-04

2455562.500000000, A.D. 2011-Jan-01,  4.910327425713961E+00,  6.504744537197151E-01, -1.129399605921068E-01, -1.557771504233501E-03,  8.890820155627442E-03,  8.290640939505644E-05,  2.861487413281349E-02,  4.954511870745613E+00, -3.784994873186481E-04

2455743.500000000, A.D. 2011-Jul-01,  4.519160275070663E+00,  2.028554582021472E+00, -1.095415031982992E-01, -4.266738525424436E-03,  7.604964551884356E-03,  1.861496988090283E-04,  2.861642142235400E-02,  4.954779775624746E+00, -7.821499347495450E-04

2455927.500000000, A.D. 2012-Jan-01,  3.751476765256162E+00,  3.258968657417796E+00, -9.699052833127828E-02, -5.395648026130811E-03,  4.969630344059662E-03,  9.721210734452157E-05,  2.870604697004818E-02,  4.970297958158482E+00, -8.158881743261060E-04

2456109.500000000, A.D. 2012-Jul-01,  2.699382870985791E+00,  4.215515325443235E+00, -7.768831381875022E-02, -5.665432084003509E-03,  3.600818049261348E-03,  2.949732182214431E-06,  2.891411189603584E-02,  5.006323283341006E+00, -2.279034068728511E-05

2456293.500000000, A.D. 2013-Jan-01,  1.428437501079921E+00,  4.855185346893768E+00, -5.256855476276309E-02, -6.507386339745600E-03,  3.278672956995249E-03,  7.620910270914692E-05,  2.923121111797071E-02,  5.061227311644208E+00,  1.307817967143005E-03

2456474.500000000, A.D. 2013-Jul-01,  6.542925272474437E-02,  5.124625386709300E+00, -2.321103728643528E-02, -7.658824015337826E-03,  1.600245960385526E-03,  2.070313593080128E-04,  2.960008369202876E-02,  5.125095617983090E+00,  1.501385555012258E-03

2456658.500000000, A.D. 2014-Jan-01, -1.330850056522708E+00,  5.023375719079791E+00,  9.087499333571537E-03, -8.534610423117102E-03, -1.594868804208836E-03,  3.124394534081296E-04,  3.001355674944273E-02,  5.196686258629728E+00,  6.445455169795134E-04

2456839.500000000, A.D. 2014-Jul-01, -2.611740246866164E+00,  4.568597246246762E+00,  3.992452261119695E-02, -7.414019462504591E-03, -4.247947436127837E-03,  2.302792926734747E-04,  3.039418961143528E-02,  5.262590795703173E+00, -6.550793731342205E-06

2457023.500000000, A.D. 2015-Jan-01, -3.732659511961229E+00,  3.790649259982879E+00,  6.797048904198229E-02, -4.627536102703975E-03, -5.705205263355955E-03,  1.434060208267802E-05,  3.072792263223645E-02,  5.320374877001055E+00, -8.180703092871760E-04

2457204.500000000, A.D. 2015-Jul-01, -4.591706669253206E+00,  2.784757863715054E+00,  9.097348388163091E-02, -2.872743913478432E-03, -5.987447858967944E-03, -2.180159638985995E-05,  3.101992274054064E-02,  5.370933128494225E+00, -6.488217980148482E-04

2457388.500000000, A.D. 2016-Jan-01, -5.171419860470650E+00,  1.590607247092627E+00,  1.086633221700673E-01, -2.412332588945026E-03, -5.717817341846368E-03,  1.289683486236563E-04,  3.125479924223766E-02,  5.411600734104365E+00,  6.272445538826629E-04

2457570.500000000, A.D. 2016-Jul-01, -5.431890941119367E+00,  3.094017177877084E-01,  1.202288826155293E-01, -1.564890434333930E-03, -6.736324800207965E-03,  1.849848835686107E-04,  3.143050851610309E-02,  5.442023851785254E+00,  1.183075343023840E-03

2457754.500000000, A.D. 2017-Jan-01, -5.363976573058578E+00, -1.010852708712924E+00,  1.247161393620430E-01,  8.606958440869167E-04, -8.124853906395630E-03,  2.247368877247551E-05,  3.153328391566119E-02,  5.459818860589688E+00,  6.591942257728885E-04

2457935.500000000, A.D. 2017-Jul-01, -4.969588372196553E+00, -2.250618850791004E+00,  1.209041116610198E-01,  3.492792789744356E-03, -7.573280959863642E-03, -1.310781847242086E-04,  3.151587243821218E-02,  5.456804156722463E+00, -6.029562832609661E-05

2458119.500000000, A.D. 2018-Jan-01, -4.259387298934240E+00, -3.371563998763526E+00,  1.089698265512144E-01,  5.635891661271323E-03, -5.096364028022123E-03, -1.935191620001168E-04,  3.138062839481114E-02,  5.433387376506411E+00, -1.259585439798621E-03

2458300.500000000, A.D. 2018-Jul-01, -3.305174270093602E+00, -4.264772070849619E+00,  9.117449488392686E-02,  6.238195464775031E-03, -3.183227507536765E-03, -1.244002954196597E-04,  3.116681319342062E-02,  5.396366422001480E+00, -1.307162070763910E-03

2458484.500000000, A.D. 2019-Jan-01, -2.132817394928214E+00, -4.900867421661968E+00,  6.808548213777761E-02,  5.751028331707675E-03, -2.293437867427010E-03,  3.104102687689698E-06,  3.087177822854496E-02,  5.345282701382026E+00, -1.919163212675083E-04

2458665.500000000, A.D. 2019-Jul-01, -8.446363664114062E-01, -5.220887874833664E+00,  4.095233568062909E-02,  6.362883921780462E-03, -1.404428886960399E-03, -5.517854893103213E-05,  3.054629979737342E-02,  5.288927857973440E+00,  3.697881599955653E-04

2458849.500000000, A.D. 2020-Jan-01,  5.220961866029121E-01, -5.203269876268243E+00,  1.026005711895240E-02,  7.972300775667143E-03,  1.090059216675996E-04, -2.699591555891501E-04,  3.020254125391635E-02,  5.229407911237937E+00,  6.869517294306546E-04

2459031.500000000, A.D. 2020-Jul-01,  1.843524374424645E+00, -4.824964526445260E+00, -2.137279535048089E-02,  8.106891553789589E-03,  3.063537991618261E-03, -3.092546754328633E-04,  2.983172436929911E-02,  5.165202957961478E+00,  3.298992963664374E-05

2459215.500000000, A.D. 2021-Jan-01,  3.046097376037882E+00, -4.088131708804081E+00, -5.163685940307260E-02,  5.965104293021025E-03,  6.016494132317785E-03, -1.173484495140978E-04,  2.944619373399490E-02,  5.098450397727064E+00, -1.259181103511705E-03

2459396.500000000, A.D. 2021-Jul-01,  3.999621988395424E+00, -3.064326913778571E+00, -7.694984394516391E-02,  3.665661896667929E-03,  7.121169518727327E-03,  9.744376814585076E-07,  2.910368259275902E-02,  5.039146431990943E+00, -1.420955824432731E-03

2459580.500000000, A.D. 2022-Jan-01,  4.654678859101828E+00, -1.791432420417181E+00, -9.624505114767842E-02,  1.852578323030173E-03,  6.552583643933189E-03, -2.084630049471158E-05,  2.881082369820726E-02,  4.988439486268393E+00, -6.241124659347096E-04

2459761.500000000, A.D. 2022-Jul-01,  4.940876927077697E+00, -4.023898464915963E-01, -1.084222763571944E-01,  6.200612758131818E-04,  6.737539802380033E-03, -9.223440147906425E-05,  2.863745078286212E-02,  4.958420896525299E+00,  7.311382304189647E-05

2459945.500000000, A.D. 2023-Jan-01,  4.838609562185516E+00,  1.040604253797198E+00, -1.127809997223352E-01, -5.443154956230483E-04,  7.839205898621401E-03, -1.318317764263285E-04,  2.859186042136096E-02,  4.950527170129693E+00,  1.118799831155258E-03

2460126.500000000, A.D. 2023-Jul-01,  4.349219203977293E+00,  2.382957482963448E+00, -1.076735054002697E-01, -3.021292040697740E-03,  7.888071956288194E-03, -3.672290446356723E-06,  2.864900890030068E-02,  4.960422122523602E+00,  1.140442083116891E-03

2460310.500000000, A.D. 2024-Jan-01,  3.496007476735157E+00,  3.558723031228193E+00, -9.315571143722301E-02, -6.377743755882565E-03,  6.353415393839149E-03,  2.322704894321011E-04,  2.881703299869336E-02,  4.989514593320223E+00,  5.847633183604782E-05

2460492.500000000, A.D. 2024-Jul-01,  2.371460200830120E+00,  4.435338699780562E+00, -7.114381168986469E-02, -7.792123103949227E-03,  3.456292284273655E-03,  2.492288117136550E-04,  2.905098024253599E-02,  5.030021302920508E+00, -6.295428571251204E-04

2460676.500000000, A.D. 2025-Jan-01,  1.051801446488157E+00,  4.969575682892031E+00, -4.381505756262267E-02, -7.018990067474394E-03,  8.711277773512542E-04,  6.989941031387081E-05,  2.933877389481422E-02,  5.079851229130198E+00, -6.016930409296348E-04

2460857.500000000, A.D. 2025-Jul-01, -3.206251174463030E-01,  5.130742774252733E+00, -1.414363037386167E-02, -6.545180027008663E-03, -4.862930235425262E-04,  2.618060440382169E-05,  2.969061459193794E-02,  5.140770557393535E+00, -7.719963110673270E-05

2461041.500000000, A.D. 2026-Jan-01, -1.689640868193845E+00,  4.927376429987492E+00,  1.684079829429568E-02, -6.856607025262819E-03, -1.013249118083808E-03,  1.583718147520348E-04,  3.008496734354783E-02,  5.209050619715105E+00,  1.266106093825167E-03

2461222.500000000, A.D. 2026-Jul-01, -2.927044199856498E+00,  4.389068833916005E+00,  4.692411437149051E-02, -6.907932737438579E-03, -2.831825374344830E-03,  2.568562563881904E-04,  3.047028760376060E-02,  5.275766754631588E+00,  1.478988945823036E-03

2461406.500000000, A.D. 2027-Jan-01, -3.993532601207898E+00,  3.544439924447181E+00,  7.499166386808540E-02, -6.106425612865417E-03, -5.846433572089388E-03,  2.432183002510260E-04,  3.084201456914152E-02,  5.340129283507578E+00,  6.895182387583395E-04

2461587.500000000, A.D. 2027-Jul-01, -4.783557757603857E+00,  2.481160939172725E+00,  9.721178063632872E-02, -3.850950624711235E-03, -7.467331948284642E-03,  1.064269433776214E-04,  3.112786561871144E-02,  5.389622858484906E+00, -1.782344790766239E-05

2461771.500000000, A.D. 2028-Jan-01, -5.278059688815249E+00,  1.240508776867115E+00,  1.128954695706209E-01, -7.155678845826172E-04, -7.283008570153919E-03, -7.554581584251445E-05,  3.132095141264851E-02,  5.423054627350756E+00, -9.711048826322391E-04

2461953.500000000, A.D. 2028-Jul-01, -5.441104517910748E+00, -5.692570303043889E-02,  1.215244092361699E-01,  7.651687593524090E-04, -6.353700348064236E-03, -3.932995644242152E-05,  3.143475520602190E-02,  5.442759143351326E+00, -6.993610747390920E-04

2462137.500000000, A.D. 2029-Jan-01, -5.276105657560591E+00, -1.359933327381466E+00,  1.235033908483847E-01,  9.639806011846087E-04, -6.178837292009427E-03,  1.162429124203237E-04,  3.147629018376200E-02,  5.449950701815269E+00,  6.112164733744784E-04

2462318.500000000, A.D. 2029-Jul-01, -4.799945525615596E+00, -2.565502835824424E+00,  1.182568756848922E-01,  2.335369456395508E-03, -6.398063640092100E-03,  8.617168291725455E-05,  3.144093012831648E-02,  5.443828298003813E+00,  9.579278309462813E-04

2462502.500000000, A.D. 2030-Jan-01, -4.022550166267246E+00, -3.639206218637214E+00,  1.055780868354207E-01,  5.064999153528656E-03, -6.395003591917312E-03, -1.360842346949319E-04,  3.133498327830979E-02,  5.425484169576412E+00,  5.315942410758657E-04

2462683.500000000, A.D. 2030-Jul-01, -3.006236786382958E+00, -4.471596280270045E+00,  8.600671793859332E-02,  7.074732976729449E-03, -4.572867793435694E-03, -2.549858471777039E-04,  3.112357651772223E-02,  5.388880223669626E+00, -1.562911725749866E-04

2462867.500000000, A.D. 2031-Jan-01, -1.778549689457035E+00, -5.029808696064510E+00,  6.023272407921760E-02,  7.738527185636829E-03, -1.268390691347119E-03, -2.074963463168447E-04,  3.081434833586887E-02,  5.335339023710103E+00, -1.386245678265489E-03

2463048.500000000, A.D. 2031-Jul-01, -4.619635625790890E-01, -5.253627729131447E+00,  3.174019244699343E-02,  7.254831616720480E-03,  8.208105063061093E-04, -1.073856391047535E-04,  3.046005416136179E-02,  5.273994889006453E+00, -1.453757407444020E-03

2463232.500000000, A.D. 2032-Jan-01,  9.006119968987897E-01, -5.126701910560838E+00,  1.397126441889580E-03,  6.219515033214860E-03,  1.476511340172195E-03, -3.769622305520004E-05,  3.006276649892686E-02,  5.205206662628148E+00, -3.781437412162291E-04

2463414.500000000, A.D. 2032-Jul-01,  2.187188099148885E+00, -4.652186297654358E+00, -2.910023520991043E-02,  6.360283054721878E-03,  2.484433220455062E-03, -1.525138958892770E-04,  2.969058876836913E-02,  5.140766086181197E+00,  4.585945692895979E-04

2463598.500000000, A.D. 2033-Jan-01,  3.333855688728397E+00, -3.836811310280595E+00, -5.863616288642643E-02,  6.683720187025727E-03,  4.929843782162582E-03, -2.922463116836065E-04,  2.935824586717876E-02,  5.083222696632701E+00,  6.658796181886234E-04

2463779.500000000, A.D. 2033-Jul-01,  4.215621169845829E+00, -2.744725657764802E+00, -8.326627236997550E-02,  5.037888495776795E-03,  7.225592446445462E-03, -2.256983532160859E-04,  2.905717976794646E-02,  5.031094717470457E+00,  2.831100494719953E-04

2463963.500000000, A.D. 2034-Jan-01,  4.781952207352989E+00, -1.416416454346494E+00, -1.014301394530544E-01,  1.527533132875652E-03,  8.611555021843513E-03,  1.979346024923247E-05,  2.881028072328150E-02,  4.988345473074323E+00, -9.812803611427402E-04

2464144.500000000, A.D. 2034-Jul-01,  4.959775076283960E+00, -2.224112370533145E-03, -1.109112583145759E-01, -1.185367973121578E-03,  8.197650307864552E-03,  1.143087393088416E-04,  2.865243611994819E-02,  4.961015527210566E+00, -1.191302288507212E-03

2464328.500000000, A.D. 2035-Jan-01,  4.736695703231732E+00,  1.429443422319650E+00, -1.114180336932384E-01, -2.563700337830141E-03,  6.471355171072441E-03,  2.087546496418839E-05,  2.858269458818874E-02,  4.948940155311936E+00, -5.850461117298071E-04

2464509.500000000, A.D. 2035-Jul-01,  4.144324699491264E+00,  2.723812577719832E+00, -1.037328334064426E-01, -3.624952532967904E-03,  5.694713949027459E-03, -3.875621480867375E-05,  2.864874986150146E-02,  4.960377271345864E+00,  9.926129184441591E-05

2464693.500000000, A.D. 2036-Jan-01,  3.213610302438964E+00,  3.821782205943685E+00, -8.816756276151955E-02, -4.907083573397621E-03,  5.827749470432532E-03,  9.996065941011278E-06,  2.884354449883134E-02,  4.994104917273258E+00,  1.301945729881869E-03

2464875.500000000, A.D. 2036-Jul-01,  2.035943679724924E+00,  4.613447853176388E+00, -6.517641995114050E-02, -7.078912492904136E-03,  4.543991459850640E-03,  1.879488219564313E-04,  2.912672155986307E-02,  5.043135505487368E+00,  1.296604197444566E-03

2465059.500000000, A.D. 2037-Jan-01,  6.810539744747078E-01,  5.057231510297683E+00, -3.606055523906348E-02, -8.714874198725114E-03,  1.280228976194814E-03,  3.019482452824905E-04,  2.947253593150894E-02,  5.103011407839466E+00,  1.035126408947273E-04

2465240.500000000, A.D. 2037-Jul-01, -7.013623979088121E-01,  5.117287317001758E+00, -5.111894640352240E-03, -8.289729996807918E-03, -1.569933603430128E-03,  2.324338372128503E-04,  2.983130127308071E-02,  5.165129701122158E+00, -4.299765377806937E-04

2465424.500000000, A.D. 2038-Jan-01, -2.052595071007749E+00,  4.805937263162939E+00,  2.611020472372020E-02, -6.148029982630723E-03, -3.330023547080027E-03,  3.606774077498530E-05,  3.018274013194902E-02,  5.225979453248367E+00, -6.474435094013922E-04

2465605.500000000, A.D. 2038-Jul-01, -3.240357889554399E+00,  4.177151906016046E+00,  5.490128778160589E-02, -4.929517008729031E-03, -4.103536935607633E-03,  1.931287280939929E-05,  3.053470794496069E-02,  5.286920790945425E+00, -2.206648341437188E-04

2465789.500000000, A.D. 2039-Jan-01, -4.231128921425919E+00,  3.264864109887629E+00,  8.065575352771506E-02, -4.868192654801839E-03, -4.494859367700560E-03,  1.848214052527041E-04,  3.086975105613330E-02,  5.344931707359443E+00,  1.110912719378721E-03

2465970.500000000, A.D. 2039-Jul-01, -4.942500075170854E+00,  2.156867463864822E+00,  1.014904242190448E-01, -4.050823451863855E-03, -5.933204186500198E-03,  2.335279900652170E-04,  3.115070910032589E-02,  5.393578084718041E+00,  1.343776040681863E-03

2466154.500000000, A.D. 2040-Jan-01, -5.358230725350517E+00,  8.903681682829100E-01,  1.166647906549252E-01, -1.970687400720471E-03, -8.055912725866188E-03,  1.088082067521319E-04,  3.137813259031910E-02,  5.432955241354410E+00,  6.256932845336571E-04

2466336.500000000, A.D. 2040-Jul-01, -5.434880451175042E+00, -4.209281136794896E-01,  1.237008765685894E-01,  1.011863263767386E-03, -8.203841259722372E-03, -7.761043419343046E-05,  3.149135882909859E-02,  5.452559756876969E+00, -3.770208884512397E-04

2466520.500000000, A.D. 2041-Jan-01, -5.172562534085971E+00, -1.717928270708759E+00,  1.225407630838392E-01,  3.295954178302431E-03, -6.291417862116603E-03, -1.313721791184843E-04,  3.148674503784379E-02,  5.451760903684923E+00, -1.147596720800329E-03

2466701.500000000, A.D. 2041-Jul-01, -4.607314929790755E+00, -2.886367258210156E+00,  1.146377215377724E-01,  4.214595337091260E-03, -4.944668674279600E-03, -6.489292220388475E-05,  3.140714369081481E-02,  5.437978357693214E+00, -9.476458149054500E-04

2466885.500000000, A.D. 2042-Jan-01, -3.755216574274593E+00, -3.893570388843568E+00,  1.003104534307516E-01,  4.240303682903634E-03, -4.590637485368965E-03,  4.632598725160040E-05,  3.124742453079806E-02,  5.410323842401076E+00,  3.614124674780351E-04

2467066.500000000, A.D. 2042-Jul-01, -2.686980720478895E+00, -4.651488620355081E+00,  7.993490037503595E-02,  5.475623024270301E-03, -4.038025459522161E-03, -2.927847651258180E-05,  3.102835147049903E-02,  5.372392517846780E+00,  7.571292658217551E-04

2467250.500000000, A.D. 2043-Jan-01, -1.428383957842680E+00, -5.130513851490924E+00,  5.370978749272241E-02,  7.782260220613618E-03, -2.650002273229111E-03, -2.584509895870999E-04,  3.075990196518014E-02,  5.325911926856758E+00,  4.630073498286326E-04

2467431.500000000, A.D. 2043-Jul-01, -9.386059065571586E-02, -5.266484421961189E+00,  2.404774270572757E-02,  8.577012277849962E-03,  1.778571775503797E-06, -3.127386722326913E-04,  3.042182464320663E-02,  5.267375653128164E+00, -1.560418265678874E-04

2467615.500000000, A.D. 2044-Jan-01,  1.270290785786640E+00, -5.041642047546917E+00, -7.814697507057940E-03,  7.442244194489815E-03,  3.318410491245799E-03, -1.620086456990460E-04,  3.002817135551206E-02,  5.199216699229282E+00, -1.399279547315251E-03

2467797.500000000, A.D. 2044-Jul-01,  2.523964170442001E+00, -4.466375832490765E+00, -3.793655865747409E-02,  5.596163396248014E-03,  4.785061805324764E-03, -3.009705008738546E-05,  2.963034956958056E-02,  5.130335992234361E+00, -1.412427321070294E-03

2467981.500000000, A.D. 2045-Jan-01,  3.600769751666172E+00, -3.562652032481131E+00, -6.516516091846496E-02,  4.487264492884497E-03,  4.825436313136571E-03, -7.901331757043384E-05,  2.925759178617330E-02,  5.065794982749847E+00, -2.030471669004640E-04

2468162.500000000, A.D. 2045-Jul-01,  4.396688455861503E+00, -2.410807854176888E+00, -8.780783695819597E-02,  3.688313747334253E-03,  5.833955805427391E-03, -1.633693072564667E-04,  2.896442545398765E-02,  5.015034805851108E+00,  4.319342112686513E-04

2468346.500000000, A.D. 2046-Jan-01,  4.867607210214272E+00, -1.052801496848265E+00, -1.046838404662435E-01,  2.623442342890764E-03,  7.894988751850707E-03, -2.002814841666443E-04,  2.876935755293630E-02,  4.981259845777037E+00,  8.991695398146846E-04

2468527.500000000, A.D. 2046-Jul-01,  4.946198681564432E+00,  3.716000898430247E-01, -1.126471034302094E-01, -1.717156729841603E-05,  8.830215432692990E-03, -6.855751718509530E-05,  2.865475410369746E-02,  4.961416873655376E+00,  6.458029534532488E-04

2468711.500000000, A.D. 2047-Jan-01,  4.621451528179397E+00,  1.792995386440362E+00, -1.109818889155467E-01, -3.764564740200884E-03,  8.045505795532560E-03,  1.685162628207340E-04,  2.863688345218031E-02,  4.958322666262792E+00, -6.032082123404296E-04

2468892.500000000, A.D. 2047-Jul-01,  3.930511473696342E+00,  3.043384774862892E+00, -1.003662009381412E-01, -5.831452662894026E-03,  6.071080196647411E-03,  2.086173271243656E-04,  2.871610987533492E-02,  4.972040296197991E+00, -8.980009060588792E-04

2469076.500000000, A.D. 2048-Jan-01,  2.912425822538546E+00,  4.063648063026314E+00, -8.170870293981140E-02, -5.985188735124164E-03,  3.631216711495055E-03,  5.375488822462113E-05,  2.887882531854901E-02,  5.000213601843719E+00, -5.359418465747454E-04

2469258.500000000, A.D. 2048-Jul-01,  1.683366423772515E+00,  4.757609496598552E+00, -5.757448800898433E-02, -6.117965019752414E-03,  2.559466811326777E-03,  4.104899989550111E-06,  2.914885589746583E-02,  5.046967947241085E+00,  3.720908065688157E-04

2469442.500000000, A.D. 2049-Jan-01,  3.136126276482822E-01,  5.100111368882953E+00, -2.883644649320202E-02, -7.321254518106262E-03,  1.915528444049476E-03,  1.632901634897799E-04,  2.951189296802982E-02,  5.109825867471020E+00,  1.461627463137864E-03

2469623.500000000, A.D. 2049-Jul-01, -1.063615792227304E+00,  5.066082394946711E+00,  2.286975702496586E-03, -8.082873818025986E-03, -2.277777543671821E-04,  2.766565346161382E-04,  2.989715047711310E-02,  5.176531137366236E+00,  1.437983058019984E-03

2469807.500000000, A.D. 2050-Jan-01, -2.393447528882310E+00,  4.668036072855766E+00,  3.438564951570028E-02, -7.793747456477107E-03, -3.699494163335123E-03,  2.669872315548937E-04,  3.029826910448059E-02,  5.245982674760576E+00,  2.656764233601333E-04

2469988.500000000, A.D. 2050-Jul-01, -3.536839724661126E+00,  3.956191493729301E+00,  6.303870587518218E-02, -5.952515378508822E-03, -5.811824810005742E-03,  1.399917769686758E-04,  3.065089956310968E-02,  5.307038745989659E+00, -3.638138359229270E-04

2470172.500000000, A.D. 2051-Jan-01, -4.459107024497484E+00,  2.967863148393332E+00,  8.723809995897272E-02, -3.164395166169690E-03, -6.158384287101189E-03, -2.450903320626127E-05,  3.094053444918127E-02,  5.357187471948171E+00, -7.782074472655476E-04

2470353.500000000, A.D. 2051-Jul-01, -5.084660220129444E+00,  1.813031704949139E+00,  1.057200273000396E-01, -1.711872543152947E-03, -6.082906053867230E-03, -5.460537434880626E-06,  3.118353670902856E-02,  5.399262008968440E+00, -4.305752519681071E-04

2470537.500000000, A.D. 2052-Jan-01, -5.403899550391556E+00,  5.308742054127924E-01,  1.183485355089076E-01, -1.501927511909360E-03, -6.238484768621398E-03,  1.604378579996581E-04,  3.136801148937754E-02,  5.431202827049624E+00,  8.880909995329071E-04

2470719.500000000, A.D. 2052-Jul-01, -5.394200064710359E+00, -7.746913989110654E-01,  1.240964155534790E-01, -1.509029136678776E-04, -7.280767492368963E-03,  1.427930153405631E-04,  3.148210674262951E-02,  5.450957807763811E+00,  1.187326849720507E-03

2470903.500000000, A.D. 2053-Jan-01, -5.053365246771957E+00, -2.053686777562119E+00,  1.220395375773579E-01,  2.895153431658764E-03, -7.788227332751915E-03, -8.754406843383667E-05,  3.151180352323187E-02,  5.456099645932814E+00,  2.480944279826824E-04

2471084.500000000, A.D. 2053-Jul-01, -4.408573874936712E+00, -3.186787614249072E+00,  1.120523617092852E-01,  5.257055717532875E-03, -6.433467465133215E-03, -2.084358095491457E-04,  3.142417788592439E-02,  5.440927737148364E+00, -4.957573259334796E-04

2471268.500000000, A.D. 2054-Jan-01, -3.477448603392583E+00, -4.137599370788555E+00,  9.459736948253593E-02,  6.337854042089668E-03, -3.572893926317259E-03, -1.599764724633307E-04,  3.122057708578986E-02,  5.405675351396890E+00, -1.345158727917558E-03

2471449.500000000, A.D. 2054-Jul-01, -2.352388824794726E+00, -4.815599752656767E+00,  7.232832592988599E-02,  6.443919280780943E-03, -1.846688841976439E-03, -7.229015961538834E-05,  3.095643643634836E-02,  5.359940815675006E+00, -1.169960306505561E-03

2471633.500000000, A.D. 2055-Jan-01, -1.064427119169398E+00, -5.195452145810841E+00,  4.579376182406401E-02,  6.182532871424209E-03, -1.408886205059225E-03, -2.815058683187826E-05,  3.063084964830093E-02,  5.303567210854949E+00,  1.390867793661029E-04

2471814.500000000, A.D. 2055-Jul-01,  2.741174190543811E-01, -5.236328490901148E+00,  1.625763329695114E-02,  6.861220562190384E-03, -2.425608711555865E-04, -1.289344014816567E-04,  3.028406721885921E-02,  5.243523694491381E+00,  6.005145561885479E-04

2471998.500000000, A.D. 2056-Jan-01,  1.619378722045257E+00, -4.923065570544117E+00, -1.552555680669025E-02,  8.057436500731888E-03,  2.133306398826600E-03, -3.090538084247447E-04,  2.993212348557658E-02,  5.182586526070159E+00,  4.921156954468218E-04

2472180.500000000, A.D. 2056-Jul-01,  2.838429869546243E+00, -4.259822111281144E+00, -4.603697842716287E-02,  7.165635196972129E-03,  5.135228966341881E-03, -2.596457428734777E-04,  2.956528842549338E-02,  5.119071004340021E+00, -2.977211320572628E-04

2472364.500000000, A.D. 2057-Jan-01,  3.856730396384163E+00, -3.268191799280979E+00, -7.289109463160348E-02,  4.201384378637566E-03,  7.096723277050426E-03, -2.945021212328671E-05,  2.919966364469486E-02,  5.055765035972062E+00, -1.382125013310717E-03

2472545.500000000, A.D. 2057-Jul-01,  4.563903376893083E+00, -2.050713107987668E+00, -9.341659682381370E-02,  1.882020794987654E-03,  7.469985060897555E-03,  4.785040042952360E-05,  2.890262630936466E-02,  5.004334615655779E+00, -1.345614503819480E-03

2472729.500000000, A.D. 2058-Jan-01,  4.920620225880763E+00, -6.579648407850278E-01, -1.067972064089159E-01,  6.663401931127106E-04,  6.711963967989167E-03, -5.926588910772267E-05,  2.867870645706292E-02,  4.965564095080524E+00, -2.277887907506208E-04

2472910.500000000, A.D. 2058-Jul-01,  4.888192372415673E+00,  7.644432727229579E-01, -1.122305222276860E-01, -6.056326034895697E-04,  6.879518705635837E-03, -1.155154072922145E-04,  2.858233585306642E-02,  4.948878042250955E+00,  4.670790946922348E-04

2473094.500000000, A.D. 2059-Jan-01,  4.463654732397347E+00,  2.150117527855771E+00, -1.092248646210975E-01, -2.452113820910129E-03,  7.826644957238090E-03, -4.816339425460639E-05,  2.862184489140337E-02,  4.955718820181120E+00,  1.188137967396044E-03

2473275.500000000, A.D. 2059-Jul-01,  3.685261828262005E+00,  3.346308860319628E+00, -9.690748693292284E-02, -5.036097583375343E-03,  7.084574679495200E-03,  1.090536702490434E-04,  2.875508069159953E-02,  4.978787883865140E+00,  1.031831208093641E-03

2473459.500000000, A.D. 2060-Jan-01,  2.593337109351044E+00,  4.295964736572332E+00, -7.588625489491101E-02, -7.695583121185408E-03,  4.402115187617247E-03,  2.731146555884836E-04,  2.898508715668074E-02,  5.018612268774326E+00, -2.125359093665325E-04

2473641.500000000, A.D. 2060-Jul-01,  1.310757666000164E+00,  4.895451242771326E+00, -4.935922549343644E-02, -8.057016897157905E-03,  1.376799884718286E-03,  2.083441870310405E-04,  2.927109092056484E-02,  5.068132285415490E+00, -7.559044334899143E-04

2473825.500000000, A.D. 2061-Jan-01, -8.073997782391457E-02,  5.124512643394177E+00, -1.955562026789372E-02, -6.720802417744778E-03, -4.283621191917670E-04,  3.452835935542132E-05,  2.960060550571462E-02,  5.125185967222053E+00, -3.225609551806750E-04

2474006.500000000, A.D. 2061-Jul-01, -1.442441266208400E+00,  4.985880186040643E+00,  1.106267687443996E-02, -6.231000989040858E-03, -1.506646727707313E-03,  4.088326873770936E-05,  2.997697675845282E-02,  5.190352629526553E+00,  2.844402438732397E-04

2474190.500000000, A.D. 2062-Jan-01, -2.725038564800676E+00,  4.499332137354561E+00,  4.159583887433966E-02, -6.781406228720617E-03, -2.435620798446288E-03,  2.248790885996144E-04,  3.038139769673273E-02,  5.260375944330800E+00,  1.431509967730681E-03

2474371.500000000, A.D. 2062-Jul-01, -3.810893179141967E+00,  3.717306145154156E+00,  6.946227153663741E-02, -6.343223662931929E-03, -4.465974789912364E-03,  2.802917311866386E-04,  3.074946752070863E-02,  5.324105258801580E+00,  1.425858729593257E-03

2474555.500000000, A.D. 2063-Jan-01, -4.668675293165820E+00,  2.674037906287651E+00,  9.358606931423423E-02, -4.439659143971310E-03, -7.186812782262985E-03,  1.539464424112406E-04,  3.107838885551176E-02,  5.381056222494789E+00,  2.832017228202042E-04

2474736.500000000, A.D. 2063-Jul-01, -5.214775611485059E+00,  1.477520943461013E+00,  1.107220658215314E-01, -1.836265115729606E-03, -8.015710769151741E-03,  3.141219856057164E-06,  3.131013490854536E-02,  5.421181807720996E+00, -4.182339339439413E-04

2474920.500000000, A.D. 2064-Jan-01, -5.439153486197156E+00,  1.699117470053036E-01,  1.205291857672009E-01,  7.610417064741583E-04, -6.869920069918906E-03, -8.762169191126586E-05,  3.143696274128484E-02,  5.443141366233544E+00, -9.768740852376635E-04

2475102.500000000, A.D. 2064-Jul-01, -5.332423096851399E+00, -1.127935102746204E+00,  1.233842942443628E-01,  1.708854742996604E-03, -5.908959109897921E-03,  2.008842719149876E-06,  3.148701010193137E-02,  5.451806798109002E+00, -4.488725171223951E-04

2475286.500000000, A.D. 2065-Jan-01, -4.905043352707210E+00, -2.368874898265840E+00,  1.195900181600333E-01,  2.077076639971365E-03, -6.203193542266395E-03,  1.009026774269647E-04,  3.146747070942298E-02,  5.448423657170458E+00,  8.293234415579838E-04

2475467.500000000, A.D. 2065-Jul-01, -4.189609490570349E+00, -3.453352143979614E+00,  1.084925547373422E-01,  3.778933710840507E-03, -6.133638197802308E-03,  1.225575245132833E-05,  3.136390396030028E-02,  5.430491630436343E+00,  9.853041130764044E-04

2475651.500000000, A.D. 2066-Jan-01, -3.201309501876666E+00, -4.347264225835595E+00,  9.004311685136744E-02,  6.643461631414839E-03, -5.063374422832487E-03, -2.267883027405617E-04,  3.118523013605068E-02,  5.399555216768145E+00,  1.340163938870080E-04

2475832.500000000, A.D. 2066-Jul-01, -2.026434224972481E+00, -4.952837076155732E+00,  6.594277188846880E-02,  8.028594243208629E-03, -2.654399467056872E-03, -2.879257307471211E-04,  3.090921179360582E-02,  5.351764122254177E+00, -5.870207667052294E-04

2476016.500000000, A.D. 2067-Jan-01, -6.997825739553944E-01, -5.241752338723781E+00,  3.712967093197010E-02,  7.544720522260766E-03,  4.917993538607729E-04, -1.456535154823535E-04,  3.054317867348836E-02,  5.288387452124834E+00, -1.486835542669050E-03

2476197.500000000, A.D. 2067-Jul-01,  6.454484105148375E-01, -5.181436727148817E+00,  7.049467111741692E-03,  6.672039531272716E-03,  2.169039124638094E-03, -5.313269251196083E-05,  3.015680130335107E-02,  5.221488284298772E+00, -1.327716515363178E-03

2476381.500000000, A.D. 2068-Jan-01,  1.961872243952969E+00, -4.763567627634453E+00, -2.343963775428940E-02,  6.007460239603070E-03,  2.498960453517616E-03, -8.188944059435590E-05,  2.975432958937367E-02,  5.151802467220384E+00, -2.255097323755958E-05

2476563.500000000, A.D. 2068-Jul-01,  3.128059477819357E+00, -4.014486471568527E+00, -5.263681300025189E-02,  6.080094287103685E-03,  3.877966603356881E-03, -2.144512420396405E-04,  2.939485125927856E-02,  5.089560723801717E+00,  6.802434065032788E-04

2476747.500000000, A.D. 2069-Jan-01,  4.078124989952529E+00, -2.955594990876795E+00, -7.898181770690081E-02,  5.455649951199405E-03,  6.703120920632605E-03, -2.552950216948771E-04,  2.909215399131197E-02,  5.037150316528146E+00,  4.878304788639039E-04

2476928.500000000, A.D. 2069-Jul-01,  4.699913981066691E+00, -1.683448724759012E+00, -9.844158984883339E-02,  3.049335266541490E-03,  8.453397913509252E-03, -1.290896253098324E-04,  2.883880135617885E-02,  4.993283667580970E+00,  2.272238276498313E-05

2477112.500000000, A.D. 2070-Jan-01,  4.953603667675127E+00, -2.532994042678802E-01, -1.097280494570390E-01, -6.747627425761126E-04,  8.500863705208354E-03,  9.903378538136906E-05,  2.865401649132071E-02,  4.961289160031350E+00, -1.109920731327163E-03

2477293.500000000, A.D. 2070-Jul-01,  4.806844297594049E+00,  1.168616321259379E+00, -1.120230953731140E-01, -2.970171864496097E-03,  7.383467325536592E-03,  1.353194241594689E-04,  2.857800086384088E-02,  4.948127462133853E+00, -1.144649609316225E-03

2477477.500000000, A.D. 2071-Jan-01,  4.266717875896048E+00,  2.512395611160438E+00, -1.054716985712251E-01, -3.613321075689712E-03,  5.761149550306951E-03, -1.389001463140994E-05,  2.860376833352305E-02,  4.952588961206918E+00, -1.900561067158248E-04

2477658.500000000, A.D. 2071-Jul-01,  3.400019372148706E+00,  3.637391191381425E+00, -9.116417771811698E-02, -4.592610781261443E-03,  4.998440595755543E-03, -3.964185507554616E-05,  2.876130269690275E-02,  4.979865190687865E+00,  5.160645895683011E-04

2477842.500000000, A.D. 2072-Jan-01,  2.251712376345988E+00,  4.495578553595585E+00, -6.965960215423533E-02, -6.329475262862577E-03,  4.763226842424658E-03,  1.054713718438720E-04,  2.904189264293738E-02,  5.028447833826116E+00,  1.422696584744514E-03

2478024.500000000, A.D. 2072-Jul-01,  9.354367294569158E-01,  5.001044962640750E+00, -4.216919717256900E-02, -8.166201491266283E-03,  2.688921290372628E-03,  2.702116451479505E-04,  2.938556871794328E-02,  5.087953501591937E+00,  1.139369070319295E-03

2478208.500000000, A.D. 2073-Jan-01, -4.718489613975628E-01,  5.131804771905133E+00, -1.058424952542121E-02, -8.556176051504360E-03, -9.849533564573706E-04,  2.672406277744689E-04,  2.976391598857904E-02,  5.153462300789468E+00, -1.979628516281744E-04

2478389.500000000, A.D. 2073-Jul-01, -1.819569222334668E+00,  4.890723119156480E+00,  2.062434380894863E-02, -7.336038228762086E-03, -3.411185359782593E-03,  1.540591430559039E-04,  3.013826293779562E-02,  5.218278465804295E+00, -6.384397423382859E-04

2478573.500000000, A.D. 2074-Jan-01, -3.057328830272528E+00,  4.302871018012345E+00,  5.016441043699701E-02, -5.120417063502507E-03, -4.174200261307019E-03,  1.194750285816179E-05,  3.048711994390782E-02,  5.278681183983426E+00, -4.367847188897556E-04

2478754.500000000, A.D. 2074-Jul-01, -4.074093827175083E+00,  3.445656819171894E+00,  7.615230533036914E-02, -4.083528825260693E-03, -4.679302853915269E-03,  4.725124070002033E-05,  3.082016521196678E-02,  5.336346184585387E+00,  9.688390999161666E-05

2478938.500000000, A.D. 2075-Jan-01, -4.845805265234427E+00,  2.355728943150532E+00,  9.813070185780087E-02, -4.108391925632519E-03, -5.547860370310827E-03,  2.195039911309659E-04,  3.112405188323276E-02,  5.388962530656334E+00,  1.273111850316076E-03

2479119.500000000, A.D. 2075-Jul-01, -5.307746541838251E+00,  1.131858001089515E+00,  1.139783137964394E-01, -2.801232798287698E-03, -6.964306095606326E-03,  2.094214714962959E-04,  3.135115362171149E-02,  5.428283977744914E+00,  1.291291623020948E-03

2479303.500000000, A.D. 2076-Jan-01, -5.450119317644353E+00, -1.879636583962612E-01,  1.230338974103899E-01,  9.818799029731231E-05, -8.339959197669044E-03, -6.764941391770223E-07,  3.150399310206005E-02,  5.454747313427988E+00,  1.892644494709047E-04

2479485.500000000, A.D. 2076-Jul-01, -5.253531264074153E+00, -1.482329390188818E+00,  1.237022616907758E-01,  2.924422361670707E-03, -7.520617421586702E-03, -1.531827506191101E-04,  3.153464394052361E-02,  5.460054341594920E+00, -7.755346115250010E-04

2479669.500000000, A.D. 2077-Jan-01, -4.729720795444100E+00, -2.694483982733204E+00,  1.164935600207184E-01,  4.249815344756707E-03, -5.230843864348523E-03, -9.965368234270030E-05,  3.144560155669401E-02,  5.444637130754304E+00, -1.105238764666668E-03

2479850.500000000, A.D. 2077-Jul-01, -3.934649276171400E+00, -3.722647424051781E+00,  1.031182823275529E-01,  4.795477728412020E-03, -4.023102042455368E-03, -2.051131381254220E-05,  3.128934811015339E-02,  5.417582685148946E+00, -7.187795435170294E-04

2480034.500000000, A.D. 2078-Jan-01, -2.888311726606892E+00, -4.536474423427022E+00,  8.384116363698481E-02,  5.178298292854225E-03, -4.001784400227377E-03,  1.657185871317963E-06,  3.106400757617120E-02,  5.378566181165983E+00,  5.945063664309253E-04

2480215.500000000, A.D. 2078-Jul-01, -1.675868777983957E+00, -5.058971331316463E+00,  5.915202701096778E-02,  6.553716715556457E-03, -3.037675799216786E-03, -1.168713511264438E-04,  3.078152212248621E-02,  5.329655341051878E+00,  8.213349834618627E-04

2480399.500000000, A.D. 2079-Jan-01, -3.300270087591808E-01, -5.262930574179514E+00,  2.951826045802907E-02,  8.460760570490564E-03, -6.413034758197424E-04, -3.075042496569936E-04,  3.045633351418640E-02,  5.273350678917959E+00,  1.088073241692892E-04

2480580.500000000, A.D. 2079-Jul-01,  1.017445444963784E+00, -5.107862862973591E+00, -1.618891321458448E-03,  8.391966615551935E-03,  2.226623942502718E-03, -2.913917168259475E-04,  3.008011758369070E-02,  5.208210909826083E+00, -5.442271551574240E-04

2480764.500000000, A.D. 2080-Jan-01,  2.313885256091035E+00, -4.586034218121524E+00, -3.284034236244895E-02,  6.268015102873835E-03,  4.835677618244386E-03, -8.281457870433349E-05,  2.966776074941976E-02,  5.136813537225529E+00, -1.493220569303182E-03

2480946.500000000, A.D. 2080-Jul-01,  3.422570575430651E+00, -3.741065155908300E+00, -6.067836412823518E-02,  4.355945191871126E-03,  5.619224931267848E-03, -7.830224501248171E-07,  2.928662766748407E-02,  5.070822389753773E+00, -1.205585360576221E-03

2481130.500000000, A.D. 2081-Jan-01,  4.281614965627996E+00, -2.610379802358962E+00, -8.422121451709699E-02,  3.665585254222729E-03,  5.668272742336070E-03, -1.286410164945564E-04,  2.896605413655436E-02,  5.015316803495865E+00,  1.812675728523503E-04

2481311.500000000, A.D. 2081-Jul-01,  4.803670835433913E+00, -1.297357993524250E+00, -1.016177646046583E-01,  2.588116128085502E-03,  6.753986669480044E-03, -1.900965383875911E-04,  2.874370360487224E-02,  4.976818002362842E+00,  7.413243869743092E-04

2481495.500000000, A.D. 2082-Jan-01,  4.955259837855065E+00,  1.428819011911716E-01, -1.117270237032543E-01,  5.800807608452674E-04,  8.628083734605212E-03, -1.137911833163752E-04,  2.863835956024010E-02,  4.958578246450589E+00,  8.308755554580000E-04

2481676.500000000, A.D. 2082-Jul-01,  4.704685100776254E+00,  1.552370186958230E+00, -1.120994694490912E-01, -2.377832491701614E-03,  8.676588123358276E-03,  4.936345065792224E-05,  2.862029038277497E-02,  4.955449665355665E+00,  4.594517487798242E-04

2481860.500000000, A.D. 2083-Jan-01,  4.061924379626994E+00,  2.859971706850374E+00, -1.026186383856493E-01, -5.573000071239329E-03,  6.612740510464367E-03,  2.146346370511034E-04,  2.869752623540083E-02,  4.968822638687851E+00, -7.540779534752436E-04

2482041.500000000, A.D. 2083-Jul-01,  3.107772782244850E+00,  3.914398521403834E+00, -8.541840128159399E-02, -6.830243418646106E-03,  4.265348693338867E-03,  1.906378007026209E-04,  2.887069703320058E-02,  4.998806232862794E+00, -9.095879572939245E-04

2482225.500000000, A.D. 2084-Jan-01,  1.895291280917845E+00,  4.671658026367499E+00, -6.172087907085725E-02, -6.303227881607840E-03,  2.361679659161322E-03,  2.216497796045383E-05,  2.911934051394465E-02,  5.041857517003071E+00, -1.814531943948823E-04

2482407.500000000, A.D. 2084-Jul-01,  5.550444334325972E-01,  5.069751130599371E+00, -3.395341467970155E-02, -6.490556801994693E-03,  1.472902787513915E-03,  3.778381398533293E-05,  2.945605152578468E-02,  5.100157221465484E+00,  7.575100319793396E-04

2482591.500000000, A.D. 2085-Jan-01, -8.427688114171270E-01,  5.101224834595643E+00, -2.986621733896156E-03, -7.829122228072220E-03,  2.282244172101524E-04,  2.427119753409449E-04,  2.986158741721433E-02,  5.170373584423293E+00,  1.501175704991246E-03

2482772.500000000, A.D. 2085-Jul-01, -2.164836200262280E+00,  4.770275539675146E+00,  2.827554950323844E-02, -7.972522089478578E-03, -2.237116208353704E-03,  3.085752096099201E-04,  3.025558294869704E-02,  5.238591795997159E+00,  1.259168320239891E-03

2482956.500000000, A.D. 2086-Jan-01, -3.363464969901552E+00,  4.100464351741285E+00,  5.842675422922305E-02, -6.465008835215688E-03, -5.454212033767321E-03,  1.853776921095639E-04,  3.063209816291516E-02,  5.303783384459218E+00, -1.148501367679578E-04

2483137.500000000, A.D. 2086-Jul-01, -4.317726945058500E+00,  3.171052113804786E+00,  8.354301758019858E-02, -4.183099347912981E-03, -6.815787040074649E-03,  4.528173865897051E-05,  3.094369271147841E-02,  5.357734308113497E+00, -6.622112921631383E-04

2483321.500000000, A.D. 2087-Jan-01, -5.003636140394901E+00,  2.022783687406785E+00,  1.029925264582222E-01, -1.844518560056161E-03, -6.263060140838646E-03, -2.780431676008395E-05,  3.117637202913589E-02,  5.398021483100194E+00, -6.377113920381103E-04

2483502.500000000, A.D. 2087-Jul-01, -5.372318467101416E+00,  7.725401236445483E-01,  1.162941160703922E-01, -7.124439541363079E-04, -6.064468576986041E-03,  3.326725181526661E-05,  3.135428223950800E-02,  5.428825681124071E+00, -1.572532914524014E-04

2483686.500000000, A.D. 2088-Jan-01, -5.420342400778531E+00, -5.424775030567303E-01,  1.233467736316540E-01, -3.803682846810548E-04, -6.710495007355599E-03,  1.586811607430751E-04,  3.146974316245874E-02,  5.448817120216605E+00,  1.050061251866603E-03

2483868.500000000, A.D. 2088-Jul-01, -5.141317892107061E+00, -1.817095050078194E+00,  1.229146134324210E-01,  1.533748532361486E-03, -7.482077720337258E-03,  6.249557592923629E-05,  3.150178215188217E-02,  5.454364499271579E+00,  1.048305304645903E-03

2484052.500000000, A.D. 2089-Jan-01, -4.540687171475903E+00, -2.999784980121578E+00,  1.143074949949012E-01,  4.778017494071115E-03, -6.853651958242052E-03, -1.812949697521260E-04,  3.143793263740392E-02,  5.443309298540812E+00, -2.125038000795638E-04

2484233.500000000, A.D. 2089-Jul-01, -3.670956613920239E+00, -3.977325838975231E+00,  9.858798557338380E-02,  6.596489207461556E-03, -4.859984977153165E-03, -2.451165785668455E-04,  3.126511802468578E-02,  5.413387375900989E+00, -9.069824616081739E-04

2484417.500000000, A.D. 2090-Jan-01, -2.556144456095574E+00, -4.716047490314010E+00,  7.643356850633155E-02,  6.638797542063151E-03, -2.105422281212818E-03, -1.079503075493514E-04,  3.098436157845439E-02,  5.364775904147333E+00, -1.313886212600039E-03

2484598.500000000, A.D. 2090-Jul-01, -1.304232259636970E+00, -5.146419025973185E+00,  5.051937539318321E-02,  6.453253816869163E-03, -6.646237637225299E-04, -3.303715724193046E-05,  3.066425116982740E-02,  5.309350505030410E+00, -9.413163505901625E-04

2484782.500000000, A.D. 2091-Jan-01,  4.847263084091032E-02, -5.247259836992201E+00,  2.138889449660906E-02,  6.622582742871399E-03, -3.578672303666656E-04, -8.944122944018673E-05,  3.030719017827908E-02,  5.247527310806475E+00,  4.186587652136389E-04

2484963.500000000, A.D. 2091-Jul-01,  1.380528972534946E+00, -4.997281336628681E+00, -9.391685787654990E-03,  7.189043612769066E-03,  1.219332322054032E-03, -2.067947199021205E-04,  2.994302381737747E-02,  5.184473860015851E+00,  7.393765675416908E-04

2485147.500000000, A.D. 2092-Jan-01,  2.641438050536921E+00, -4.390214849462596E+00, -4.074098167453127E-02,  7.521705793434885E-03,  4.255087202735190E-03, -3.011934809202182E-04,  2.959232736059870E-02,  5.123752650826733E+00,  2.341338203376598E-04

2485329.500000000, A.D. 2092-Jul-01,  3.694978283682532E+00, -3.462564414689738E+00, -6.849545677465455E-02,  5.617666310759769E-03,  6.878729736985864E-03, -1.733076962165755E-04,  2.924882860496019E-02,  5.064277684957645E+00, -6.020639432084417E-04

2485513.500000000, A.D. 2093-Jan-01,  4.471188946536266E+00, -2.257006407132813E+00, -9.048699897430858E-02,  2.313360495730274E-03,  7.638441183463722E-03,  3.708798950241518E-05,  2.893171323172233E-02,  5.009370860143021E+00, -1.377397479090414E-03

2485694.500000000, A.D. 2093-Jul-01,  4.887603558381636E+00, -9.021883646936413E-01, -1.050943761036628E-01,  2.040988271488405E-04,  7.401977367089580E-03,  6.017960334322254E-05,  2.871173757916067E-02,  4.971283256582955E+00, -1.143919577066314E-03

2485878.500000000, A.D. 2094-Jan-01,  4.919315923929289E+00,  5.406777496284536E-01, -1.117805093045288E-01, -5.481914924897644E-04,  6.772496086384502E-03, -9.206457046707706E-05,  2.858998042928376E-02,  4.950201659592055E+00,  1.970226460718587E-04

2486059.500000000, A.D. 2094-Jul-01,  4.562789655922289E+00,  1.920301005918893E+00, -1.099590692709878E-01, -1.977821863831646E-03,  6.852450142595059E-03, -1.065559746760705E-04,  2.859826292444689E-02,  4.951635729174704E+00,  8.373189755576090E-04

2486243.500000000, A.D. 2095-Jan-01,  3.833774039995514E+00,  3.171350163393738E+00, -9.945524822284098E-02, -4.444865704354092E-03,  7.224491232309323E-03,  5.973371999651069E-05,  2.874164899080736E-02,  4.976462256965291E+00,  1.178515894749020E-03

2486424.500000000, A.D. 2095-Jul-01,  2.807930761125692E+00,  4.153720718396016E+00, -8.053109334268982E-02, -6.804788430124110E-03,  5.634427951284987E-03,  2.118190961424940E-04,  2.896084485005830E-02,  5.014414843499009E+00,  8.534210813868429E-04

2486608.500000000, A.D. 2096-Jan-01,  1.539022425824018E+00,  4.824980785646415E+00, -5.430406778336756E-02, -8.332053659046006E-03,  2.191157548884324E-03,  2.665115149888999E-04,  2.925171952442468E-02,  5.064778232146414E+00, -4.472845440193850E-04

2486790.500000000, A.D. 2096-Jul-01,  1.697561988091439E-01,  5.118636889021338E+00, -2.480591493435691E-02, -7.737485574871307E-03, -5.382119436513031E-04,  1.444663088341188E-04,  2.957938132992235E-02,  5.121511115100689E+00, -7.950741833553425E-04

2486974.500000000, A.D. 2097-Jan-01, -1.220702624293928E+00,  5.036797684576775E+00,  5.999096593851743E-03, -6.291552686937315E-03, -1.522536885356453E-03,  2.852020976827918E-05,  2.993227877870309E-02,  5.182613414241505E+00,  2.233566648680921E-06

2487155.500000000, A.D. 2097-Jul-01, -2.505148355271579E+00,  4.610698238052722E+00,  3.617069435465957E-02, -5.879949681529159E-03, -2.479703779713652E-03,  8.395973533807972E-05,  3.030667946880248E-02,  5.247438884201746E+00,  6.288815135330590E-04

2487339.500000000, A.D. 2098-Jan-01, -3.642953722359045E+00,  3.867780921839998E+00,  6.491126204000117E-02, -6.351518951760024E-03, -3.984706752038159E-03,  2.663491839714925E-04,  3.068917984376960E-02,  5.313666771123187E+00,  1.457299873798084E-03

2487520.500000000, A.D. 2098-Jul-01, -4.530009988852107E+00,  2.880553288114007E+00,  8.927099889670889E-02, -5.280032144527883E-03, -6.025144475765053E-03,  2.588012099397484E-04,  3.100896556407115E-02,  5.369035952199267E+00,  1.226654491850405E-03

2487704.500000000, A.D. 2099-Jan-01, -5.142859630140704E+00,  1.686661566603914E+00,  1.082838488865975E-01, -2.454663511775171E-03, -7.979016264433019E-03,  4.839920223856659E-05,  3.126554207325034E-02,  5.413460797633936E+00, -1.530757072628148E-04

2487885.500000000, A.D. 2099-Jul-01, -5.423713845396615E+00,  4.088115646280379E-01,  1.196602894029594E-01,  1.714403678864970E-04, -7.965693545321621E-03, -8.246937739640396E-05,  3.142121761662826E-02,  5.440415182408469E+00, -7.712976505379074E-04

2488069.500000000, A.D. 2100-Jan-01, -5.370391517196905E+00, -9.116476182082872E-01,  1.233733450053813E-01,  1.948059577308475E-03, -6.255325267832827E-03, -6.623882624053336E-05,  3.146858746906606E-02,  5.448617018108645E+00, -8.749674159794609E-04
