julian, epoch, x, y, z, vx, vy, vz, LT, RG, RR
2433282.500000000, A.D. 1950-Jan-01, -1.620893686602163E+01,  4.057873719416685E+01,  1.295438033545484E+01, -3.272260657396902E-03, -4.838415040676309E-04,  1.249184496885811E-03,  2.632255139204833E-01,  4.557608491825021E+01,  1.088039930118650E-03

2433463.500000000, A.D. 1950-Jul-01, -1.660326038656821E+01,  4.043935648353832E+01,  1.315393335459395E+01, -3.107637278692261E-03, -1.416325704708518E-03,  1.194015712786406E-03,  2.636595771054484E-01,  4.565124062896842E+01,  2.196569869252297E-04

2433647.500000000, A.D. 1951-Jan-01, -1.700026062645779E+01,  4.028785570040198E+01,  1.335494465384009E+01, -1.516788870526538E-03, -1.757823729810863E-03,  9.812292977162797E-04,  2.640665717034942E-01,  4.572170955914745E+01, -6.983308367782918E-04

2433828.500000000, A.D. 1951-Jul-01, -1.738497735742007E+01,  4.013910889303723E+01,  1.355091040745809E+01, -1.010296704599194E-03, -1.001355020984025E-03,  9.365994632727783E-04,  2.644791827273036E-01,  4.579315094330226E+01, -2.170136204856426E-04

2434012.500000000, A.D. 1952-Jan-01, -1.777249473173132E+01,  3.998965569935546E+01,  1.374865024087861E+01, -1.946869382002390E-03,  2.920337780238707E-04,  1.086593948255585E-03,  2.649231905155011E-01,  4.587002850869423E+01,  1.334602532622824E-03

2434194.500000000, A.D. 1952-Jul-01, -1.816127959682538E+01,  3.983821279785158E+01,  1.394372070830496E+01, -3.026931330754080E-03, -1.674403899834109E-04,  1.199512293644495E-03,  2.653813042737601E-01,  4.594934844709100E+01,  1.415212335703428E-03

2434378.500000000, A.D. 1953-Jan-01, -1.855747530935648E+01,  3.967548257671969E+01,  1.413992259052007E+01, -2.813811072545461E-03, -1.804302500336431E-03,  1.115999904969333E-03,  2.658283071702326E-01,  4.602674459940506E+01, -7.798054533767402E-05

2434559.500000000, A.D. 1953-Jul-01, -1.894008721400925E+01,  3.950834291293068E+01,  1.433074950305659E+01, -1.913319287914114E-03, -2.049353358505507E-03,  9.913833207567170E-04,  2.662386438275406E-01,  4.609779218920743E+01, -6.620893013643089E-04

2434743.500000000, A.D. 1954-Jan-01, -1.932099895079898E+01,  3.933400004662844E+01,  1.452251418202868E+01, -9.665192676520868E-04, -7.438015767531521E-04,  9.094530595858046E-04,  2.666368591815856E-01,  4.616674104040879E+01,  5.685849592391224E-05

2434924.500000000, A.D. 1954-Jul-01, -1.969591779245065E+01,  3.916402531066856E+01,  1.471015214298075E+01, -1.458919499269492E-03,  4.881945901904509E-06,  9.877287137123152E-04,  2.670600321138195E-01,  4.624001116231810E+01,  9.397833983741408E-04

2435108.500000000, A.D. 1955-Jan-01, -2.007948738783443E+01,  3.899130745758464E+01,  1.490010860718347E+01, -3.028523930082991E-03, -3.592769493142706E-04,  1.163915267577091E-03,  2.675206816570990E-01,  4.631977015828080E+01,  1.384829711848442E-03

2435289.500000000, A.D. 1955-Jul-01, -2.045700113470843E+01,  3.881153927210637E+01,  1.508560603010956E+01, -3.167580869032640E-03, -1.294615448327883E-03,  1.145894175237223E-03,  2.679491951369568E-01,  4.639396496734672E+01,  6.862895900202515E-04

2435473.500000000, A.D. 1956-Jan-01, -2.083812794793025E+01,  3.861842428547222E+01,  1.527242640306820E+01, -1.767456456866890E-03, -2.145078408566572E-03,  9.405390151980892E-04,  2.683508237527858E-01,  4.646350480650590E+01, -6.810668192164376E-04

2435655.500000000, A.D. 1956-Jul-01, -2.120613779448645E+01,  3.842566309438351E+01,  1.545495745283145E+01, -9.260427988804352E-04, -1.331205439372084E-03,  8.562199723527001E-04,  2.687377646590864E-01,  4.653050154759396E+01, -3.928996394847991E-04

2435839.500000000, A.D. 1957-Jan-01, -2.157354186214150E+01,  3.823366179604554E+01,  1.563789205627072E+01, -1.737029010900822E-03,  4.396652347385373E-05,  9.931253774280151E-04,  2.691524320804410E-01,  4.660229898594638E+01,  1.173445471827987E-03

2436020.500000000, A.D. 1957-Jul-01, -2.193866654870185E+01,  3.804142651750109E+01,  1.581709059630912E+01, -2.630094272407390E-03, -1.294785616376178E-04,  1.091765107895074E-03,  2.695772646251328E-01,  4.667585646084510E+01,  1.500642194452077E-03

2436204.500000000, A.D. 1958-Jan-01, -2.231314201630794E+01,  3.783994798400863E+01,  1.599833991183297E+01, -2.953147146903919E-03, -1.741917621302850E-03,  1.074885744402580E-03,  2.700130394793721E-01,  4.675130853791104E+01,  3.673973530131578E-04

2436385.500000000, A.D. 1958-Jul-01, -2.267483257362677E+01,  3.763379401459969E+01,  1.617443150194699E+01, -2.172549638350547E-03, -2.266548588476807E-03,  9.559748347647814E-04,  2.704067040153836E-01,  4.681946943939563E+01, -4.394384250652315E-04

2436569.500000000, A.D. 1959-Jan-01, -2.303420979015096E+01,  3.741861756159307E+01,  1.635107750887920E+01, -8.402887109767136E-04, -1.340263865250168E-03,  8.142119697438581E-04,  2.707779256976016E-01,  4.688374448120397E+01, -3.728838581473605E-04

2436750.500000000, A.D. 1959-Jul-01, -2.338543030231476E+01,  3.720982051337364E+01,  1.652349127696454E+01, -1.048332800377501E-03, -4.611682254299715E-04,  8.609974737524253E-04,  2.711711866385654E-01,  4.695183550237228E+01,  4.596712941730351E-04

2436934.500000000, A.D. 1960-Jan-01, -2.374288710933513E+01,  3.699990654626838E+01,  1.669769239686996E+01, -2.637586561101508E-03, -2.752031064465897E-04,  1.056231019819643E-03,  2.716048077917366E-01,  4.702691467765789E+01,  1.490169021099744E-03

2437116.500000000, A.D. 1960-Jul-01, -2.409934701609555E+01,  3.678439096091257E+01,  1.686890936150463E+01, -3.056884715659727E-03, -1.388964186519791E-03,  1.066499093261466E-03,  2.720281425764092E-01,  4.710021282344825E+01,  8.612997264715341E-04

2437300.500000000, A.D. 1961-Jan-01, -2.445682203883875E+01,  3.655627801021636E+01,  1.704009797169330E+01, -1.736221036310481E-03, -2.355472231358063E-03,  8.665822909841640E-04,  2.724222396621104E-01,  4.716844861858998E+01, -6.122355628938442E-04

2437481.500000000, A.D. 1961-Jul-01, -2.480051566437621E+01,  3.633093344325496E+01,  1.720626138891050E+01, -9.516465382548695E-04, -1.868957205357980E-03,  7.783016401900509E-04,  2.728012594254057E-01,  4.723407385628201E+01, -6.543575637944850E-04

2437665.500000000, A.D. 1962-Jan-01, -2.514340582462378E+01,  3.610328108269288E+01,  1.737316148320358E+01, -1.259125346379277E-03, -2.921899480612414E-04,  8.586098563689222E-04,  2.731926705221734E-01,  4.730184458685648E+01,  7.616288908840933E-04

2437846.500000000, A.D. 1962-Jul-01, -2.548430746094599E+01,  3.587864818505384E+01,  1.753651127792321E+01, -2.152675895571926E-03, -1.526001878660247E-04,  9.663044355960621E-04,  2.736070082519919E-01,  4.737358494088898E+01,  1.400146825464142E-03

2438030.500000000, A.D. 1963-Jan-01, -2.583505405693722E+01,  3.564679153583584E+01,  1.770169209076929E+01, -2.981305764691623E-03, -1.563499699714228E-03,  1.017290684360745E-03,  2.740478073074071E-01,  4.744990693142200E+01,  8.281620920177393E-04

2438211.500000000, A.D. 1963-Jul-01, -2.617556165503545E+01,  3.540990870771444E+01,  1.786207777574162E+01, -2.413150297984454E-03, -2.314271210431676E-03,  9.167659729932200E-04,  2.744480785436167E-01,  4.751921174758558E+01, -5.065788505808215E-05

2438395.500000000, A.D. 1964-Jan-01, -2.651489266648688E+01,  3.516181109774093E+01,  1.802275794233962E+01, -8.489469857479739E-04, -1.878143500889895E-03,  7.303807385297189E-04,  2.748207616924424E-01,  4.758373983449287E+01, -6.381531513799831E-04

2438577.500000000, A.D. 1964-Jul-01, -2.684553645317638E+01,  3.491945470777996E+01,  1.817988763940371E+01, -8.729966335822052E-04, -7.190553175718496E-04,  7.626228571191370E-04,  2.752056883382782E-01,  4.765038781719266E+01,  2.558518779832676E-04

2438761.500000000, A.D. 1965-Jan-01, -2.718102334392362E+01,  3.467725897422373E+01,  1.833768691454550E+01, -2.438345025400591E-03, -3.916983625799009E-04,  9.588655706135620E-04,  2.756314967277095E-01,  4.772411425437034E+01,  1.472569270735156E-03

2438942.500000000, A.D. 1965-Jul-01, -2.751329282010711E+01,  3.443133859811430E+01,  1.849168747262690E+01, -2.937597286736215E-03, -1.180580754752763E-03,  9.888564047039472E-04,  2.760456621013424E-01,  4.779582476585439E+01,  1.223111485274979E-03

2439126.500000000, A.D. 1966-Jan-01, -2.785092913809787E+01,  3.417200073768231E+01,  1.864665061365124E+01, -2.002478191494264E-03, -2.532160215262285E-03,  8.242168991931487E-04,  2.764475524690619E-01,  4.786540992594850E+01, -3.215102097039623E-04

2439307.500000000, A.D. 1966-Jul-01, -2.817448051284030E+01,  3.391355900759199E+01,  1.879667100362474E+01, -1.095296265978832E-03, -2.332031231472279E-03,  7.117384208597266E-04,  2.768182304820715E-01,  4.792959083435147E+01, -7.271032764994619E-04

2439491.500000000, A.D. 1967-Jan-01, -2.849521509389679E+01,  3.365025397505291E+01,  1.894687863678219E+01, -8.587947350232402E-04, -7.380391611665596E-04,  7.254725504088637E-04,  2.771828288953440E-01,  4.799271909269113E+01,  2.788292911737752E-04

2439672.500000000, A.D. 1967-Jul-01, -2.881261232022877E+01,  3.339208659475383E+01,  1.909364851287118E+01, -1.645346178852947E-03, -3.069521646876329E-04,  8.291445262546643E-04,  2.775715245363739E-01,  4.806001965667935E+01,  1.102545168507365E-03

2439856.500000000, A.D. 1968-Jan-01, -2.913847583859414E+01,  3.312815539437057E+01,  1.924192927708455E+01, -2.878401746499201E-03, -1.362197448508203E-03,  9.412338095385809E-04,  2.779925203251598E-01,  4.813291281788607E+01,  1.181235501030261E-03

2440038.500000000, A.D. 1968-Jul-01, -2.945815090822250E+01,  3.285691991239628E+01,  1.938669219555873E+01, -2.365497090466000E-03, -2.443517954888455E-03,  8.372417664557767E-04,  2.783778072835431E-01,  4.819962318676954E+01,  1.167653305788752E-04

2440222.500000000, A.D. 1969-Jan-01, -2.977287891685406E+01,  3.257528411739479E+01,  1.953048965821840E+01, -7.631142896779682E-04, -2.146091737684999E-03,  6.418883828064144E-04,  2.787256698048399E-01,  4.825985371524060E+01, -7.180511680188610E-04

2440403.500000000, A.D. 1969-Jul-01, -3.007716129477846E+01,  3.230103119012301E+01,  1.967011356326045E+01, -5.805387479192824E-04, -1.251194399780689E-03,  6.404539141264600E-04,  2.790780189330406E-01,  4.832086107561599E+01, -2.143196606964053E-04

2440587.500000000, A.D. 1970-Jan-01, -3.038382287839726E+01,  3.202570670793975E+01,  1.981054108193781E+01, -1.937686836184265E-03, -4.143595021794054E-04,  8.269265113732527E-04,  2.794587135258605E-01,  4.838677630105089E+01,  1.281053298025482E-03

2440768.500000000, A.D. 1970-Jul-01, -3.068820340474887E+01,  3.174967022038717E+01,  1.994757464148309E+01, -2.656785360020105E-03, -9.863913243195795E-04,  8.907067978720110E-04,  2.798423764728823E-01,  4.845320548108369E+01,  1.403040519918275E-03

2440952.500000000, A.D. 1971-Jan-01, -3.099873696020643E+01,  3.146165039289979E+01,  2.008547520184911E+01, -2.209009056661243E-03, -2.566591546701729E-03,  7.788207270680024E-04,  2.802277359568299E-01,  4.851992840737933E+01,  6.946154409724522E-05

2441133.500000000, A.D. 1971-Jul-01, -3.129555679620226E+01,  3.117387260521946E+01,  2.021862366247179E+01, -1.279709404204582E-03, -2.670405308814980E-03,  6.538184696197926E-04,  2.805745944193629E-01,  4.857998508846455E+01, -6.170925520865156E-04

2441317.500000000, A.D. 1972-Jan-01, -3.158827371691204E+01,  3.087970109771718E+01,  2.035148289742332E+01, -5.262541740394551E-04, -1.233353071615033E-03,  5.985088013467807E-04,  2.809038888517615E-01,  4.863700065200388E+01, -1.908335535951491E-04

2441499.500000000, A.D. 1972-Jul-01, -3.187766866590825E+01,  3.059289195837651E+01,  2.048167819418065E+01, -1.388321520574441E-03, -4.696403435184624E-04,  7.214272402837014E-04,  2.812629953671795E-01,  4.869917801770685E+01,  9.171579385966936E-04

2441683.500000000, A.D. 1973-Jan-01, -3.217436944466129E+01,  3.030241018427457E+01,  2.061243553793645E+01, -2.708370318971590E-03, -1.404533735245374E-03,  8.475107097034910E-04,  2.816593402990141E-01,  4.876780301534165E+01,  1.272327353447618E-03

2441864.500000000, A.D. 1973-Jul-01, -3.246363279655838E+01,  3.000821404973923E+01,  2.073912997518238E+01, -2.488333363158128E-03, -2.317570796716832E-03,  7.844025312071128E-04,  2.820258327676148E-01,  4.883125921919540E+01,  5.632049330901274E-04

2442048.500000000, A.D. 1974-Jan-01, -3.275240379980702E+01,  2.970121156738954E+01,  2.086564357432767E+01, -8.762434141839857E-04, -2.561406397831146E-03,  5.703349227270461E-04,  2.823665622707096E-01,  4.889025470385002E+01, -7.256536134462910E-04

2442229.500000000, A.D. 1974-Jul-01, -3.302984473551148E+01,  2.940146587023036E+01,  2.098798265989297E+01, -4.071642444010808E-04, -1.769046306739395E-03,  5.297796652362688E-04,  2.827003987588237E-01,  4.894805669995780E+01, -5.606959348095379E-04

2442413.500000000, A.D. 1975-Jan-01, -3.330762427612522E+01,  2.910040057646604E+01,  2.111054287403304E+01, -1.408748787860603E-03, -5.202733159811426E-04,  6.847272007607951E-04,  2.830526187866023E-01,  4.900904170728803E+01,  9.434356343068802E-04

2442594.500000000, A.D. 1975-Jul-01, -3.358458234630624E+01,  2.880130135082683E+01,  2.123009634076133E+01, -2.271110956148327E-03, -8.163396955330323E-04,  7.743113101090410E-04,  2.834218223302659E-01,  4.907296731923770E+01,  1.410172949392858E-03

2442778.500000000, A.D. 1976-Jan-01, -3.386904106477257E+01,  2.849152495687270E+01,  2.135041499376032E+01, -2.364051350489294E-03, -2.454373329071821E-03,  7.268711091689817E-04,  2.838077694765448E-01,  4.913979199611182E+01,  5.221494047020640E-04

2442960.500000000, A.D. 1976-Jul-01, -3.414292790030957E+01,  2.817759610238591E+01,  2.146688917232316E+01, -1.237608281738965E-03, -2.828962877408275E-03,  5.687034313517095E-04,  2.841498541949257E-01,  4.919902212901935E+01, -5.132116125611828E-04

2443144.500000000, A.D. 1977-Jan-01, -3.441022103128350E+01,  2.785866838016047E+01,  2.158202236866659E+01, -3.601922811928280E-04, -1.464659327579813E-03,  4.955981708155212E-04,  2.844671388605466E-01,  4.925395826590146E+01, -3.596289984108624E-04

2443325.500000000, A.D. 1977-Jul-01, -3.467293546111284E+01,  2.754796367096651E+01,  2.169399349912694E+01, -8.898127738675184E-04, -7.362556009896039E-04,  5.763377946106134E-04,  2.848058013247955E-01,  4.931259585387438E+01,  4.678956015645653E-04

2443509.500000000, A.D. 1978-Jan-01, -3.494192080960672E+01,  2.723353798303330E+01,  2.180673403306994E+01, -2.434582775008977E-03, -1.178525096980392E-03,  7.455555681152378E-04,  2.851806309046281E-01,  4.937749558378994E+01,  1.402090602175337E-03

2443690.500000000, A.D. 1978-Jul-01, -3.520566020836392E+01,  2.691580521296873E+01,  2.191593011691639E+01, -2.519644280542522E-03, -2.112346493108338E-03,  7.195329587327599E-04,  2.855354041138442E-01,  4.943892266078232E+01,  9.631979240944419E-04

2443874.500000000, A.D. 1979-Jan-01, -3.547001795629201E+01,  2.658401972965379E+01,  2.202484472150639E+01, -1.072086350915578E-03, -2.876337660504661E-03,  5.096698884436434E-04,  2.858692588078748E-01,  4.949672780914682E+01, -5.497796733363762E-04

2444055.500000000, A.D. 1979-Jul-01, -3.572157461530001E+01,  2.625811699307313E+01,  2.212962453858546E+01, -3.615036580132797E-04, -2.280083752301380E-03,  4.334264524889792E-04,  2.861791119982779E-01,  4.955037722598210E+01, -7.540943876052755E-04

2444239.500000000, A.D. 1980-Jan-01, -3.597043456778076E+01,  2.592952973537769E+01,  2.223403097208446E+01, -8.867017259311640E-04, -7.624466337865651E-04,  5.382966325317004E-04,  2.864892766091683E-01,  4.960408056360327E+01,  4.857194706053081E-04

2444421.500000000, A.D. 1980-Jul-01, -3.621988752566485E+01,  2.560477446174320E+01,  2.233638126221532E+01, -2.033661590183413E-03, -8.893986236643367E-04,  6.684978030635026E-04,  2.868286997161236E-01,  4.966284985277821E+01,  1.325295767228218E-03

2444605.500000000, A.D. 1981-Jan-01, -3.647478861845372E+01,  2.527049850088129E+01,  2.243864957209056E+01, -2.265033672267125E-03, -2.509534153119809E-03,  6.389255666815250E-04,  2.871833322476900E-01,  4.972425257219061E+01,  6.744409521294798E-04

2444786.500000000, A.D. 1981-Jul-01, -3.671780647683569E+01,  2.493544066260748E+01,  2.253677108105806E+01, -1.453511861304519E-03, -2.982839461294626E-03,  5.167195786095300E-04,  2.874955081388692E-01,  4.977830415219859E+01, -1.881032000041389E-04

2444970.500000000, A.D. 1982-Jan-01, -3.695559536715427E+01,  2.459106235864246E+01,  2.263389917401298E+01, -1.699109847095496E-04, -1.976938254668112E-03,  3.823906984493371E-04,  2.877767426094492E-01,  4.982699839130249E+01, -6.759559851886428E-04

2445151.500000000, A.D. 1982-Jul-01, -3.718671589629636E+01,  2.425664966395461E+01,  2.272789196403818E+01, -4.219374872716205E-04, -1.103242910682095E-03,  4.334389343692060E-04,  2.880700922086359E-01,  4.987779029989883E+01, -2.444683360685194E-05

2445335.500000000, A.D. 1983-Jan-01, -3.742153851247109E+01,  2.392041023814372E+01,  2.282216749278238E+01, -2.015458581243728E-03, -9.976391072814880E-04,  6.257211713470508E-04,  2.883949951292054E-01,  4.993404549673560E+01,  1.318497969147729E-03

2445516.500000000, A.D. 1983-Jul-01, -3.765320435415277E+01,  2.358319184676891E+01,  2.291342545202488E+01, -2.395302227383773E-03, -1.841912191671855E-03,  6.386810658544381E-04,  2.887156024125804E-01,  4.998955692704826E+01,  1.227996614496875E-03

2445700.500000000, A.D. 1984-Jan-01, -3.788693778706268E+01,  2.323271253539415E+01,  2.300434246831825E+01, -1.275723322873508E-03, -3.035211388750758E-03,  4.555727481475013E-04,  2.890287019622665E-01,  5.004376843356911E+01, -2.338511339269800E-04

2445882.500000000, A.D. 1984-Jul-01, -3.810808870455008E+01,  2.288484600999942E+01,  2.309160264043147E+01, -2.338346821868465E-04, -2.471763291674498E-03,  3.370605959892878E-04,  2.893047421056815E-01,  5.009156330280405E+01, -7.959755598524102E-04

2446066.500000000, A.D. 1985-Jan-01, -3.832466095423692E+01,  2.253759785927957E+01,  2.317767613379862E+01, -6.231740696475014E-04, -9.061208098975871E-04,  4.262697656176397E-04,  2.895791919170306E-01,  5.013908281457762E+01,  2.660816738864048E-04

2446247.500000000, A.D. 1985-Jul-01, -3.854062428635544E+01,  2.219665641604920E+01,  2.326132491096972E+01, -1.519653375714072E-03, -8.075420545381734E-04,  5.322320471495233E-04,  2.898804232632966E-01,  5.019123940537681E+01,  1.056440914345878E-03

2446431.500000000, A.D. 1986-Jan-01, -3.876355476065391E+01,  2.184794284032620E+01,  2.334527658082883E+01, -2.267043880935282E-03, -2.252953527731050E-03,  5.713034305794077E-04,  2.902132000741474E-01,  5.024885792405406E+01,  1.034720359310382E-03

2446612.500000000, A.D. 1986-Jul-01, -3.897730672546522E+01,  2.149798726471825E+01,  2.342554256292907E+01, -1.655898340167265E-03, -2.962272491661866E-03,  4.659661215891786E-04,  2.905120132707869E-01,  5.030059582522444E+01,  2.340940545833774E-04

2446796.500000000, A.D. 1987-Jan-01, -3.918689398345738E+01,  2.113698790921483E+01,  2.350457989224460E+01, -1.150493545985753E-04, -2.431425866630060E-03,  2.845971382758599E-04,  2.907817298015408E-01,  5.034729579486798E+01, -7.983597822940128E-04

2446977.500000000, A.D. 1987-Jul-01, -3.938882222400174E+01,  2.078624945274558E+01,  2.358052311486015E+01, -6.517230845581180E-05, -1.515750963334987E-03,  2.993337963631202E-04,  2.910533799661461E-01,  5.039433056283448E+01, -4.342010184844995E-04

2447161.500000000, A.D. 1988-Jan-01, -3.959256512372450E+01,  2.043418853359099E+01,  2.365623677551037E+01, -1.531412044550599E-03, -8.807601931123878E-04,  4.921698555470951E-04,  2.913487005990116E-01,  5.044546374533309E+01,  1.075969846898224E-03

2447343.500000000, A.D. 1988-Jul-01, -3.979768330645219E+01,  2.008113739790207E+01,  2.372999985122522E+01, -2.233389698707686E-03, -1.824138251498905E-03,  5.415146822453049E-04,  2.916619927520022E-01,  5.049970860008237E+01,  1.289177902245439E-03

2447527.500000000, A.D. 1989-Jan-01, -4.000360080192034E+01,  1.971541792590300E+01,  2.380269206695386E+01, -1.224456485219574E-03, -3.113556758353703E-03,  3.689516097025711E-04,  2.919668147319537E-01,  5.055248688983211E+01, -7.161591767877261E-05

2447708.500000000, A.D. 1989-Jul-01, -4.019716493038381E+01,  1.935427276169897E+01,  2.387165793456214E+01, -3.281213477392083E-04, -2.855849948134838E-03,  2.588884360637537E-04,  2.922352919166179E-01,  5.059897227335220E+01, -7.095649007956902E-04

2447892.500000000, A.D. 1990-Jan-01, -4.038548792029911E+01,  1.898845239434308E+01,  2.393936392356424E+01, -1.774896148579698E-04, -1.243706435153724E-03,  2.830835261128745E-04,  2.924855066020943E-01,  5.064229560315871E+01, -1.909711254606798E-04

2448073.500000000, A.D. 1990-Jul-01, -4.057243061873425E+01,  1.863070598807899E+01,  2.400487165433745E+01, -9.851142642431823E-04, -8.492809500257785E-04,  3.875674715228399E-04,  2.927600611616701E-01,  5.068983325152550E+01,  6.598815131557071E-04

2448257.500000000, A.D. 1991-Jan-01, -4.076533467212455E+01,  1.826673178029997E+01,  2.407042324458025E+01, -2.157524969179469E-03, -1.963421142014951E-03,  4.897325788155983E-04,  2.930682208912795E-01,  5.074318945471372E+01,  1.258789823703652E-03

2448438.500000000, A.D. 1991-Jul-01, -4.095097299473370E+01,  1.790095955067642E+01,  2.413279938467808E+01, -1.807259336439742E-03, -2.833163800968113E-03,  4.119073739779667E-04,  2.933496315560669E-01,  5.079191420089897E+01,  6.543001228361861E-04

2448622.500000000, A.D. 1992-Jan-01, -4.113283686814312E+01,  1.752241114550131E+01,  2.419377751547293E+01, -1.732718999810642E-04, -2.839206917006410E-03,  2.026318891246361E-04,  2.936034055199281E-01,  5.083585380065398E+01, -7.419990512223189E-04

2448804.500000000, A.D. 1992-Jul-01, -4.130476145167222E+01,  1.715187310346183E+01,  2.425186951709758E+01,  1.361600828812594E-04, -1.704278898772813E-03,  1.925312033408268E-04,  2.938384417565211E-01,  5.087654906350402E+01, -5.933262786404633E-04

2448988.500000000, A.D. 1993-Jan-01, -4.147665210786177E+01,  1.678289389002083E+01,  2.430915860513439E+01, -1.262991636427623E-03, -9.365604251147312E-04,  3.815667746040489E-04,  2.940931924992993E-01,  5.092065778728583E+01,  9.022278918149545E-04

2449169.500000000, A.D. 1993-Jul-01, -4.164783799427678E+01,  1.641587663427939E+01,  2.436429039179887E+01, -1.948033795782745E-03, -1.540184069977619E-03,  4.397519351253589E-04,  2.943612378593862E-01,  5.096706840269810E+01,  1.305983847631444E-03

2449353.500000000, A.D. 1994-Jan-01, -4.182221423599514E+01,  1.603664023448589E+01,  2.441880473174811E+01, -1.412724759378668E-03, -3.085725340171834E-03,  3.177744092447611E-04,  2.946391563888525E-01,  5.101518850439592E+01,  3.402571304241236E-04

2449534.500000000, A.D. 1994-Jul-01, -4.198451106712059E+01,  1.566092948581158E+01,  2.446984372856571E+01, -4.770198900773820E-04, -3.130942242341942E-03,  1.934658726000858E-04,  2.948761081480979E-01,  5.105621542971198E+01, -4.753963636681104E-04

2449718.500000000, A.D. 1995-Jan-01, -4.214002251770587E+01,  1.527921219179636E+01,  2.451917252833861E+01,  1.991521175793896E-04, -1.647349358047631E-03,  1.488133428376602E-04,  2.950846579694740E-01,  5.109232471192841E+01, -5.854831475369193E-04

2449899.500000000, A.D. 1995-Jul-01, -4.229298693117219E+01,  1.490811232249481E+01,  2.456645562459844E+01, -4.283273394549317E-04, -9.956573250839548E-04,  2.390342925951694E-04,  2.953125537504155E-01,  5.113178364320756E+01,  1.788339076604085E-04

2450083.500000000, A.D. 1996-Jan-01, -4.245053865494678E+01,  1.453343788675248E+01,  2.461344625328574E+01, -1.895253050384772E-03, -1.648195547950270E-03,  3.917933415794707E-04,  2.955740095336123E-01,  5.117705330874970E+01,  1.292453264380509E-03

2450265.500000000, A.D. 1996-Jul-01, -4.260538915804040E+01,  1.415536996607247E+01,  2.465816475294130E+01, -1.695117131070132E-03, -2.815124102411576E-03,  3.229049501849565E-04,  2.958293992218848E-01,  5.122127266251444E+01,  7.874510575833351E-04

2450449.500000000, A.D. 1997-Jan-01, -4.275476821257640E+01,  1.376667607803573E+01,  2.470085658423173E+01, -6.990448408549281E-05, -2.961551909024200E-03,  1.100213379586288E-04,  2.960551141431310E-01,  5.126035398964270E+01, -6.840443302965285E-04

2450630.500000000, A.D. 1997-Jul-01, -4.289489321990977E+01,  1.338839623814958E+01,  2.474072936185493E+01,  3.570108660180362E-04, -2.136616304619881E-03,  7.543993834224900E-05,  2.962635267911028E-01,  5.129643952102046E+01, -8.198106918609751E-04

2450814.500000000, A.D. 1998-Jan-01, -4.303299176930637E+01,  1.300923875282040E+01,  2.477945531925695E+01, -7.099376986456763E-04, -9.368934136850369E-04,  2.366596165609425E-04,  2.964759870939447E-01,  5.133322588211388E+01,  4.719510417686772E-04

2450995.500000000, A.D. 1998-Jul-01, -4.317215186822992E+01,  1.263462431728722E+01,  2.481648845094335E+01, -1.553945995594552E-03, -1.271717801231154E-03,  3.225158576575164E-04,  2.967136513782244E-01,  5.137437617731526E+01,  1.148884547303555E-03

2451179.500000000, A.D. 1999-Jan-01, -4.331604629148679E+01,  1.224946170656229E+01,  2.485285538840182E+01, -1.556698123034864E-03, -2.903666927445804E-03,  2.638868042470649E-04,  2.969758721118055E-01,  5.141977828991074E+01,  7.471831459702806E-04

2451360.500000000, A.D. 1999-Jul-01, -4.344984913350243E+01,  1.186613525119681E+01,  2.488611983841714E+01, -6.899007728087360E-04, -3.251871152172595E-03,  1.383548135675511E-04,  2.972015467993618E-01,  5.145885265079155E+01, -1.004286663739957E-04

2451544.500000000, A.D. 2000-Jan-01, -4.357692755311024E+01,  1.147449294702533E+01,  2.491733882002740E+01,  4.339001740408518E-04, -2.069763622053503E-03,  2.889590158255926E-05,  2.973963723720391E-01,  5.149258565300831E+01, -8.144379434562298E-04

2451726.500000000, A.D. 2000-Jul-01, -4.370050922684882E+01,  1.109302996389409E+01,  2.494673345365161E+01, -1.776814322221153E-04, -1.083530563419406E-03,  1.275209469207880E-04,  2.976006029527282E-01,  5.152794708188258E+01, -2.083601087867902E-05

2451910.500000000, A.D. 2001-Jan-01, -4.382858268701101E+01,  1.070989094160579E+01,  2.497550255714939E+01, -1.696589418551432E-03, -1.602932100904058E-03,  2.909126571755415E-04,  2.978410866055702E-01,  5.156958553561805E+01,  1.249914475230429E-03

2452091.500000000, A.D. 2001-Jul-01, -4.395329096711403E+01,  1.032591208650758E+01,  2.500205021398255E+01, -1.730812488469172E-03, -2.532886485109715E-03,  2.585596102742339E-04,  2.980759929224311E-01,  5.161025830356380E+01,  1.092516564683513E-03

2452275.500000000, A.D. 2002-Jan-01, -4.407587974302042E+01,  9.928260133546560E+00,  2.502690778527526E+01, -2.436085132710114E-04, -3.208914314067540E-03,  4.641242849964543E-05,  2.982986524898221E-01,  5.164881061257111E+01, -3.864584046782493E-04

2452456.500000000, A.D. 2002-Jul-01, -4.418803789585944E+01,  9.539223282175422E+00,  2.504903624931229E+01,  4.335137667074469E-04, -2.568145132337105E-03, -2.442116695208372E-05,  2.984905935849921E-01,  5.168204418298942E+01, -8.565055811171637E-04

2452640.500000000, A.D. 2003-Jan-01, -4.429533721561992E+01,  9.148003919210197E+00,  2.506947149899826E+01, -1.736728908671339E-04, -1.075802630946710E-03,  8.969072559190208E-05,  2.986697651737563E-01,  5.171306678191165E+01,  1.932812674721000E-06

2452821.500000000, A.D. 2003-Jul-01, -4.440354926876381E+01,  8.763427257858941E+00,  2.508857549295050E+01, -1.073324226650497E-03, -1.107201843083005E-03,  1.923782257420646E-04,  2.988745338670297E-01,  5.174852138209165E+01,  8.267486077842460E-04

2453005.500000000, A.D. 2004-Jan-01, -4.451614276830038E+01,  8.370053999203526E+00,  2.510688574967901E+01, -1.604716886349636E-03, -2.643456144539029E-03,  2.024377185906264E-04,  2.991083167459400E-01,  5.178899963278612E+01,  1.050271609779677E-03

2453187.500000000, A.D. 2004-Jul-01, -4.462063143189411E+01,  7.974061813628565E+00,  2.512259347799636E+01, -6.175475527525833E-04, -3.305329648467304E-03,  5.267103632156868E-05,  2.993106926015981E-01,  5.182403992597617E+01,  4.865872766610251E-05

2453371.500000000, A.D. 2005-Jan-01, -4.471573018392869E+01,  7.572179478378136E+00,  2.513577171580778E+01,  6.103206667136385E-04, -2.224276089869762E-03, -7.235907216751781E-05,  2.994728194157381E-01,  5.185211131365708E+01, -8.862195188543598E-04

2453552.500000000, A.D. 2005-Jul-01, -4.480659078736780E+01,  7.182440130801558E+00,  2.514725040027260E+01,  3.117593596518526E-04, -1.360092346264716E-03, -1.577424159101314E-05,  2.996376664119038E-01,  5.188065368625565E+01, -4.651894875992563E-04

2453736.500000000, A.D. 2006-Jan-01, -4.489886443569445E+01,  6.791068571059412E+00,  2.515770484267152E+01, -1.284571643347902E-03, -1.336533884284187E-03,  1.744128650245348E-04,  2.998232139484795E-01,  5.191278024631966E+01,  1.020695519379448E-03

2453917.500000000, A.D. 2006-Jul-01, -4.498976712646034E+01,  6.400689480810902E+00,  2.516650202589875E+01, -1.616842112831762E-03, -2.194156074487925E-03,  1.812456128989662E-04,  3.000158468626036E-01,  5.194613360147665E+01,  1.217772183024066E-03

2454101.500000000, A.D. 2007-Jan-01, -4.507978248195940E+01,  5.997416188416848E+00,  2.517358542821962E+01, -4.324321975448301E-04, -3.317224457949780E-03, -7.469154417951640E-06,  3.002083758094027E-01,  5.197946895524932E+01, -1.132854317014100E-05

2454282.500000000, A.D. 2007-Jul-01, -4.515901127020662E+01,  5.601852909044297E+00,  2.517809339640665E+01,  4.192223751541703E-04, -2.926121602248205E-03, -1.076585824430618E-04,  3.003632391794220E-01,  5.200628271656601E+01, -7.313348816919439E-04

2454466.500000000, A.D. 2008-Jan-01, -4.523132909529267E+01,  5.203525513142786E+00,  2.518040375468279E+01,  3.385350228892805E-04, -1.302829285056754E-03, -5.449079711266226E-05,  3.004936496708073E-01,  5.202886259319380E+01, -4.509765072191036E-04

2454648.500000000, A.D. 2008-Jul-01, -4.530523047495493E+01,  4.813733707071911E+00,  2.518174168826960E+01, -7.936428830314986E-04, -1.087284789256744E-03,  8.438822071184623E-05,  3.006519865147362E-01,  5.205627776787464E+01,  6.309962616475693E-04

2454832.500000000, A.D. 2009-Jan-01, -4.538361916887136E+01,  4.417680692012597E+00,  2.518209110121201E+01, -1.460151299714953E-03, -2.564338138799921E-03,  1.127322709012040E-04,  3.008444438701010E-01,  5.208960072597475E+01,  1.109191795334643E-03

2455013.500000000, A.D. 2009-Jul-01, -4.545461403394481E+01,  4.022758565732418E+00,  2.518014061213943E+01, -8.100549798632995E-04, -3.231479126665952E-03,  4.149191913726696E-06,  3.010116825216624E-01,  5.211855720086828E+01,  4.590640002328390E-04

2455197.500000000, A.D. 2010-Jan-01, -4.551863574777203E+01,  3.617822778202910E+00,  2.517564230313875E+01,  7.007788563131157E-04, -2.609055638378299E-03, -1.704158133431046E-04,  3.011503800240723E-01,  5.214257192897588E+01, -8.750609011012274E-04

2455378.500000000, A.D. 2010-Jul-01, -4.557749776260331E+01,  3.225436444605148E+00,  2.516951674579134E+01,  7.012070605787221E-04, -1.684918271315684E-03, -1.491006127045422E-04,  3.012815241672999E-01,  5.216527883348241E+01, -7.887746662440095E-04

2455562.500000000, A.D. 2011-Jan-01, -4.563598292950896E+01,  2.832488760359650E+00,  2.516190764844695E+01, -7.976357833141815E-04, -1.124538676381048E-03,  4.562094520638578E-05,  3.014238273606332E-01,  5.218991786762046E+01,  6.584329166244990E-04

2455743.500000000, A.D. 2011-Jul-01, -4.569572248827750E+01,  2.442106932918584E+00,  2.515320298097244E+01, -1.393862267742296E-03, -1.818428819284496E-03,  8.995956622821152E-05,  3.015875113828274E-01,  5.221825887751792E+01,  1.178046114496989E-03

2455927.500000000, A.D. 2012-Jan-01, -4.575659170110951E+01,  2.039430867699338E+00,  2.514280203732910E+01, -6.470963902362629E-04, -3.268563521481533E-03, -5.509455509203302E-05,  3.017665747468306E-01,  5.224926273790367E+01,  4.125930847423139E-04

2456109.500000000, A.D. 2012-Jul-01, -4.580710103895497E+01,  1.639065965035662E+00,  2.512989042423970E+01,  5.107701492773730E-04, -3.008425408835397E-03, -1.971660025794219E-04,  3.019048799386829E-01,  5.227320953954388E+01, -6.367060271405325E-04

2456293.500000000, A.D. 2013-Jan-01, -4.584966825300665E+01,  1.238430958223053E+00,  2.511455217170924E+01,  5.728274605154209E-04, -1.384202045566651E-03, -1.614363845749848E-04,  3.020141366839593E-01,  5.229212675857195E+01, -6.125700403661510E-04

2456474.500000000, A.D. 2013-Jul-01, -4.589345132718059E+01,  8.475065325926032E-01,  2.509847338210525E+01, -2.558901705334094E-04, -1.028896298811865E-03, -5.532922437459738E-05,  3.021463123385850E-01,  5.231501226374058E+01,  1.812674273848895E-04

2456658.500000000, A.D. 2014-Jan-01, -4.594089673667930E+01,  4.507837041339444E-01,  2.508117542922211E+01, -1.366678670493772E-03, -2.199696678017056E-03,  3.774152089909593E-05,  3.023104337391638E-01,  5.234342900335780E+01,  1.198650129694406E-03

2456839.500000000, A.D. 2014-Jul-01, -4.598311030165831E+01,  5.412015388326615E-02,  2.506210668905136E+01, -9.698598474028736E-04, -3.042621099658194E-03, -4.467657462695190E-05,  3.024606776990083E-01,  5.236944293859658E+01,  8.270627623275716E-04

2457023.500000000, A.D. 2015-Jan-01, -4.601887736689266E+01, -3.543654066648463E-01,  2.504035971574268E+01,  6.621644668698760E-04, -2.952504890275139E-03, -2.503499072921797E-04,  3.025887847313338E-01,  5.239162398365158E+01, -6.813045449023235E-04

2457204.500000000, A.D. 2015-Jul-01, -4.604750081817033E+01, -7.510958078027352E-01,  2.501703009062676E+01,  9.700020157351670E-04, -2.074184653919402E-03, -2.678664370192590E-04,  3.026938231864892E-01,  5.240981082838614E+01, -9.503846539973842E-04

2457388.500000000, A.D. 2016-Jan-01, -4.607253799487382E+01, -1.148226366685538E+00,  2.499170096632780E+01, -2.542391092127675E-04, -1.040107975663544E-03, -9.166789127139133E-05,  3.027926572169832E-01,  5.242692341029171E+01,  2.025063307814150E-04

2457570.500000000, A.D. 2016-Jul-01, -4.610073281248827E+01, -1.542223036876593E+00,  2.496574264939321E+01, -1.181100710445942E-03, -1.736820345805774E-03, -6.191816595683900E-06,  3.029227334371255E-01,  5.244944540964791E+01,  1.086257230757790E-03

2457754.500000000, A.D. 2017-Jan-01, -4.612897268462923E+01, -1.946765402768647E+00,  2.493796659840524E+01, -5.620687890764045E-04, -3.244285591748646E-03, -1.368532962288629E-04,  3.030674941517760E-01,  5.247450995041175E+01,  5.494224884027124E-04

2457935.500000000, A.D. 2017-Jul-01, -4.614732661246491E+01, -2.345822304624793E+00,  2.490816578218462E+01,  3.753550926694745E-04, -3.231976436273203E-03, -2.590979572970081E-04,  3.031732005452895E-01,  5.249281244508794E+01, -3.084926443207454E-04

2458119.500000000, A.D. 2018-Jan-01, -4.615645581889489E+01, -2.749683689638425E+00,  2.487544728410612E+01,  9.704282684291142E-04, -1.707735543241571E-03, -2.919680612971636E-04,  3.032431514648320E-01,  5.250492407135737E+01, -9.019846020682733E-04

2458300.500000000, A.D. 2018-Jul-01, -4.616556988118144E+01, -3.141503963925470E+00,  2.484216353900016E+01,  3.088245810782216E-04, -1.086038797403078E-03, -1.979640041958348E-04,  3.033253609836539E-01,  5.251915820829610E+01, -3.001404115489584E-04

2458484.500000000, A.D. 2019-Jan-01, -4.617690937896923E+01, -3.536251785625592E+00,  2.480738239934009E+01, -1.120107126602747E-03, -1.812391759838307E-03, -5.166917745046000E-05,  3.034329076719003E-01,  5.253777934012786E+01,  1.082085739968825E-03

2458665.500000000, A.D. 2019-Jul-01, -4.618566233538313E+01, -3.930138382612943E+00,  2.477140163834590E+01, -1.021422124456984E-03, -2.730180864903708E-03, -9.966834454037028E-05,  3.035409214892278E-01,  5.255648135285277E+01,  1.054791339345357E-03

2458849.500000000, A.D. 2020-Jan-01, -4.618942666018894E+01, -4.335881637806071E+00,  2.473269957345508E+01,  5.466868853867062E-04, -3.176846478672025E-03, -3.143385657559738E-04,  3.036390224367176E-01,  5.257346700537089E+01, -3.661764363929058E-04

2459031.500000000, A.D. 2020-Jul-01, -4.618417850450729E+01, -4.732721951455026E+00,  2.469213275646367E+01,  1.157959107461395E-03, -2.156059865667115E-03, -3.650085670139766E-04,  3.036999309168351E-01,  5.258401298178757E+01, -9.943744361444750E-04

2459215.500000000, A.D. 2021-Jan-01, -4.617536725061038E+01, -5.126117557140399E+00,  2.464959071024425E+01,  2.757291085935634E-05, -1.010487234175298E-03, -1.970954709258169E-04,  3.037529499610541E-01,  5.259319294472360E+01, -1.809427358577188E-05

2459396.500000000, A.D. 2021-Jul-01, -4.616984480693016E+01, -5.513650753393123E+00,  2.460679394453366E+01, -7.968898187483799E-04, -1.384405994595686E-03, -1.143363990313064E-04,  3.038355897390046E-01,  5.260750157872113E+01,  7.909890596372264E-04

2459580.500000000, A.D. 2022-Jan-01, -4.616638425979404E+01, -5.910754080048156E+00,  2.456211052038328E+01, -7.108289342823716E-04, -3.006358192288572E-03, -1.830802268188011E-04,  3.039464579382712E-01,  5.262669781235840E+01,  8.757799904779939E-04

2459761.500000000, A.D. 2022-Jul-01, -4.615502958269182E+01, -6.304078921319618E+00,  2.451576963397358E+01,  1.734933809574831E-04, -3.298758766620914E-03, -3.085234957631499E-04,  3.040277574261900E-01,  5.264077438233071E+01,  9.924535854919599E-05

2459945.500000000, A.D. 2023-Jan-01, -4.613454487358528E+01, -6.704054935366397E+00,  2.446621314957113E+01,  1.230862776029123E-03, -2.049294073085610E-03, -4.071781980942006E-04,  3.040763050191823E-01,  5.264918013748657E+01, -1.006830920733427E-03

2460126.500000000, A.D. 2023-Jul-01, -4.611333826838495E+01, -7.091189691064112E+00,  2.441622239058281E+01,  8.079545034348182E-04, -1.235992613553950E-03, -3.367078574352086E-04,  3.041278963049209E-01,  5.265811289170499E+01, -6.972136515068260E-04

2460310.500000000, A.D. 2024-Jan-01, -4.609312679392850E+01, -7.479720558727387E+00,  2.436440479158686E+01, -7.799722870636040E-04, -1.442505723239207E-03, -1.545313049606339E-04,  3.041975307263818E-01,  5.267016971803032E+01,  8.159426521806433E-04

2460492.500000000, A.D. 2024-Jul-01, -4.607420010880557E+01, -7.869665538061853E+00,  2.431180927405889E+01, -9.095232433948952E-04, -2.610945363009128E-03, -1.821505734417001E-04,  3.042896727480680E-01,  5.268612361452903E+01,  1.101322486517975E-03

2460676.500000000, A.D. 2025-Jan-01, -4.604977056244216E+01, -8.270377940558088E+00,  2.425648276496589E+01,  6.110816821061312E-04, -3.197263996371110E-03, -3.951040283560218E-04,  3.043735134861925E-01,  5.270064018833472E+01, -2.140661601840259E-04

2460857.500000000, A.D. 2025-Jul-01, -4.601769928943082E+01, -8.660860702656015E+00,  2.419992534104493E+01,  1.251079514950838E-03, -2.514189248413803E-03, -4.595062894459089E-04,  3.044238152506941E-01,  5.270934966887223E+01, -8.901034871159826E-04

2461041.500000000, A.D. 2026-Jan-01, -4.597888401839979E+01, -9.052105440606208E+00,  2.414057734754372E+01,  5.620888482195370E-04, -1.052174708681292E-03, -3.356881568548896E-04,  3.044506770023978E-01,  5.271400063700396E+01, -4.633214549355406E-04

2461222.500000000, A.D. 2026-Jul-01, -4.594362035767353E+01, -9.435825291901320E+00,  2.408136066263147E+01, -3.359765694818496E-04, -1.127797203504274E-03, -2.340022964427808E-04,  3.045052958969832E-01,  5.272345760544402E+01,  3.877322271002842E-04

2461406.500000000, A.D. 2027-Jan-01, -4.591044670778535E+01, -9.827451411185271E+00,  2.402020002859632E+01, -7.842693322626492E-04, -2.685305478167338E-03, -2.342472511393145E-04,  3.045904511788100E-01,  5.273820178543619E+01,  1.076434097937630E-03

2461587.500000000, A.D. 2027-Jul-01, -4.587067814265165E+01, -1.021706626511920E+01,  2.395780479886553E+01, -4.348730862686873E-05, -3.250873642405682E-03, -3.499442643300005E-04,  3.046542927290065E-01,  5.274925560719431E+01,  5.085434301814517E-04

2461771.500000000, A.D. 2028-Jan-01, -4.582124093884449E+01, -1.061524797378633E+01,  2.389196739505961E+01,  1.366585808148856E-03, -2.415697936692432E-03, -5.044710318764073E-04,  3.046877811346024E-01,  5.275505394488005E+01, -9.293560849659892E-04

2461953.500000000, A.D. 2028-Jul-01, -4.576772487119074E+01, -1.100155043288071E+01,  2.382529630672740E+01,  1.057162371623464E-03, -1.282248103491446E-03, -4.374695830644625E-04,  3.047024387483878E-01,  5.275759183203482E+01, -8.472722177049885E-04

2462137.500000000, A.D. 2029-Jan-01, -4.571504116111301E+01, -1.138615248745598E+01,  2.375702492796231E+01, -5.390225592434859E-04, -1.341727852268365E-03, -2.491770312219762E-04,  3.047321150543720E-01,  5.276273012513359E+01,  6.443724838030572E-04

2462318.500000000, A.D. 2029-Jul-01, -4.566316462778150E+01, -1.176891754494574E+01,  2.368851787255613E+01, -8.247747562409580E-04, -2.211095703287428E-03, -2.477253289838448E-04,  3.047798484276849E-01,  5.277099490252214E+01,  1.095597737255487E-03

2462502.500000000, A.D. 2030-Jan-01, -4.560777350621240E+01, -1.216333653080416E+01,  2.361715583752873E+01,  4.187351605168647E-04, -3.261423064735644E-03, -4.406987328341464E-04,  3.048349985766782E-01,  5.278054385481152E+01,  1.925739401810578E-04

2462683.500000000, A.D. 2030-Jul-01, -4.554410962679447E+01, -1.254871791958660E+01,  2.354469989169320E+01,  1.247667027068465E-03, -2.818543446682977E-03, -5.356963472051068E-04,  3.048515938972826E-01,  5.278341724550167E+01, -6.454221554392196E-04

2462867.500000000, A.D. 2031-Jan-01, -4.547143717166150E+01, -1.293525587131435E+01,  2.346899373038674E+01,  1.078529676220293E-03, -1.196955736863082E-03, -4.708641415847879E-04,  3.048339207382498E-01,  5.278035723287276E+01, -8.452021852931890E-04

2463048.500000000, A.D. 2031-Jul-01, -4.540226145276478E+01, -1.331152073131427E+01,  2.339371655333692E+01,  2.071293860445957E-04, -9.591265134664824E-04, -3.626013468922748E-04,  3.048373016264859E-01,  5.278094261552450E+01, -9.699150771391207E-05

2463232.500000000, A.D. 2032-Jan-01, -4.533508389187379E+01, -1.369263218444912E+01,  2.331638222794934E+01, -7.273157811680977E-04, -2.271493113546933E-03, -2.952319990395438E-04,  3.048692400586162E-01,  5.278647258362390E+01,  1.083457498364116E-03

2463414.500000000, A.D. 2032-Jul-01, -4.526407713578178E+01, -1.407524968187058E+01,  2.323791522116659E+01,  3.588018301094960E-05, -3.168596341811230E-03, -4.241849484641470E-04,  3.048986897612629E-01,  5.279157164157104E+01,  6.273260367194266E-04

2463598.500000000, A.D. 2033-Jan-01, -4.518289775115468E+01, -1.446365915718236E+01,  2.315612476799572E+01,  1.510539914365117E-03, -2.457463353785785E-03, -5.906853647890799E-04,  3.048958323402888E-01,  5.279107689446606E+01, -8.786455002193858E-04

2463779.500000000, A.D. 2033-Jul-01, -4.509932453373251E+01, -1.483844395135478E+01,  2.307420676686331E+01,  1.460240988162545E-03, -1.528540437364311E-03, -5.621523137345183E-04,  3.048766703256234E-01,  5.278775909447554E+01, -1.063616647118631E-03

2463963.500000000, A.D. 2034-Jan-01, -4.501345328533930E+01, -1.521225801750301E+01,  2.298979015559812E+01, -6.783916621713473E-05, -1.045472170428229E-03, -3.654311895304818E-04,  3.048551547020895E-01,  5.278403377974200E+01,  1.999938319708249E-04

2464144.500000000, A.D. 2034-Jul-01, -4.493113854890274E+01, -1.558276413383675E+01,  2.290570007336164E+01, -6.265122123126493E-04, -1.764827444898392E-03, -3.257411907283017E-04,  3.048631761949454E-01,  5.278542265817602E+01,  9.129313431943566E-04

2464328.500000000, A.D. 2035-Jan-01, -4.484749122236720E+01, -1.596404908926770E+01,  2.281883148801545E+01,  1.968560949675528E-04, -3.164823955703842E-03, -4.779015296189277E-04,  3.048930755322262E-01,  5.279059956794673E+01,  5.832430163016260E-04

2464509.500000000, A.D. 2035-Jul-01, -4.475644607362874E+01, -1.633863978691139E+01,  2.273110123214507E+01,  1.119464856175796E-03, -3.016525437919782E-03, -5.936607264017276E-04,  3.048901312138019E-01,  5.279008977501466E+01, -2.711097491766019E-04

2464693.500000000, A.D. 2036-Jan-01, -4.465536942549510E+01, -1.671622371712782E+01,  2.263974531847498E+01,  1.488343844277210E-03, -1.422979039146605E-03, -5.959573524514052E-04,  3.048517627234394E-01,  5.278344647684460E+01, -1.064122081153127E-03

2464875.500000000, A.D. 2036-Jul-01, -4.455677411669786E+01, -1.708325492127377E+01,  2.254855955076029E+01,  4.605585666428000E-04, -8.894962592851359E-04, -4.589734019052535E-04,  3.048238067289348E-01,  5.277860604644503E+01, -2.969896882802838E-04

2465059.500000000, A.D. 2037-Jan-01, -4.446127422685772E+01, -1.745350220418598E+01,  2.245571915952464E+01, -5.867905510758222E-04, -2.114308170634580E-03, -3.746023534852983E-04,  3.048297000794684E-01,  5.277962644845840E+01,  1.034103049754372E-03

2465240.500000000, A.D. 2037-Jul-01, -4.436284757647044E+01, -1.782290643889218E+01,  2.236252239767369E+01, -1.463540340230603E-04, -2.928826685500086E-03, -4.606928087171102E-04,  3.048358103678425E-01,  5.278068441209445E+01,  9.168246486491802E-04

2465424.500000000, A.D. 2038-Jan-01, -4.425566687560308E+01, -1.820234657735417E+01,  2.226561897642231E+01,  1.476964286518364E-03, -2.743657149195886E-03, -6.614588252435368E-04,  3.048274180734493E-01,  5.277923133136448E+01, -5.712631757440461E-04

2465605.500000000, A.D. 2038-Jul-01, -4.414422962005822E+01, -1.856926874236307E+01,  2.216862404334053E+01,  1.735167319252553E-03, -1.844936824147455E-03, -6.713342130568383E-04,  3.047908331825764E-01,  5.277289685387285E+01, -1.084288641670791E-03

2465789.500000000, A.D. 2039-Jan-01, -4.402747527382835E+01, -1.893500254421251E+01,  2.206868178789813E+01,  4.550108617579222E-04, -8.754168833087052E-04, -4.893285775608706E-04,  3.047361610709045E-01,  5.276343067117990E+01, -2.701832507713666E-04

2465970.500000000, A.D. 2039-Jul-01, -4.391519764489234E+01, -1.929577628629140E+01,  2.196954309688365E+01, -3.051853335028069E-04, -1.364011693579258E-03, -4.169177306207671E-04,  3.047116832885641E-01,  5.275919247454789E+01,  5.792819269230673E-04

2466154.500000000, A.D. 2040-Jan-01, -4.380216397629479E+01, -1.966580000498189E+01,  2.186766918873756E+01,  1.440240959893175E-05, -2.954648519289366E-03, -5.122725527836101E-04,  3.047136440998555E-01,  5.275953197849868E+01,  8.770446155316526E-04

2466336.500000000, A.D. 2040-Jul-01, -4.368101284242190E+01, -2.003405671704741E+01,  2.176456757818517E+01,  1.200243141578417E-03, -3.014734159836348E-03, -6.664777766835962E-04,  3.046875072544296E-01,  5.275500652399816E+01, -1.238950002470279E-04

2466520.500000000, A.D. 2041-Jan-01, -4.354870567160281E+01, -2.040213424720821E+01,  2.165813017205225E+01,  1.710816522116406E-03, -1.455294301833424E-03, -6.868058713861689E-04,  3.046174735432856E-01,  5.274288056280731E+01, -1.131672479641949E-03

2466701.500000000, A.D. 2041-Jul-01, -4.341909767594754E+01, -2.075790022354900E+01,  2.155259180493383E+01,  1.015742082481457E-03, -8.663217514255417E-04, -5.886684334038281E-04,  3.045523793798616E-01,  5.273160985779203E+01, -7.359326744150084E-04

2466885.500000000, A.D. 2042-Jan-01, -4.328969945064206E+01, -2.111521378939064E+01,  2.144460969421206E+01, -3.721120786868133E-04, -1.665400328609483E-03, -4.486464838342882E-04,  3.045030302506161E-01,  5.272306532093602E+01,  7.900309862820031E-04

2467066.500000000, A.D. 2042-Jul-01, -4.315977718320620E+01, -2.147122027301949E+01,  2.133681804779730E+01, -2.238854831080046E-04, -2.571212826542517E-03, -5.013180421271395E-04,  3.044656653141985E-01,  5.271659578274510E+01,  1.027634502563809E-03

2467250.500000000, A.D. 2043-Jan-01, -4.302233187790993E+01, -2.183720514834748E+01,  2.122532340056385E+01,  1.366176028309570E-03, -2.925203335635409E-03, -7.147087834819617E-04,  3.044250961472751E-01,  5.270957144924024E+01, -1.910039854716317E-04

2467431.500000000, A.D. 2043-Jul-01, -4.287962014436366E+01, -2.219124450705996E+01,  2.111379667642451E+01,  1.902454663344882E-03, -2.150695970007537E-03, -7.627146054119966E-04,  3.043487498518981E-01,  5.269635249797116E+01, -9.479539267551299E-04

2467615.500000000, A.D. 2044-Jan-01, -4.272931349663092E+01, -2.254342282726980E+01,  2.099888302305964E+01,  1.010899859371589E-03, -7.975962005929699E-04, -6.166529769977140E-04,  3.042417431883710E-01,  5.267782486852106E+01, -7.244705421009050E-04

2467797.500000000, A.D. 2044-Jul-01, -4.258477216279972E+01, -2.288911039813819E+01,  2.088468240582745E+01, -7.386611982723886E-05, -1.192845035407976E-03, -5.013903587855667E-04,  3.041644887334435E-01,  5.266444867430018E+01,  3.793328456865743E-04

2467981.500000000, A.D. 2045-Jan-01, -4.244076455752082E+01, -2.324187430337819E+01,  2.076824005720962E+01,  1.000321604852024E-04, -2.801122124903725E-03, -5.794353731236691E-04,  3.041194595883162E-01,  5.265665211950749E+01,  9.272149305392806E-04

2468162.500000000, A.D. 2045-Jul-01, -4.229111525116158E+01, -2.358999984867342E+01,  2.065155131214092E+01,  9.984078868393708E-04, -3.037940268767919E-03, -7.038080289571280E-04,  3.040530988309178E-01,  5.264516211054376E+01,  2.831504215965026E-04

2468346.500000000, A.D. 2046-Jan-01, -4.213018960350993E+01, -2.394234994242914E+01,  2.053074849141546E+01,  1.985314345863898E-03, -1.725614343275034E-03, -7.907423483088926E-04,  3.039536630406367E-01,  5.262794533716086E+01, -1.112734674343050E-03

2468527.500000000, A.D. 2046-Jul-01, -4.197137695571115E+01, -2.428141260832293E+01,  2.041096883341869E+01,  1.517391535255608E-03, -9.305051625349887E-04, -7.142580689338173E-04,  3.038488684021547E-01,  5.260980070797468E+01, -1.058200768008590E-03

2468711.500000000, A.D. 2047-Jan-01, -4.181181939790257E+01, -2.461996838932380E+01,  2.028849673360789E+01, -5.876733889576976E-05, -1.217865178784498E-03, -5.350231635430972E-04,  3.037502177773714E-01,  5.259271988178347E+01,  4.104399982946285E-04

2468892.500000000, A.D. 2047-Jul-01, -4.165489743867649E+01, -2.495712117484420E+01,  2.016679591236869E+01, -2.215472391406899E-04, -2.118108885570613E-03, -5.490970235170116E-04,  3.036784913139590E-01,  5.258030082962291E+01,  9.702664159127171E-04

2469076.500000000, A.D. 2048-Jan-01, -4.149262407698773E+01, -2.530462358262215E+01,  2.004148384940648E+01,  1.156208538864847E-03, -2.977259946443261E-03, -7.519380486573247E-04,  3.036199875809830E-01,  5.257017122226672E+01,  2.338657350903726E-04

2469258.500000000, A.D. 2048-Jul-01, -4.132280779506425E+01, -2.564486665721255E+01,  1.991541537148889E+01,  2.021890125503672E-03, -2.157740507885175E-03, -8.389199453868056E-04,  3.035229903328756E-01,  5.255337666937274E+01, -8.548004230398081E-04

2469442.500000000, A.D. 2049-Jan-01, -4.114598823564043E+01, -2.598069382701341E+01,  1.978650690319611E+01,  1.251953187471237E-03, -7.306779587906204E-04, -7.051524865902552E-04,  3.033931319520475E-01,  5.253089238772459E+01, -8.848476243354983E-04

2469623.500000000, A.D. 2049-Jul-01, -4.097541371427157E+01, -2.630909638362641E+01,  1.965913683310074E+01,  3.571886692265672E-04, -8.505012454680065E-04, -6.041814208475429E-04,  3.032908705150020E-01,  5.251318636877062E+01, -7.879391377241500E-05

2469807.500000000, A.D. 2050-Jan-01, -4.080497455256597E+01, -2.664367997293071E+01,  1.952895503628595E+01, -7.588760465218265E-06, -2.424986203296276E-03, -6.141357158218694E-04,  3.032181070410612E-01,  5.250058776380303E+01,  1.008117984787501E-03

2469988.500000000, A.D. 2050-Jul-01, -4.063029929159005E+01, -2.697586197093560E+01,  1.939892273353745E+01,  7.611935283162504E-04, -2.943809512738733E-03, -7.306986688208152E-04,  3.031369558581600E-01,  5.248653687204852E+01,  6.536821294905112E-04

2470172.500000000, A.D. 2051-Jan-01, -4.044394418749653E+01, -2.731424037080016E+01,  1.926461023772462E+01,  2.122107128921862E-03, -2.027231939698543E-03, -8.754529033519344E-04,  3.030306956367946E-01,  5.246813848505231E+01, -9.018681074754556E-04

2470353.500000000, A.D. 2051-Jul-01, -4.025756718832459E+01, -2.763924505904552E+01,  1.913136209400233E+01,  1.942508674243102E-03, -1.114701769042870E-03, -8.301708699759946E-04,  3.029042485496284E-01,  5.244624485059221E+01, -1.206444003733220E-03

2470537.500000000, A.D. 2052-Jan-01, -4.006770310434828E+01, -2.796213990526565E+01,  1.899508552369549E+01,  3.635737031355753E-04, -8.556037032836950E-04, -6.328201100685815E-04,  3.027669371963829E-01,  5.242247012677251E+01, -5.080883912048686E-05

2470719.500000000, A.D. 2052-Jul-01, -3.988221680661103E+01, -2.828419555854538E+01,  1.885950034648173E+01, -8.194483025754605E-05, -1.929132578506115E-03, -6.168561179115329E-04,  3.026651379748110E-01,  5.240484413794692E+01,  8.815693889719152E-04

2470903.500000000, A.D. 2053-Jan-01, -3.969122582356987E+01, -2.861486460754026E+01,  1.872083764111256E+01,  1.215897998721943E-03, -2.904033644643556E-03, -8.129089866641890E-04,  3.025772857685189E-01,  5.238963299995885E+01,  3.744960449559079E-04

2471084.500000000, A.D. 2053-Jul-01, -3.949455065326404E+01, -2.893612318098079E+01,  1.858249675435292E+01,  2.018378838894322E-03, -2.411191671051631E-03, -9.018273968314283E-04,  3.024534753966217E-01,  5.236819589859546E+01, -5.099016740999834E-04

2471268.500000000, A.D. 2054-Jan-01, -3.928716424004104E+01, -2.925610652443724E+01,  1.844015351425741E+01,  1.759918617510673E-03, -7.964876509587388E-04, -8.249047815727630E-04,  3.022886821063498E-01,  5.233966282488414E+01, -1.166447235713197E-03

2471449.500000000, A.D. 2054-Jul-01, -3.908587922132617E+01, -2.956609732881968E+01,  1.829963538831580E+01,  8.756428746981428E-04, -6.018797004420374E-04, -7.151187018215279E-04,  3.021394792860613E-01,  5.231382915737134E+01, -5.642188655673465E-04

2471633.500000000, A.D. 2055-Jan-01, -3.888466716412337E+01, -2.987903416420298E+01,  1.815627682624659E+01,  1.295357503427645E-05, -1.958124977639503E-03, -6.566424022875156E-04,  3.020118112264266E-01,  5.229172411808165E+01,  8.812294334574976E-04

2471814.500000000, A.D. 2055-Jul-01, -3.868165964260199E+01, -3.019019724483169E+01,  1.801353996433593E+01,  5.641131605750772E-04, -2.693833217650796E-03, -7.530365248447167E-04,  3.018893002326108E-01,  5.227051199705885E+01,  8.789213577240191E-04

2471998.500000000, A.D. 2056-Jan-01, -3.846795846523074E+01, -3.050818843762032E+01,  1.786647547079890E+01,  2.143134519838915E-03, -2.269990303937900E-03, -9.400604257330046E-04,  3.017532479784467E-01,  5.224695527948711E+01, -5.738953423694881E-04

2472180.500000000, A.D. 2056-Jul-01, -3.825093154895020E+01, -3.081397622146286E+01,  1.771958789584004E+01,  2.153891816124374E-03, -1.078383035395275E-03, -9.095621838670980E-04,  3.015804398664675E-01,  5.221703448241534E+01, -1.250093325347043E-03

2472364.500000000, A.D. 2057-Jan-01, -3.803225841138863E+01, -3.111431371405154E+01,  1.757044067211481E+01,  6.000689590972561E-04, -6.742186804979972E-04, -7.108099270561910E-04,  3.013953886096357E-01,  5.218499385052530E+01, -2.746645879406969E-04

2472545.500000000, A.D. 2057-Jul-01, -3.781942349374558E+01, -3.141152365737239E+01,  1.742295900206032E+01,  7.976022376171121E-05, -1.416841407549514E-03, -6.752825349500281E-04,  3.012447530261447E-01,  5.215891210775408E+01,  5.698593124208558E-04

2472729.500000000, A.D. 2058-Jan-01, -3.760317377864824E+01, -3.171711721373526E+01,  1.727193317851414E+01,  9.764292874440431E-04, -2.762530179588064E-03, -8.334805098544163E-04,  3.011197007697060E-01,  5.213725998074791E+01,  7.002062186589163E-04

2472910.500000000, A.D. 2058-Jul-01, -3.738211573899718E+01, -3.201560939110021E+01,  1.712142702279343E+01,  1.887477464121603E-03, -2.557346094678181E-03, -9.447712896278407E-04,  3.009685214366775E-01,  5.211108409066276E+01, -9.323813055991526E-05

2473094.500000000, A.D. 2059-Jan-01, -3.714950713196654E+01, -3.231421306639541E+01,  1.696661713364647E+01,  2.166368516495218E-03, -9.399602136506826E-04, -9.339534901873450E-04,  3.007797869561843E-01,  5.207840572836479E+01, -1.266388216044887E-03

2473275.500000000, A.D. 2059-Jul-01, -3.692290288118529E+01, -3.260165270985033E+01,  1.681384473910633E+01,  1.390159831205837E-03, -4.575089457575718E-04, -8.283118422126748E-04,  3.005974972398506E-01,  5.204684324238990E+01, -9.672113090852551E-04

2473459.500000000, A.D. 2060-Jan-01, -3.669617392092854E+01, -3.288991981803752E+01,  1.665815442331303E+01,  1.263177926041886E-04, -1.448741775010983E-03, -7.086445398942870E-04,  3.004296796304980E-01,  5.201778652406229E+01,  5.999661469487614E-04

2473641.500000000, A.D. 2060-Jul-01, -3.646992324851070E+01, -3.318014607354412E+01,  1.650282201103004E+01,  6.070009628974024E-04, -2.516478334743658E-03, -8.063584113004222E-04,  3.002892172669741E-01,  5.199346621972537E+01,  9.242055658917610E-04

2473825.500000000, A.D. 2061-Jan-01, -3.623327634525518E+01, -3.347612325943555E+01,  1.634380392424561E+01,  2.215151985624361E-03, -2.236946980703212E-03, -1.000962805250137E-03,  3.001392496478373E-01,  5.196750013139690E+01, -4.182891414929422E-04

2474006.500000000, A.D. 2061-Jul-01, -3.599536928427917E+01, -3.375972565872825E+01,  1.618609667430106E+01,  2.421124409227426E-03, -1.320800457600252E-03, -1.002511507039755E-03,  2.999588388898816E-01,  5.193626297698019E+01, -1.131890338180797E-03

2474190.500000000, A.D. 2062-Jan-01, -3.575096541783483E+01, -3.403970824333879E+01,  1.602483414687380E+01,  1.086936363969412E-03, -4.189368598906855E-04, -8.145674713763781E-04,  2.997504349301202E-01,  5.190017894991944E+01, -7.254665642516329E-04

2474371.500000000, A.D. 2062-Jul-01, -3.551354576386827E+01, -3.431544561711399E+01,  1.586570313003479E+01,  3.517598755367477E-04, -9.441240852348582E-04, -7.449803883722829E-04,  2.995753217125486E-01,  5.186985903618661E+01,  1.558932438907048E-04

2474555.500000000, A.D. 2063-Jan-01, -3.527357990922937E+01, -3.459826053020281E+01,  1.570316584515920E+01,  7.552157058508401E-04, -2.509868540127668E-03, -8.484297569220820E-04,  2.994289887262722E-01,  5.184452226502965E+01,  9.041435598214561E-04

2474736.500000000, A.D. 2063-Jul-01, -3.502901145734312E+01, -3.487636760795167E+01,  1.554139441500382E+01,  1.681337254607411E-03, -2.613715026967389E-03, -9.704592738013467E-04,  2.992659156082657E-01,  5.181628702991337E+01,  3.315369509181319E-04

2474920.500000000, A.D. 2064-Jan-01, -3.477135628224087E+01, -3.515606864988322E+01,  1.537507731826205E+01,  2.474824618097555E-03, -1.171534960114515E-03, -1.027826965849696E-03,  2.990686631301553E-01,  5.178213382204686E+01, -1.171627347892523E-03

2475102.500000000, A.D. 2064-Jul-01, -3.451612742859205E+01, -3.542368310711331E+01,  1.520997402534560E+01,  1.635120499537562E-03, -3.568100712706357E-04, -9.032898129360806E-04,  2.988541214116195E-01,  5.174498707499769E+01, -1.111943754817214E-03

2475286.500000000, A.D. 2065-Jan-01, -3.426206584508652E+01, -3.568965268278249E+01,  1.504285268687046E+01,  2.907340460164619E-04, -1.226584274646455E-03, -7.692628233748834E-04,  2.986522641002078E-01,  5.171003656496070E+01,  4.301546057275103E-04

2475467.500000000, A.D. 2065-Jul-01, -3.400958602158708E+01, -3.595483936495995E+01,  1.487721155515488E+01,  4.865194079547404E-04, -2.118067335677487E-03, -8.257676414397632E-04,  2.984738387308048E-01,  5.167914316991565E+01,  9.157142391031832E-04

2475651.500000000, A.D. 2066-Jan-01, -3.374763783833874E+01, -3.622734884758556E+01,  1.470725025123767E+01,  2.092321334381438E-03, -2.378942764694028E-03, -1.036549693617792E-03,  2.983001864972850E-01,  5.164907621772980E+01,  6.332950614959903E-06

2475832.500000000, A.D. 2066-Jul-01, -3.348306310306933E+01, -3.648817419854002E+01,  1.453861930007880E+01,  2.584291967414741E-03, -1.571482572217339E-03, -1.076432075351863E-03,  2.980902640098417E-01,  5.161272926575137E+01, -8.687647012760362E-04

2476016.500000000, A.D. 2067-Jan-01, -3.320955621067523E+01, -3.674441263332613E+01,  1.436607944769882E+01,  1.618714034878200E-03, -2.649418006146515E-04, -9.210327098591120E-04,  2.978404465475631E-01,  5.156947471300952E+01, -1.110216330243466E-03

2476197.500000000, A.D. 2067-Jul-01, -3.294418581586231E+01, -3.699389781521197E+01,  1.419606843275405E+01,  7.488172189392982E-04, -5.064669907229657E-04, -8.257800135583775E-04,  2.976155593951048E-01,  5.153053670960399E+01, -3.426282008984953E-04

2476381.500000000, A.D. 2068-Jan-01, -3.267749689826169E+01, -3.724754073827830E+01,  1.402278361408679E+01,  6.099444873108284E-04, -2.110307184307163E-03, -8.634195628787041E-04,  2.974160100595453E-01,  5.149598581319815E+01,  9.042403459572036E-04

2476563.500000000, A.D. 2068-Jul-01, -3.240661005998832E+01, -3.750050313147236E+01,  1.384961382957266E+01,  1.724098547461434E-03, -2.485615725929246E-03, -1.017095142466253E-03,  2.972169450088901E-01,  5.146151876812416E+01,  4.518575546702134E-04

2476747.500000000, A.D. 2069-Jan-01, -3.212354581632674E+01, -3.775230810043922E+01,  1.367269129427281E+01,  2.636590649775201E-03, -1.115135116890301E-03, -1.091345312831222E-03,  2.969819289892106E-01,  5.142082700572420E+01, -1.118600126401705E-03

2476928.500000000, A.D. 2069-Jul-01, -3.184532548948143E+01, -3.799135718790616E+01,  1.349813368971873E+01,  2.123955229486066E-03, -3.412888287709114E-04, -1.008373146274470E-03,  2.967328218907423E-01,  5.137769544866337E+01, -1.329043172357855E-03

2477112.500000000, A.D. 2070-Jan-01, -3.156509589332598E+01, -3.822722926027649E+01,  1.332039922091332E+01,  5.631169757184950E-04, -7.089960738401007E-04, -8.318924954465563E-04,  2.964765097947189E-01,  5.133331638494742E+01, -3.414986893651284E-05

2477293.500000000, A.D. 2070-Jul-01, -3.128968076311378E+01, -3.846225992900438E+01,  1.314469453137823E+01,  4.470299274164438E-04, -1.610524156783241E-03, -8.501483967383988E-04,  2.962549611870124E-01,  5.129495643264660E+01,  7.170692129653920E-04

2477477.500000000, A.D. 2071-Jan-01, -3.100719778176842E+01, -3.870467576599633E+01,  1.296485346488565E+01,  1.866998348088426E-03, -2.386012842220937E-03, -1.053932517827645E-03,  2.960529607049559E-01,  5.125998113338090E+01,  4.056846155410786E-04

2477658.500000000, A.D. 2071-Jul-01, -3.072187124701023E+01, -3.893774197331707E+01,  1.278641830742158E+01,  2.588020974245654E-03, -1.782239787296768E-03, -1.128167259302522E-03,  2.958212154219010E-01,  5.121985568147237E+01, -4.790656348930562E-04

2477842.500000000, A.D. 2072-Jan-01, -3.042596231177776E+01, -3.916705003930603E+01,  1.260377001649246E+01,  2.099318894089347E-03, -2.227481943566572E-04, -1.023285870113094E-03,  2.955492497916045E-01,  5.117276629231468E+01, -1.329743779274338E-03

2478024.500000000, A.D. 2072-Jul-01, -3.013761597028002E+01, -3.938859370839101E+01,  1.242306281746438E+01,  9.436019544647766E-04, -2.906732682861383E-04, -8.868795071983334E-04,  2.952905496809172E-01,  5.112797375667692E+01, -5.477717937500226E-04

2478208.500000000, A.D. 2073-Jan-01, -2.984999946950555E+01, -3.961358973024839E+01,  1.224008353624232E+01,  6.617806605925968E-04, -1.877406163570222E-03, -9.057431506389180E-04,  2.950650424827894E-01,  5.108892839569169E+01,  8.520490582566915E-04

2478389.500000000, A.D. 2073-Jul-01, -2.956047502604643E+01, -3.983668354509909E+01,  1.205851603152211E+01,  1.454795351056062E-03, -2.347961346416485E-03, -1.022068963600365E-03,  2.948452084121646E-01,  5.105086530628407E+01,  7.483892051251484E-04

2478573.500000000, A.D. 2074-Jan-01, -2.925790787059370E+01, -4.006279577505773E+01,  1.187224424414979E+01,  2.761090306492839E-03, -1.353016668668703E-03, -1.155852794359334E-03,  2.946082198562835E-01,  5.100983200982807E+01, -7.900567484673526E-04

2478754.500000000, A.D. 2074-Jul-01, -2.895817912968514E+01, -4.027635328771429E+01,  1.168835610811233E+01,  2.529179724587352E-03, -4.474407283885447E-04, -1.102556159398078E-03,  2.943463009296950E-01,  5.096448215349346E+01, -1.336346898983412E-03

2478938.500000000, A.D. 2075-Jan-01, -2.865400692172186E+01, -4.048508328179216E+01,  1.150107403667926E+01,  9.353111275908807E-04, -2.713617182029543E-04, -9.041282678617393E-04,  2.940623058363649E-01,  5.091530992737752E+01, -5.148305283368885E-04

2479119.500000000, A.D. 2075-Jul-01, -2.835632536679541E+01, -4.069227105315576E+01,  1.131632551639658E+01,  5.285400725021400E-04, -1.079411638842285E-03, -8.827755507581315E-04,  2.938144931372636E-01,  5.087240248861961E+01,  3.724314226045086E-04

2479303.500000000, A.D. 2076-Jan-01, -2.805278813580284E+01, -4.090593917742342E+01,  1.112765130712580E+01,  1.611100662627513E-03, -2.278209780968334E-03, -1.057381226041864E-03,  2.935917814037778E-01,  5.083384114733298E+01,  7.127196131501934E-04

2479485.500000000, A.D. 2076-Jul-01, -2.774312360363608E+01, -4.111408998398867E+01,  1.093932360174460E+01,  2.665262908076120E-03, -1.718714291740103E-03, -1.173373964603898E-03,  2.933439207395827E-01,  5.079092540367652E+01, -3.172862400941789E-04

2479669.500000000, A.D. 2077-Jan-01, -2.742345903009215E+01, -4.131549963020154E+01,  1.074775023534179E+01,  2.316920037161216E-03, -1.163049824432542E-04, -1.083793590686495E-03,  2.930488411530465E-01,  5.073983395705604E+01, -1.387097682166156E-03

2479850.500000000, A.D. 2077-Jul-01, -2.711239084913868E+01, -4.150812784327879E+01,  1.055926184868816E+01,  1.420937811034370E-03,  3.388654090178540E-05, -9.720114787712389E-04,  2.927626378860942E-01,  5.069027939752942E+01, -9.902354553548535E-04

2480034.500000000, A.D. 2078-Jan-01, -2.680008308516728E+01, -4.170103542641123E+01,  1.036758651244887E+01,  6.310123035914513E-04, -1.362570660157112E-03, -9.217727639653113E-04,  2.924892447077712E-01,  5.064294283609303E+01,  5.993503661348194E-04

2480215.500000000, A.D. 2078-Jul-01, -2.648799332277199E+01, -4.189291634136789E+01,  1.017774487498707E+01,  1.219473003754069E-03, -2.061301352825066E-03, -1.019623693433142E-03,  2.922330504519122E-01,  5.059858417576908E+01,  8.631676802563828E-04

2480399.500000000, A.D. 2079-Jan-01, -2.616370234974494E+01, -4.208826737473704E+01,  9.983245507712725E+00,  2.771370233805848E-03, -1.545456747316974E-03, -1.198380227790114E-03,  2.919709751201435E-01,  5.055320723871700E+01, -3.842967476811172E-04

2480580.500000000, A.D. 2079-Jul-01, -2.584093916127937E+01, -4.227097188013062E+01,  9.791126041871584E+00,  2.843165774208900E-03, -6.027404839153024E-04, -1.181143712740973E-03,  2.916754180789528E-01,  5.050203312338575E+01, -1.179286674848668E-03

2480764.500000000, A.D. 2080-Jan-01, -2.551190238173247E+01, -4.244686107803007E+01,  9.595381726880138E+00,  1.390828229373838E-03,  1.031841027418531E-04, -9.834103921683240E-04,  2.913441047210137E-01,  5.044466799372533E+01, -9.772829391057917E-04

2480946.500000000, A.D. 2080-Jul-01, -2.519104643269595E+01, -4.262013380647667E+01,  9.401728137356358E+00,  6.575089973313572E-04, -7.903280749995257E-04, -9.243348095045969E-04,  2.910458482239210E-01,  5.039302648209351E+01,  1.672890998508217E-04

2481130.500000000, A.D. 2081-Jan-01, -2.486653448009488E+01, -4.279863904639963E+01,  9.205193898670339E+00,  1.623613620411818E-03, -2.077724119799135E-03, -1.087229597804034E-03,  2.907790593794010E-01,  5.034683342560749E+01,  7.655290051905555E-04

2481311.500000000, A.D. 2081-Jul-01, -2.453960952117588E+01, -4.297050959707060E+01,  9.010416115067722E+00,  2.519459592739792E-03, -1.816118646946384E-03, -1.192871757229781E-03,  2.904944905484346E-01,  5.029756185989928E+01,  1.086477759793294E-04

2481495.500000000, A.D. 2082-Jan-01, -2.420022962103473E+01, -4.313877823050819E+01,  8.811126864203800E+00,  2.706656168744197E-03, -1.796090671770791E-04, -1.168113131793099E-03,  2.901725972835533E-01,  5.024182776879109E+01, -1.354369080296458E-03

2481676.500000000, A.D. 2082-Jul-01, -2.386956905377664E+01, -4.329697245505702E+01,  8.615115548451133E+00,  1.901544089164812E-03,  2.653590127206909E-04, -1.058092815240411E-03,  2.898484235366873E-01,  5.018569882446734E+01, -1.314993578244184E-03

2481860.500000000, A.D. 2083-Jan-01, -2.353797134706955E+01, -4.345289597711319E+01,  8.415980120776378E+00,  6.892226929618383E-04, -7.877831067546723E-04, -9.447058279327850E-04,  2.895268540810033E-01,  5.013002079918369E+01,  2.006368192839816E-04

2482041.500000000, A.D. 2083-Jul-01, -2.320957253174689E+01, -4.360925456491084E+01,  8.219166737029596E+00,  1.005699677326767E-03, -1.640781078852018E-03, -1.013431979353200E-03,  2.892379374333669E-01,  5.007999643235522E+01,  7.963621520182117E-04

2482225.500000000, A.D. 2084-Jan-01, -2.287080440260015E+01, -4.377031062473326E+01,  8.017869015946092E+00,  2.629340019909940E-03, -1.666951461152954E-03, -1.217465312665040E-03,  2.889606746185581E-01,  5.003198986413094E+01,  6.128847858439743E-05

2482407.500000000, A.D. 2084-Jul-01, -2.252934522970468E+01, -4.392130964605490E+01,  7.817711482213742E+00,  2.961208741645998E-03, -5.160952899927074E-04, -1.225168460499419E-03,  2.886470620183001E-01,  4.997768952565723E+01, -1.072969299889001E-03

2482591.500000000, A.D. 2085-Jan-01, -2.218371258672006E+01, -4.406380358858004E+01,  7.615113262114621E+00,  1.575248169173305E-03,  3.156357466299629E-04, -1.030922647015316E-03,  2.882976449339785E-01,  4.991718983294228E+01, -1.135952506421242E-03

2482772.500000000, A.D. 2085-Jul-01, -2.184748209746940E+01, -4.420354020460317E+01,  7.415820082364884E+00,  8.652823337120170E-04, -2.444213886218920E-04, -9.634311467171576E-04,  2.879812570455164E-01,  4.986240896821193E+01, -3.057329554963275E-04

2482956.500000000, A.D. 2086-Jan-01, -2.150771133477737E+01, -4.434727177371358E+01,  7.212954968686645E+00,  1.349134664830472E-03, -1.780288296964356E-03, -1.073688766647972E-03,  2.876932227607181E-01,  4.981253737777293E+01,  8.469687254424766E-04

2483137.500000000, A.D. 2086-Jul-01, -2.116573742523514E+01, -4.448723405322841E+01,  7.012044808735600E+00,  2.275599166780333E-03, -1.828025211962696E-03, -1.191827404622614E-03,  2.874021883110916E-01,  4.976214632489680E+01,  4.984090453656522E-04

2483321.500000000, A.D. 2087-Jan-01, -2.080999144340037E+01, -4.462515254996227E+01,  6.806504743076498E+00,  2.985532811548422E-03, -3.397735094781316E-04, -1.235189415398933E-03,  2.870838431776771E-01,  4.970702657370811E+01, -1.114003270781359E-03

2483502.500000000, A.D. 2087-Jul-01, -2.046119532879711E+01, -4.475207818979281E+01,  6.604314806242371E+00,  2.369708940153497E-03,  3.532361523646659E-04, -1.139790187614124E-03,  2.867488718931632E-01,  4.964902809369455E+01, -1.446607625097778E-03

2483686.500000000, A.D. 2088-Jan-01, -2.010983344628898E+01, -4.487402150468706E+01,  6.398978054374191E+00,  8.786544138036221E-04, -2.332785963765663E-04, -9.764873280754763E-04,  2.863999194263186E-01,  4.958860884700196E+01, -2.712309633907968E-04

2483868.500000000, A.D. 2088-Jul-01, -1.976267602351439E+01, -4.499767296670257E+01,  6.195425285286777E+00,  1.039846707377014E-03, -1.380957283682449E-03, -1.034441232535894E-03,  2.860915251097343E-01,  4.953521202633816E+01,  7.102201814179508E-04

2484052.500000000, A.D. 2089-Jan-01, -1.940584767634090E+01, -4.512478776180424E+01,  5.988448690513183E+00,  2.654080313743193E-03, -1.547944204165891E-03, -1.240937895491428E-03,  2.857974214162558E-01,  4.948428955036268E+01,  2.205686405672870E-04

2484233.500000000, A.D. 2089-Jul-01, -1.904899034851734E+01, -4.524138420360438E+01,  5.784005754820567E+00,  3.098001974436843E-03, -7.099774769915800E-04, -1.271550988305699E-03,  2.854708254051234E-01,  4.942774120398228E+01, -6.928923575694771E-04

2484417.500000000, A.D. 2090-Jan-01, -1.868280867762075E+01, -4.534989827631265E+01,  5.575680266653277E+00,  2.059118473540615E-03,  5.457703209809911E-04, -1.106237799898524E-03,  2.850994301329972E-01,  4.936343610601305E+01, -1.405671459874326E-03

2484598.500000000, A.D. 2090-Jul-01, -1.832703491492569E+01, -4.545339776769130E+01,  5.371024839119463E+00,  1.200137259883918E-03,  2.613425869599855E-04, -1.011228912867697E-03,  2.847476670208373E-01,  4.930253021116977E+01, -7.972248374276913E-04

2484782.500000000, A.D. 2091-Jan-01, -1.796905860567924E+01, -4.555788830014475E+01,  5.163076301550848E+00,  1.145322679529237E-03, -1.342365738373792E-03, -1.056727424146914E-03,  2.844151413587055E-01,  4.924495517754521E+01,  7.131494702040448E-04

2484963.500000000, A.D. 2091-Jul-01, -1.761052039239678E+01, -4.566031000454562E+01,  4.957371756142374E+00,  1.994924775908792E-03, -1.686988420615250E-03, -1.174306075519224E-03,  2.840926846126368E-01,  4.918912352269381E+01,  7.333995090081796E-04

2485147.500000000, A.D. 2092-Jan-01, -1.723853602912326E+01, -4.576143497288076E+01,  4.747053121047136E+00,  3.143172635864208E-03, -5.081054691521304E-04, -1.281085967402048E-03,  2.837543701309865E-01,  4.913054618604009E+01, -7.533692449267281E-04

2485329.500000000, A.D. 2092-Jul-01, -1.686985353393771E+01, -4.585036584029401E+01,  4.538911697027603E+00,  2.550568381062626E-03,  5.237654307173127E-04, -1.177672859135837E-03,  2.833802505289347E-01,  4.906576938496659E+01, -1.475323950947559E-03

2485513.500000000, A.D. 2093-Jan-01, -1.650192457263720E+01, -4.593235920683644E+01,  4.328959808843045E+00,  1.007919646703177E-03,  7.624321103433528E-05, -1.003375487989519E-03,  2.829906757505110E-01,  4.899831660305728E+01, -4.995726057381379E-04

2485694.500000000, A.D. 2093-Jul-01, -1.614080448266044E+01, -4.601496371612576E+01,  4.122123669617574E+00,  9.368721385225720E-04, -8.243868584622056E-04, -1.024653323222658E-03,  2.826403401783120E-01,  4.893765787909616E+01,  3.798406882519851E-04

2485878.500000000, A.D. 2094-Jan-01, -1.577180491332782E+01, -4.610119598607234E+01,  3.911214094828501E+00,  2.392582634699157E-03, -1.514138060778956E-03, -1.227623017472678E-03,  2.823140293986508E-01,  4.888115891901407E+01,  5.578168171616281E-04

2486059.500000000, A.D. 2094-Jul-01, -1.540252060893740E+01, -4.617917202587207E+01,  3.702861776401793E+00,  3.074988900755561E-03, -8.657688051608778E-04, -1.293192371718806E-03,  2.819650848157292E-01,  4.882074103738046E+01, -2.492917082400840E-04

2486243.500000000, A.D. 2095-Jan-01, -1.502259788613718E+01, -4.624947137539456E+01,  3.490473842995961E+00,  2.496946152723224E-03,  6.697018531554906E-04, -1.175475389243068E-03,  2.815750564186153E-01,  4.875320971382965E+01, -1.488864860561371E-03

2486424.500000000, A.D. 2095-Jul-01, -1.465384016134701E+01, -4.631361337492596E+01,  3.282041001651708E+00,  1.584196573120104E-03,  6.888107026531129E-04, -1.063744429310601E-03,  2.811946562435780E-01,  4.868734546525360E+01, -1.203744591332153E-03

2486608.500000000, A.D. 2096-Jan-01, -1.428397566503391E+01, -4.637655406395513E+01,  3.070582168241827E+00,  9.973855853484318E-04, -8.071544081479481E-04, -1.039539542715632E-03,  2.808259423289516E-01,  4.862350462994372E+01,  4.112088831684585E-04

2486790.500000000, A.D. 2096-Jul-01, -1.391374569526125E+01, -4.644144089195640E+01,  2.860566475999626E+00,  1.953062676063849E-03, -1.472592860419859E-03, -1.179431428232205E-03,  2.804894372026094E-01,  4.856524057345020E+01,  7.791802209210675E-04

2486974.500000000, A.D. 2097-Jan-01, -1.353123428779774E+01, -4.650446765555944E+01,  2.647098447334123E+00,  3.198129005040110E-03, -4.025075679997269E-04, -1.300623696056976E-03,  2.801434169351129E-01,  4.850532902133669E+01, -5.772378459018402E-04

2487155.500000000, A.D. 2097-Jul-01, -1.315429472582551E+01, -4.655669227340537E+01,  2.437149581615836E+00,  2.912141561314971E-03,  4.931430196105761E-04, -1.238273361803285E-03,  2.797701118956359E-01,  4.844069325740100E+01, -1.327068819096093E-03

2487339.500000000, A.D. 2098-Jan-01, -1.277303060277302E+01, -4.660066190292121E+01,  2.224073911290950E+00,  1.305753043952611E-03,  5.851636008430753E-04, -1.038145012521922E-03,  2.793654995951201E-01,  4.837063680925272E+01, -9.562897865444963E-04

2487520.500000000, A.D. 2098-Jul-01, -1.240031583043711E+01, -4.664508745507954E+01,  2.014575512329968E+00,  9.386652905195554E-04, -2.399051139809907E-04, -1.019438677185988E-03,  2.789994155870907E-01,  4.830725132815453E+01, -5.181597307875491E-05

2487704.500000000, A.D. 2099-Jan-01, -1.202122689407924E+01, -4.669246334590598E+01,  1.801375993205552E+00,  2.080196725433046E-03, -1.372655030662954E-03, -1.196390614704237E-03,  2.786614867216028E-01,  4.824874075886960E+01,  7.654288582948858E-04

2487885.500000000, A.D. 2099-Jul-01, -1.164089997076467E+01, -4.673397903154478E+01,  1.590778613578640E+00,  2.931844097432569E-03, -9.824188318312158E-04, -1.289830709494764E-03,  2.783120305529950E-01,  4.818823429892026E+01,  2.019414542300876E-04

2488069.500000000, A.D. 2100-Jan-01, -1.124785536587297E+01, -4.676830714316416E+01,  1.376036612620560E+00,  2.886135266704541E-03,  6.665521285714276E-04, -1.233176478395600E-03,  2.779268164931557E-01,  4.812153655202845E+01, -1.357671582985584E-03
