epoch, x, y, z, vx, vy, vz
A.D. 1950-Jan-01, -1.395553775243386E+00,  9.043964307945367E-01,  5.337868153054327E-02, -7.079450101905351E-03, -1.055357339241759E-02, -4.613925530568703E-05
A.D. 1950-Jul-01, -1.003345926539013E+00, -1.182414756538585E+00,  1.676537749010332E-05,  1.120091400463419E-02, -7.859161156770357E-03, -4.410007545203241E-04
A.D. 1951-Jan-01,  1.268419222364405E+00, -5.454862466969986E-01, -4.272852360667536E-02,  6.068251303062154E-03,  1.404919680443302E-02,  1.442966455271878E-04
A.D. 1951-Jul-01,  2.191075529133924E-01,  1.534663430642536E+00,  2.671733066318883E-02, -1.331635222956979E-02,  3.162926313497010E-03,  3.949150100760091E-04
A.D. 1952-Jan-01, -1.612138665418542E+00,  4.061629593280855E-01,  4.829686984652488E-02, -2.889552295136886E-03, -1.237916680186851E-02, -1.878092362715975E-04
A.D. 1952-Jul-01, -4.441752684450762E-01, -1.426072341791081E+00, -1.888725397440466E-02,  1.389370938544373E-02, -2.964971821948480E-03, -4.050124719477480E-04
A.D. 1953-Jan-01,  1.391502986737935E+00,  1.088231561426536E-01, -3.206933898742848E-02, -5.500770048188315E-04,  1.514219824524966E-02,  3.305358758036836E-04
A.D. 1953-Jul-01, -3.689251524770260E-01,  1.557780280812233E+00,  4.170967631781883E-02, -1.308119386418947E-02, -2.039148563902060E-03,  2.801607055610429E-04
A.D. 1954-Jan-01, -1.636512007874147E+00, -1.522902326069920E-01,  3.719944157576401E-02,  1.825524947205363E-03, -1.274140701081646E-02, -3.117391911833006E-04
A.D. 1954-Jul-01,  1.735618194954988E-01, -1.429875398790306E+00, -3.420949541520997E-02,  1.442744190347274E-02,  2.885419183170001E-03, -2.956357929887701E-04
A.D. 1955-Jan-01,  1.233715217931479E+00,  7.293420445678174E-01, -1.517701656681168E-02, -6.579529855148302E-03,  1.323733644953017E-02,  4.394193224047213E-04
A.D. 1955-Jul-01, -8.961513596602717E-01,  1.371756347412634E+00,  5.082263107719738E-02, -1.118013249372450E-02, -6.465961692774294E-03,  1.405077315049161E-04
A.D. 1956-Jan-01, -1.458207873656477E+00, -6.793780849852120E-01,  2.175316591513775E-02,  6.438014012737902E-03, -1.149058175107031E-02, -3.993787945144754E-04
A.D. 1956-Jul-01,  7.699460977663903E-01, -1.168418489021985E+00, -4.345471524956954E-02,  1.222005537372101E-02,  8.899192817568702E-03, -1.151778102519478E-04
A.D. 1957-Jan-01,  8.384896393383531E-01,  1.226415049386648E+00,  4.991352572530158E-03, -1.101482803166999E-02,  9.088800648181504E-03,  4.620178095984000E-04
A.D. 1957-Jul-01, -1.321347238041145E+00,  1.005932473313892E+00,  5.365783917018842E-02, -7.944373760771497E-03, -9.943195417450432E-03, -1.218755471815916E-05
A.D. 1958-Jan-01, -1.079146142254415E+00, -1.125872899981995E+00,  3.050830158790515E-03,  1.063185108909266E-02, -8.488390646359673E-03, -4.399907125625764E-04
A.D. 1958-Jul-01,  1.201037284283447E+00, -6.822855156059594E-01, -4.391224494320765E-02,  7.448343908343852E-03,  1.336196497924213E-02,  9.599700640477257E-05
A.D. 1959-Jan-01,  3.108110366313295E-01,  1.509516454543033E+00,  2.393457769866249E-02, -1.317248527478909E-02,  4.008952840174223E-03,  4.088699584275348E-04
A.D. 1959-Jul-01, -1.578616503650501E+00,  5.272866573391203E-01,  4.997976107052418E-02, -3.905362442800917E-03, -1.208025146829763E-02, -1.565696240131600E-04
A.D. 1960-Jan-01, -5.532132503810797E-01, -1.398669206344053E+00, -1.563348528987710E-02,  1.354547857658110E-02, -3.949479722760963E-03, -4.167894532966808E-04
A.D. 1960-Jul-01,  1.389408913890335E+00, -4.200944656284084E-02, -3.514685902848937E-02,  9.635331547036692E-04,  1.517870384961000E-02,  2.939880759999797E-04
A.D. 1961-Jan-01, -2.778170420957202E-01,  1.568998605313543E+00,  3.969579042516131E-02, -1.324535016050306E-02, -1.255231209101875E-03,  3.003811853650275E-04
A.D. 1961-Jul-01, -1.649297417936463E+00, -2.603834476268127E-02,  4.012761018802957E-02,  7.466237201346282E-04, -1.279954599731922E-02, -2.863685406225108E-04
A.D. 1962-Jan-01,  7.307401583939310E-02, -1.446743543477723E+00, -3.208988665344700E-02,  1.450875006848851E-02,  1.906718519024093E-03, -3.178743757873793E-04
A.D. 1962-Jul-01,  1.292754700045686E+00,  5.941470109291220E-01, -1.943779495334718E-02, -5.302598594715420E-03,  1.390757726427756E-02,  4.219414973268667E-04
A.D. 1963-Jan-01, -8.174264883891404E-01,  1.414024767534455E+00,  4.976230257386521E-02, -1.158062775691852E-02, -5.817031580888999E-03,  1.637680559343666E-04
A.D. 1963-Jul-01, -1.516535026891748E+00, -5.637738337695771E-01,  2.559051332910444E-02,  5.402687878012596E-03, -1.192497823991124E-02, -3.829007060927442E-04
A.D. 1964-Jan-01,  6.711669941023707E-01, -1.234957923943052E+00, -4.240699641960988E-02,  1.282728057674898E-02,  7.879627394145532E-03, -1.513113430492108E-04
A.D. 1964-Jul-01,  9.441042056709589E-01,  1.130657361595107E+00,  3.929759588131265E-04, -1.020524005310226E-02,  1.015973764908750E-02,  4.643410995435820E-04
A.D. 1965-Jan-01, -1.264229315986005E+00,  1.073153345966779E+00,  5.363770436093950E-02, -8.523619374262058E-03, -9.477894672266684E-03,  1.172135845359121E-05
A.D. 1965-Jul-01, -1.180040458256126E+00, -1.037507103818668E+00,  7.373596557290027E-03,  9.770947015467634E-03, -9.315685680253706E-03, -4.359291008843022E-04
A.D. 1966-Jan-01,  1.146848779325047E+00, -7.720313057771677E-01, -4.443676228624675E-02,  8.352464064421325E-03,  1.280160935872515E-02,  6.208675014712508E-05
A.D. 1966-Jul-01,  4.399277925029631E-01,  1.464039718816983E+00,  1.980414278678663E-02, -1.286658861848433E-02,  5.212600038212381E-03,  4.263210786943441E-04
A.D. 1967-Jan-01, -1.549239094060092E+00,  6.101263857857353E-01,  5.095926769735368E-02, -4.599542255145737E-03, -1.182752258665716E-02, -1.342716035148396E-04
A.D. 1967-Jul-01, -6.853910285531184E-01, -1.353489555258273E+00, -1.144655804487292E-02,  1.301706615279891E-02, -5.122925961798546E-03, -4.281007442677996E-04
A.D. 1968-Jan-01,  1.376717817988875E+00, -1.615405725411594E-01, -3.731368656016339E-02,  2.172490125568610E-03,  1.509300685694154E-02,  2.624807467196177E-04
A.D. 1968-Jul-01, -1.462259921106921E-01,  1.575865517192463E+00,  3.660078595508078E-02, -1.339820844817868E-02, -1.067773715298598E-04,  3.279857397764155E-04
A.D. 1969-Jan-01, -1.651991385419989E+00,  6.239892532044333E-02,  4.202125673923883E-02, -2.114776532463176E-06, -1.279101693601733E-02, -2.677865392367212E-04
A.D. 1969-Jul-01, -7.120000426702705E-02, -1.458932397914403E+00, -2.879488861167994E-02,  1.450835852992178E-02,  5.188085310161394E-04, -3.467024973943601E-04
A.D. 1970-Jan-01,  1.326104799544920E+00,  4.961918261856587E-01, -2.229203125538781E-02, -4.364894309254690E-03,  1.430082732737444E-02,  4.070247863289090E-04
A.D. 1970-Jul-01, -7.003286078433800E-01,  1.466725492662612E+00,  4.797162506634502E-02, -1.209435272526578E-02, -4.841057197724576E-03,  1.966916294413994E-04
A.D. 1971-Jan-01, -1.551540152169443E+00, -4.803633869615295E-01,  2.817864519429548E-02,  4.665598125801335E-03, -1.217443175570151E-02, -3.698938388700822E-04
A.D. 1971-Jul-01,  5.405142910629680E-01, -1.306630674072643E+00, -4.067540558358300E-02,  1.346308937912896E-02,  6.547252861262124E-03, -1.946668737062496E-04
A.D. 1972-Jan-01,  1.022143609856727E+00,  1.046828096413405E+00, -3.266572183217084E-03, -9.476952353782975E-03,  1.096700091389413E-02,  4.631309732894546E-04
A.D. 1972-Jul-01, -1.175901459545678E+00,  1.163377007946205E+00,  5.333004624093783E-02, -9.311273007098520E-03, -8.757118324035794E-03,  4.604699908397780E-05
A.D. 1973-Jan-01, -1.245803016940754E+00, -9.712896362915125E-01,  1.035504581991515E-02,  9.132479104028047E-03, -9.840486117994327E-03, -4.310474454831873E-04
A.D. 1973-Jul-01,  1.057354003018673E+00, -8.950798109287870E-01, -4.478890094416717E-02,  9.577642923971527E-03,  1.187655720294591E-02,  1.275398689316347E-05
A.D. 1974-Jan-01,  5.281206910212420E-01,  1.424869559534815E+00,  1.682892474812726E-02, -1.258697644610188E-02,  6.050148285059466E-03,  4.367555245168625E-04
A.D. 1974-Jul-01, -1.498761915723773E+00,  7.251914993784303E-01,  5.210418959594222E-02, -5.567112184551664E-03, -1.140490748582517E-02, -1.017075106347852E-04
A.D. 1975-Jan-01, -7.739534685311177E-01, -1.315618913635878E+00, -8.488135812440140E-03,  1.259086921294427E-02, -5.898312540892607E-03, -4.336646374557806E-04
A.D. 1975-Jul-01,  1.347606748994658E+00, -3.109178670764430E-01, -3.970532248856240E-02,  3.683915709971581E-03,  1.482998175120420E-02,  2.198311571953446E-04
A.D. 1976-Jan-01, -3.944829501469813E-02,  1.572820094538557E+00,  3.390898681201719E-02, -1.345507897784829E-02,  8.356421441471295E-04,  3.489121543250842E-04
A.D. 1976-Jul-01, -1.646562911409925E+00,  1.890280618761114E-01,  4.451480008948538E-02, -1.069205647790990E-03, -1.271000743646183E-02, -2.398262005836452E-04
A.D. 1977-Jan-01, -1.710313933773765E-01, -1.459150410997863E+00, -2.634261809178726E-02,  1.443070426866738E-02, -4.302906706973172E-04, -3.644376200147734E-04
A.D. 1977-Jul-01,  1.362744445547056E+00,  3.519663064665689E-01, -2.619293674980321E-02, -2.959806423380422E-03,  1.474103475968112E-02,  3.815824014900273E-04
A.D. 1978-Jan-01, -6.151815117550571E-01,  1.497856668202846E+00,  4.651259743001226E-02, -1.241146565651011E-02, -4.128906393207421E-03,  2.191659091361892E-04
A.D. 1978-Jul-01, -1.592667473672880E+00, -3.578245711115989E-01,  3.172177188932619E-02,  3.593837931792690E-03, -1.245920444979749E-02, -3.494017811179895E-04
A.D. 1979-Jan-01,  4.457508395371161E-01, -1.348510554730497E+00, -3.921423819602916E-02,  1.382012723388479E-02,  5.593048180347181E-03, -2.231447494440943E-04
A.D. 1979-Jul-01,  1.110899447701042E+00,  9.336909269872418E-01, -7.798083401246400E-03, -8.465287808028058E-03,  1.190524181706800E-02,  4.577413421466233E-04
A.D. 1980-Jan-01, -1.099928840090600E+00,  1.230314746032052E+00,  5.284518737936015E-02, -9.900396219855979E-03, -8.136861005331762E-03,  7.333806582528084E-05
A.D. 1980-Jul-01, -1.331836916542209E+00, -8.702800624856194E-01,  1.456039589307066E-02,  8.181084903607250E-03, -1.051937951186352E-02, -4.217350424429593E-04
A.D. 1981-Jan-01,  9.879469550471381E-01, -9.751830333657879E-01, -4.474718360586431E-02,  1.036365783646369E-02,  1.115770573582754E-02, -2.144602952055182E-05
A.D. 1981-Jul-01,  6.501583165232624E-01,  1.358899614582475E+00,  1.245582453026368E-02, -1.208978321516646E-02,  7.230178063462891E-03,  4.490703698039853E-04
A.D. 1982-Jan-01, -1.458280475875880E+00,  8.026426090614230E-01,  5.271176280105076E-02, -6.219265570439910E-03, -1.106634272002698E-02, -7.866947719141385E-05
A.D. 1982-Jul-01, -8.954300081036467E-01, -1.251983232291556E+00, -4.176298580204994E-03,  1.191119825239717E-02, -6.944220296412285E-03, -4.386565804488737E-04
A.D. 1983-Jan-01,  1.318589235089541E+00, -4.127215676887072E-01, -4.110287917643726E-02,  4.716367834704801E-03,  1.454845603658095E-02,  1.885745121478053E-04
A.D. 1983-Jul-01,  9.386101908525593E-02,  1.558410186801174E+00,  3.032487760873729E-02, -1.343660036663452E-02,  2.027962632059258E-03,  3.732234626705376E-04
A.D. 1984-Jan-01, -1.634925484324633E+00,  2.887503332156889E-01,  4.629051722739551E-02, -1.908942495004380E-03, -1.258673796061815E-02, -2.166039014522169E-04
A.D. 1984-Jul-01, -3.132692266005254E-01, -1.448350244560347E+00, -2.261912782206047E-02,  1.420903010609263E-02, -1.758048531281383E-03, -3.865423473876474E-04
A.D. 1985-Jan-01,  1.379651545200325E+00,  2.492113405160986E-01, -2.873471853274158E-02, -1.947701105111822E-03,  1.496358279925811E-02,  3.613021223366532E-04
A.D. 1985-Jul-01, -4.902771286291199E-01,  1.533462073045797E+00,  4.417886203639440E-02, -1.279622931193277E-02, -3.075397517728209E-03,  2.505004754612740E-04
A.D. 1986-Jan-01, -1.614814788672668E+00, -2.716486990922961E-01,  3.404872283068781E-02,  2.845383664683333E-03, -1.260656896005987E-02, -3.340430811043663E-04
A.D. 1986-Jul-01,  3.067065605396196E-01, -1.397385329932404E+00, -3.681326283672210E-02,  1.419869873182945E-02,  4.201592831363609E-03, -2.614057768314118E-04
A.D. 1987-Jan-01,  1.166869507839204E+00,  8.489421104858770E-01, -1.093140153565411E-02, -7.695228899854242E-03,  1.250979435562555E-02,  4.513688034169415E-04
A.D. 1987-Jul-01, -9.983181930339889E-01,  1.306833881195275E+00,  5.193656095103635E-02, -1.058793069329060E-02, -7.305338141418940E-03,  1.075221108754198E-04
A.D. 1988-Jan-01, -1.393274956840852E+00, -7.852377821214724E-01,  1.783695776203963E-02,  7.397021492152659E-03, -1.099723205953070E-02, -4.123447120386113E-04
A.D. 1988-Jul-01,  8.803645736988683E-01, -1.080358193547494E+00, -4.428861750301638E-02,  1.138000588712109E-02,  1.003643175739603E-02, -6.980503667947188E-05
A.D. 1989-Jan-01,  7.327784351188261E-01,  1.305873793597603E+00,  9.320944668473243E-03, -1.167126048295868E-02,  8.037470563742670E-03,  4.554907748600199E-04
A.D. 1989-Jul-01, -1.391931619476130E+00,  9.099585135980893E-01,  5.329957215735872E-02, -7.128658955017395E-03, -1.051958522012513E-02, -4.496025023945338E-05
A.D. 1990-Jan-01, -9.763410874139239E-01, -1.201258553556260E+00, -1.141650368654674E-03,  1.138935328944300E-02, -7.628587482304917E-03, -4.399388904559730E-04
A.D. 1990-Jul-01,  1.264594113265542E+00, -5.541387156842047E-01, -4.271192147589235E-02,  6.154424904709000E-03,  1.401215161309709E-02,  1.420855714209145E-04
A.D. 1991-Jan-01,  1.864852734829722E-01,  1.541659753089784E+00,  2.770179430407906E-02, -1.335922212756774E-02,  2.866861330762159E-03,  3.886400726404106E-04
A.D. 1991-Jul-01, -1.610912294542759E+00,  4.127103572729254E-01,  4.826312102603882E-02, -2.948270414816135E-03, -1.236169434343955E-02, -1.864317399044664E-04
A.D. 1992-Jan-01, -4.255575955437852E-01, -1.430331946597277E+00, -1.949693939731240E-02,  1.394257056777758E-02, -2.788773264687322E-03, -4.013183395060535E-04
A.D. 1992-Jul-01,  1.391272374369138E+00,  9.930597006588235E-02, -3.213540937812394E-02, -4.575182953688376E-04,  1.515477264378468E-02,  3.287234566379705E-04
A.D. 1993-Jan-01, -4.014215040092639E-01,  1.551994118746901E+00,  4.238421180413359E-02, -1.301543781429716E-02, -2.315619839746074E-03,  2.715808541997717E-04
A.D. 1993-Jul-01, -1.637793444889984E+00, -1.460111543175913E-01,  3.721940985143052E-02,  1.766444060308632E-03, -1.274436125895032E-02, -3.104164419830099E-04
A.D. 1994-Jan-01,  2.075545770674407E-01, -1.423297970745404E+00, -3.491897336352840E-02,  1.437595073339865E-02,  3.220670848233138E-03, -2.860728984147117E-04
A.D. 1994-Jul-01,  1.237505247616214E+00,  7.203352575891280E-01, -1.534374968262936E-02, -6.504653810487035E-03,  1.328844562809973E-02,  4.383196335050270E-04
A.D. 1995-Jan-01, -9.237155990867569E-01,  1.354916859516803E+00,  5.109658907259201E-02, -1.103258658909112E-02, -6.692118123984726E-03,  1.311236008432977E-04
A.D. 1995-Jul-01, -1.461656434854002E+00, -6.737828921572142E-01,  2.182918344882451E-02,  6.383244453257494E-03, -1.151352910465055E-02, -3.981392593358513E-04
A.D. 1996-Jan-01,  7.873429305003897E-01, -1.156034434950531E+00, -4.357262358437911E-02,  1.209727561082405E-02,  9.075190820185495E-03, -1.073465012804879E-04
A.D. 1996-Jul-01,  8.450722658298996E-01,  1.220595325656767E+00,  4.789503799337370E-03, -1.097253547594048E-02,  9.155453705008853E-03,  4.615424232528983E-04
A.D. 1997-Jan-01, -1.340641593368802E+00,  9.808702583212470E-01,  5.350459767036777E-02, -7.735849930383234E-03, -1.010160840453366E-02, -2.141124305066006E-05
A.D. 1997-Jul-01, -1.085187217776031E+00, -1.121459315785265E+00,  3.186598030099526E-03,  1.058305789909160E-02, -8.534116109862390E-03, -4.389460786102633E-04
A.D. 1998-Jan-01,  1.218552531055183E+00, -6.497206106756570E-01, -4.356621871247950E-02,  7.119297794586878E-03,  1.354451900737091E-02,  1.087254488940952E-04
A.D. 1998-Jul-01,  3.179281284488587E-01,  1.507135387603704E+00,  2.375827797282091E-02, -1.315976771801050E-02,  4.075941366375849E-03,  4.088933834562306E-04
A.D. 1999-Jan-01, -1.588034554479033E+00,  4.971476910373232E-01,  4.945276249970739E-02, -3.655623350706271E-03, -1.216164707383592E-02, -1.649205446529220E-04
A.D. 1999-Jul-01, -5.610980001698875E-01, -1.396818291468423E+00, -1.546948601370707E-02,  1.351371451216430E-02, -4.017522872406036E-03, -4.163627577092160E-04
A.D. 2000-Jan-01,  1.390361066087240E+00, -2.100972123734226E-02, -3.461801385164819E-02,  7.479271243289054E-04,  1.518629867736057E-02,  2.997531995727462E-04
A.D. 2000-Jul-01, -2.708354378223796E-01,  1.569392524443668E+00,  3.953140285220139E-02, -1.325795686010601E-02, -1.191665927986760E-03,  3.009116039693218E-04
A.D. 2001-Jan-01, -1.647341535978812E+00, -5.752243183144101E-02,  3.928463814791535E-02,  1.013238463607372E-03, -1.279105457564585E-02, -2.928390586993187E-04
A.D. 2001-Jul-01,  6.464000960473296E-02, -1.448007463595463E+00, -3.191836651953755E-02,  1.451127489895547E-02,  1.825133201502098E-03, -3.184168031107245E-04
A.D. 2002-Jan-01,  1.279436971627129E+00,  6.273775489918367E-01, -1.830158297542862E-02, -5.623076014557647E-03,  1.375768540571172E-02,  4.263665255599123E-04
A.D. 2002-Jul-01, -8.113006609873451E-01,  1.416950800242546E+00,  4.961544600087779E-02, -1.161279105023009E-02, -5.763756825418638E-03,  1.646142129366128E-04
A.D. 2003-Jan-01, -1.503694756476846E+00, -5.925889406889597E-01,  2.453040062906323E-02,  5.655257180308018E-03, -1.182298662408072E-02, -3.866351244443512E-04
A.D. 2003-Jul-01,  6.627390512333760E-01, -1.239911240056328E+00, -4.225834872068639E-02,  1.287294412145279E-02,  7.798803339464234E-03, -1.528860231043688E-04
A.D. 2004-Jan-01,  9.289922368332209E-01,  1.144896735214906E+00,  1.165187110481993E-03, -1.033230146690685E-02,  1.001114422612632E-02,  4.635934476697420E-04
A.D. 2004-Jul-01, -1.260022431938048E+00,  1.077844407744717E+00,  5.353844190621446E-02, -8.567534606346469E-03, -9.440729793490468E-03,  1.266935933585426E-05
A.D. 2005-Jan-01, -1.156778110504573E+00, -1.060258468758684E+00,  6.202429444711295E-03,  9.980435188288377E-03, -9.118775748411769E-03, -4.362543520788274E-04
A.D. 2005-Jul-01,  1.140824041958524E+00, -7.810688322963604E-01, -4.439163086139377E-02,  8.437420778172125E-03,  1.274490810305219E-02,  5.976818564546883E-05
A.D. 2006-Jan-01,  4.083171038143198E-01,  1.475673848089978E+00,  2.088903753849703E-02, -1.295698127926565E-02,  4.922054322713481E-03,  4.214357825870365E-04
A.D. 2006-Jul-01, -1.547002324871763E+00,  6.159850803743774E-01,  5.090984877406771E-02, -4.652074298737096E-03, -1.180582367776798E-02, -1.330881982096971E-04
A.D. 2007-Jan-01, -6.538075017579486E-01, -1.366082078491828E+00, -1.256066573409402E-02,  1.315073618092524E-02, -4.841752578011110E-03, -4.244775204436332E-04
A.D. 2007-Jul-01,  1.375320693259226E+00, -1.717388220234274E-01, -3.737876857254305E-02,  2.269784036175871E-03,  1.508021089180166E-02,  2.601942522662761E-04
A.D. 2008-Jan-01, -1.651689185827001E-01,  1.574997899972910E+00,  3.705332075648401E-02, -1.338765194862988E-02, -2.721622503827630E-04,  3.231096756273483E-04
A.D. 2008-Jul-01, -1.652162656777586E+00,  6.908643856834078E-02,  4.202372542537683E-02, -6.276532091512878E-05, -1.278644823778812E-02, -2.663513275440209E-04
A.D. 2009-Jan-01, -3.641250430303813E-02, -1.457507442025502E+00, -2.964277530441127E-02,  1.451850757785263E-02,  8.536180010854004E-04, -3.386692080977606E-04
A.D. 2009-Jul-01,  1.328632933187134E+00,  4.874107119910804E-01, -2.241358134658156E-02, -4.282086309316628E-03,  1.433247084477494E-02,  4.054680004419800E-04
A.D. 2010-Jan-01, -7.296712795112160E-01,  1.454285820774298E+00,  4.838987723546222E-02, -1.197728349419782E-02, -5.087002399003194E-03,  1.875195280109457E-04
A.D. 2010-Jul-01, -1.554300063791562E+00, -4.740007062127712E-01,  2.823391177939916E-02,  4.603987613821654E-03, -1.219088286713227E-02, -3.685016809627331E-04
A.D. 2011-Jan-01,  5.722309494691696E-01, -1.290986269513672E+00, -4.110306991310057E-02,  1.332093015793517E-02,  6.871790714247011E-03, -1.831044715894340E-04
A.D. 2011-Jul-01,  1.027381078259339E+00,  1.040050111885046E+00, -3.434690895554241E-03, -9.422545007236001E-03,  1.102842996997838E-02,  4.624552657093488E-04
A.D. 2012-Jan-01, -1.189483380408478E+00,  1.150321936770245E+00,  5.330942228608329E-02, -9.199283466161315E-03, -8.867022439951692E-03,  4.008791593588564E-05
A.D. 2012-Jul-01, -1.250885093861834E+00, -9.661063412737552E-01,  1.047234429405545E-02,  9.079821181062035E-03, -9.879753603178359E-03, -4.299475792971452E-04
A.D. 2013-Jan-01,  1.080064229006402E+00, -8.665144265166302E-01, -4.467342427181646E-02,  9.289383393392917E-03,  1.211083661933473E-02,  2.566366180207355E-05
A.D. 2013-Jul-01,  5.351050195722498E-01,  1.421011382058714E+00,  1.663387526642373E-02, -1.256547601899448E-02,  6.120042562373217E-03,  4.367182110056802E-04
A.D. 2014-Jan-01, -1.512438760541087E+00,  6.968154209758598E-01,  5.172406582856959E-02, -5.330934887350001E-03, -1.151453771934187E-02, -1.104058150785068E-04
A.D. 2014-Jul-01, -7.815574436333326E-01, -1.312280416157500E+00, -8.312322968246730E-03,  1.255179950458562E-02, -5.960022230710243E-03, -4.329669780046294E-04
A.D. 2015-Jan-01,  1.355849769141058E+00, -2.749620284135440E-01, -3.903977467126851E-02,  3.318825014854530E-03,  1.491117669239515E-02,  2.309759966747676E-04
A.D. 2015-Jul-01, -3.246240927815673E-02,  1.572057627930942E+00,  3.373673438522629E-02, -1.345914126127729E-02,  8.991852985999504E-04,  3.491837926040711E-04
A.D. 2016-Jan-01, -1.648401928641472E+00,  1.700187218081967E-01,  4.401876294237183E-02, -9.136682131435257E-04, -1.272472849869791E-02, -2.442237962591295E-04
A.D. 2016-Jul-01, -1.803023187119713E-01, -1.459323609731614E+00, -2.615602690818927E-02,  1.441567219955600E-02, -5.124166639536736E-04, -3.645309313660807E-04
A.D. 2017-Jan-01,  1.354702870090991E+00,  3.868749030255172E-01, -2.514009726245983E-02, -3.307029671743305E-03,  1.465320120239402E-02,  3.882285860373251E-04
A.D. 2017-Jul-01, -6.090017000295093E-01,  1.499567416578859E+00,  4.637021164173212E-02, -1.243535405377776E-02, -4.074813001907679E-03,  2.197955531562588E-04
A.D. 2018-Jan-01, -1.583672712165000E+00, -3.890283228691061E-01,  3.071411265610203E-02,  3.860856746782269E-03, -1.239426308079003E-02, -3.544723197396998E-04
A.D. 2018-Jul-01,  4.373925015072671E-01, -1.352470555969132E+00, -3.907158087518829E-02,  1.384225941202856E-02,  5.507228884442678E-03, -2.242865015795740E-04
A.D. 2019-Jan-01,  1.090214035992914E+00,  9.612816786488728E-01, -6.608745203840941E-03, -8.723278204613895E-03,  1.169029005311394E-02,  4.590049620374611E-04
A.D. 2019-Jul-01, -1.094764356387588E+00,  1.234176000919891E+00,  5.272198484126558E-02, -9.941725731770757E-03, -8.093201121651563E-03,  7.434932925360629E-05
A.D. 2020-Jan-01, -1.320107604952232E+00, -8.857574644771996E-01,  1.382907562643053E-02,  8.320854741090487E-03, -1.042277973806052E-02, -4.225617660650717E-04
A.D. 2020-Jul-01,  9.817821545189126E-01, -9.820285008012736E-01, -4.466270882830908E-02,  1.042771269388999E-02,  1.109234641577911E-02, -2.338028652736851E-05
A.D. 2021-Jan-01,  6.208753864757344E-01,  1.375673941031748E+00,  1.359788293978349E-02, -1.222472442648180E-02,  6.946194134783605E-03,  4.454513820147509E-04
A.D. 2021-Jul-01, -1.454919432135205E+00,  8.083649087243361E-01,  5.262974714183802E-02, -6.272547833266015E-03, -1.103846889828595E-02, -7.746224952192378E-05
A.D. 2022-Jan-01, -8.667737358905947E-01, -1.268824849473742E+00, -5.329796048340852E-03,  1.207985878736362E-02, -6.694025530898188E-03, -4.366089266703004E-04
A.D. 2022-Jul-01,  1.315355455407034E+00, -4.218309965104814E-01, -4.110596470858762E-02,  4.807045334844406E-03,  1.452288220385378E-02,  1.864560767448690E-04
A.D. 2023-Jan-01,  6.087796495752490E-02,  1.562753194573157E+00,  3.125918127566484E-02, -1.345301618374033E-02,  1.733555820574266E-03,  3.663268830642902E-04
A.D. 2023-Jul-01, -1.633998819902986E+00,  2.954008226747605E-01,  4.627241492179921E-02, -1.966871930308328E-03, -1.257598352275736E-02, -2.153206049750802E-04
A.D. 2024-Jan-01, -2.933582831687160E-01, -1.451123104135089E+00, -2.321561884924669E-02,  1.424344749857545E-02, -1.572179046120771E-03, -3.823265403682600E-04
A.D. 2024-Jul-01,  1.380621711146591E+00,  2.395540629714415E-01, -2.884414432980848E-02, -1.857613606847607E-03,  1.498239983015976E-02,  3.595531379085828E-04
A.D. 2025-Jan-01, -5.216858662550770E-01,  1.525234576803493E+00,  4.475559683365329E-02, -1.271183490517097E-02, -3.338839585391086E-03,  2.417788166457533E-04
A.D. 2025-Jul-01, -1.616688398927753E+00, -2.647484527576254E-01,  3.409696119709787E-02,  2.783832047270863E-03, -1.261353898410332E-02, -3.326018428433818E-04
A.D. 2026-Jan-01,  3.405796768763754E-01, -1.387002016250979E+00, -3.741722573744679E-02,  1.411941195233395E-02,  4.540203192708731E-03, -2.510853583190806E-04
A.D. 2026-Jul-01,  1.171173223744010E+00,  8.413775603681704E-01, -1.108559200814835E-02, -7.629933322140973E-03,  1.255981572083205E-02,  4.503020859630073E-04
A.D. 2027-Jan-01, -1.024376957694371E+00,  1.288218684784753E+00,  5.211339241380038E-02, -1.042503727654076E-02, -7.517927990801392E-03,  9.805374800560836E-05
A.D. 2027-Jul-01, -1.397913243836120E+00, -7.793457018462183E-01,  1.793770022196111E-02,  7.336169682595999E-03, -1.102511393049952E-02, -4.109489036826313E-04
A.D. 2028-Jan-01,  8.955376876059535E-01, -1.066601749956559E+00, -4.431239116610380E-02,  1.124600701049355E-02,  1.020021421283031E-02, -6.192011352956339E-05
A.D. 2028-Jul-01,  7.387608210214316E-01,  1.301084311993252E+00,  9.159184821495190E-03, -1.163873364815090E-02,  8.103331933535241E-03,  4.551949706493977E-04
A.D. 2029-Jan-01, -1.409654143245878E+00,  8.831806230796865E-01,  5.307206350415142E-02, -6.904636044123359E-03, -1.066343469864329E-02, -5.423064708034569E-05
A.D. 2029-Jul-01, -9.828745727073223E-01, -1.197631869051773E+00, -1.004673474241774E-03,  1.134156680706049E-02, -7.679121167267379E-03, -4.390004699975213E-04
A.D. 2030-Jan-01,  1.278622086867051E+00, -5.212680396255112E-01, -4.227172806221337E-02,  5.814118084153181E-03,  1.415514012111150E-02,  1.541391103469127E-04
A.D. 2030-Jul-01,  1.937262631259358E-01,  1.539389613476624E+00,  2.751343252083600E-02, -1.335664818136725E-02,  2.937171316745314E-03,  3.889982336848612E-04
A.D. 2031-Jan-01, -1.618083476080664E+00,  3.815279392737935E-01,  4.766198464390677E-02, -2.690182837885069E-03, -1.242390052646267E-02, -1.944418997103596E-04
A.D. 2031-Jul-01, -4.331923218064238E-01, -1.429138974899903E+00, -1.933168126042786E-02,  1.391951864800119E-02, -2.857423271181968E-03, -4.010820000346228E-04
A.D. 2032-Jan-01,  1.390603395743059E+00,  1.203648966366136E-01, -3.156027119933107E-02, -6.713939332795959E-04,  1.513654688071579E-02,  3.336815423441990E-04
A.D. 2032-Jul-01, -3.940689794631883E-01,  1.552879286540667E+00,  4.220193722549188E-02, -1.303543034040751E-02, -2.253595955691130E-03,  2.722457953821892E-04
A.D. 2033-Jan-01, -1.633326660797528E+00, -1.775510415751077E-01,  3.630633230669691E-02,  2.032126530994969E-03, -1.271578457587200E-02, -3.163072558933831E-04
A.D. 2033-Jul-01,  1.989422221781142E-01, -1.425336732204237E+00, -3.474895744730681E-02,  1.438629962466564E-02,  3.139051100638572E-03, -2.867630290709723E-04
A.D. 2034-Jan-01,  1.221116361232827E+00,  7.523510115907885E-01, -1.415242763026925E-02, -6.805927109152363E-03,  1.311045914322228E-02,  4.415829217809241E-04
A.D. 2034-Jul-01, -9.177898164661554E-01,  1.358421541663977E+00,  5.096407909545715E-02, -1.106672365046180E-02, -6.642753565982826E-03,  1.319390275788960E-04
A.D. 2035-Jan-01, -1.446075239841682E+00, -7.019345693319941E-01,  2.072094587019318E-02,  6.632386828344452E-03, -1.139302358702543E-02, -4.013324717784439E-04
A.D. 2035-Jul-01,  7.795765031315609E-01, -1.162049483035190E+00, -4.346009376872199E-02,  1.214792354196821E-02,  8.996444666691826E-03, -1.090851253101325E-04
A.D. 2036-Jan-01,  8.291839157743874E-01,  1.233024653480977E+00,  5.529273291814615E-03, -1.108337164634579E-02,  9.002599871718595E-03,  4.602680270131661E-04
A.D. 2036-Jul-01, -1.336608688248761E+00,  9.862737221894230E-01,  5.341916453080332E-02, -7.783395155489799E-03, -1.006465929689673E-02, -2.028286898175148E-05
A.D. 2037-Jan-01, -1.059673340433994E+00, -1.141946594027471E+00,  2.024982164713353E-03,  1.078330617036516E-02, -8.319614033594108E-03, -4.385598201766027E-04
A.D. 2037-Jul-01,  1.214031409660084E+00, -6.582843885223911E-01, -4.353801882793531E-02,  7.203318917057409E-03,  1.349891507296878E-02,  1.064835954096964E-04
A.D. 2038-Jan-01,  2.858461843711527E-01,  1.516281339771605E+00,  2.477980875599550E-02, -1.322279831713929E-02,  3.781374611682506E-03,  4.031673686363433E-04
A.D. 2038-Jul-01, -1.586335921019534E+00,  5.037601560857177E-01,  4.941240042213962E-02, -3.714330343735757E-03, -1.214045380487458E-02, -1.635320059138522E-04
A.D. 2039-Jan-01, -5.294187916772898E-01, -1.406210133167921E+00, -1.651389774675967E-02,  1.362265772951943E-02, -3.726618047523768E-03, -4.117667036903595E-04
A.D. 2039-Jul-01,  1.389391402394711E+00, -3.053704138341148E-02, -3.466750644046008E-02,  8.426850416416541E-04,  1.518943148032960E-02,  2.977995902341720E-04
A.D. 2040-Jan-01, -2.903959133289943E-01,  1.567160495933182E+00,  3.996702253771599E-02, -1.323072154438665E-02, -1.359085651865167E-03,  2.955370845261570E-04
A.D. 2040-Jul-01, -1.648265575820494E+00, -5.100818937830160E-02,  3.929728382985657E-02,  9.524577743938579E-04, -1.279052447924715E-02, -2.914764337469469E-04
A.D. 2041-Jan-01,  9.849168419421779E-02, -1.443956088989913E+00, -3.268420821010320E-02,  1.448588091464171E-02,  2.156778920459378E-03, -3.095435922233993E-04
A.D. 2041-Jul-01,  1.282543440695767E+00,  6.179676880218151E-01, -1.845431126082075E-02, -5.542665771224224E-03,  1.380456771287842E-02,  4.251434866396365E-04
A.D. 2042-Jan-01, -8.399599456391255E-01,  1.401854317367438E+00,  4.995833855936921E-02, -1.147768322153904E-02, -5.999559847066033E-03,  1.553018396344547E-04
A.D. 2042-Jul-01, -1.506783641941382E+00, -5.868333537544415E-01,  2.459729636280488E-02,  5.599201765757805E-03, -1.184265658894786E-02, -3.853792280189318E-04
A.D. 2043-Jan-01,  6.935705532351887E-01, -1.221310565084818E+00, -4.258321424361438E-02,  1.269473312591292E-02,  8.111140858541413E-03, -1.408090820469320E-04
A.D. 2043-Jul-01,  9.353399130546146E-01,  1.138212859546147E+00,  9.571378121637572E-04, -1.028294970912368E-02,  1.007768624955764E-02,  4.630205041803062E-04
A.D. 2044-Jan-01, -1.272401357802277E+00,  1.063553863016026E+00,  5.344577762143771E-02, -8.451214537549509E-03, -9.542484856711908E-03,  6.881637352253515E-06
A.D. 2044-Jul-01, -1.162354599640449E+00, -1.055541175500335E+00,  6.330096813997411E-03,  9.930224885753729E-03, -9.160497892008065E-03, -4.351482078351799E-04
A.D. 2045-Jan-01,  1.160867699957820E+00, -7.500131652292056E-01, -4.414098785276052E-02,  8.125005239928956E-03,  1.295270113003540E-02,  7.263349418355566E-05
A.D. 2045-Jul-01,  4.155552340893845E-01,  1.472685303118759E+00,  2.070180276632412E-02, -1.293949717975794E-02,  4.990217664037368E-03,  4.213730226714071E-04
A.D. 2046-Jan-01, -1.558220250520504E+00,  5.865032666803078E-01,  5.043933071254940E-02, -4.408474444568799E-03, -1.190145536936687E-02, -1.415997878273543E-04
A.D. 2046-Jul-01, -6.614761865532939E-01, -1.363710018146620E+00, -1.239862100634327E-02,  1.311470189438206E-02, -4.906228608737099E-03, -4.238912869541978E-04
A.D. 2047-Jan-01,  1.380077762463416E+00, -1.356765236684539E-01, -3.662702434747905E-02,  1.901451345863944E-03,  1.512404965159087E-02,  2.705310846168164E-04
A.D. 2047-Jul-01, -1.580786144074245E-01,  1.574864654425955E+00,  3.688460623897744E-02, -1.339570940904074E-02, -2.073314209704063E-04,  3.235433060847760E-04
A.D. 2048-Jan-01, -1.652279002625599E+00,  5.026235552224033E-02,  4.149677077202506E-02,  9.522771392162268E-05, -1.279122281081417E-02, -2.704796526940612E-04
A.D. 2048-Jul-01, -4.472866096827495E-02, -1.458247049603426E+00, -2.947329146138507E-02,  1.451396111310582E-02,  7.737998396228845E-04, -3.390167289430792E-04
A.D. 2049-Jan-01,  1.317803419084963E+00,  5.215873762641458E-01, -2.131878707615473E-02, -4.616511644938527E-03,  1.420707787239848E-02,  4.108056488799209E-04
A.D. 2049-Jul-01, -7.233106520113840E-01,  1.456777131004852E+00,  4.823650283733120E-02, -1.200682457811501E-02, -5.031551454829235E-03,  1.883338789320454E-04
A.D. 2050-Jan-01, -1.543231689349428E+00, -5.035895177339794E-01,  2.720193315280649E-02,  4.861797692997391E-03, -1.210505180005732E-02, -3.727379370683935E-04
A.D. 2050-Jul-01,  5.638555208203831E-01, -1.295153158305785E+00, -4.094773823474405E-02,  1.335828787428483E-02,  6.790604987342338E-03, -1.844734643542385E-04
A.D. 2051-Jan-01,  1.003806611924625E+00,  1.066463054486029E+00, -2.197904705774774E-03, -9.658968801408156E-03,  1.078755010247416E-02,  4.624900275565632E-04
A.D. 2051-Jul-01, -1.184925808789671E+00,  1.154692522867115E+00,  5.319933320346996E-02, -9.241184015202275E-03, -8.827286348025699E-03,  4.099809278205947E-05
A.D. 2052-Jan-01, -1.238549596370925E+00, -9.804638913688716E-01,  9.740510861176636E-03,  9.206180936750085E-03, -9.772307430190972E-03, -4.301368633561702E-04
A.D. 2052-Jul-01,  1.073442927917222E+00, -8.748676276499174E-01, -4.460580675199330E-02,  9.368238348396526E-03,  1.204913887200216E-02,  2.347244606722077E-05
A.D. 2053-Jan-01,  5.039870181332784E-01,  1.434984957886793E+00,  1.776126904819549E-02, -1.267686248720580E-02,  5.830601262440041E-03,  4.323885493112151E-04
A.D. 2053-Jul-01, -1.509895709919724E+00,  7.023597663511323E-01,  5.166592142817314E-02, -5.381031198086231E-03, -1.149088965588627E-02, -1.093144669858487E-04
A.D. 2054-Jan-01, -7.510643106185650E-01, -1.327040207547243E+00, -9.451152968048175E-03,  1.270172109581861E-02, -5.691541816283727E-03, -4.300519341632135E-04
A.D. 2054-Jul-01,  1.353628495386165E+00, -2.851572281496356E-01, -3.909043141819891E-02,  3.415237532732603E-03,  1.489047204033729E-02,  2.286651157556958E-04
A.D. 2055-Jan-01, -6.512009267899382E-02,  1.573220818496499E+00,  3.457689187172974E-02, -1.345653045181770E-02,  6.114353461153039E-04,  3.419683104017337E-04
A.D. 2055-Jul-01, -1.648066352618018E+00,  1.764536629366729E-01,  4.400990996242374E-02, -9.716787030485119E-04, -1.271669480592156E-02, -2.428634618315955E-04
A.D. 2056-Jan-01, -1.598687003699694E-01, -1.460201847035939E+00, -2.670501204718688E-02,  1.443579253147644E-02, -3.182438183082328E-04, -3.597394814047314E-04
A.D. 2056-Jul-01,  1.356668490729921E+00,  3.778259015598575E-01, -2.525532253810737E-02, -3.221197498648152E-03,  1.467756963796613E-02,  3.865354297098212E-04
A.D. 2057-Jan-01, -6.391940469569034E-01,  1.488927671965491E+00,  4.685030480751560E-02, -1.233300845942414E-02, -4.329734092679412E-03,  2.108095897011200E-04
A.D. 2057-Jul-01, -1.585966168760220E+00, -3.826284545709097E-01,  3.075891354690808E-02,  3.799512700862337E-03, -1.240653969854295E-02, -3.530626188937288E-04
A.D. 2058-Jan-01,  4.701858699837369E-01, -1.339193711325763E+00, -3.957957198748346E-02,  1.372728237140270E-02,  5.840288693795200E-03, -2.132163460417345E-04
A.D. 2058-Jul-01,  1.094978646755719E+00,  9.542101018403946E-01, -6.766646523211574E-03, -8.663790786249917E-03,  1.174704352428401E-02,  4.581845925781780E-04
A.D. 2059-Jan-01, -1.119089373625685E+00,  1.213770500757858E+00,  5.281668006315657E-02, -9.763239794411955E-03, -8.291841419492726E-03,  6.486832059961622E-05
A.D. 2059-Jul-01, -1.324668791195805E+00, -8.804036182482485E-01,  1.393135634849498E-02,  8.266701569282393E-03, -1.045731480374417E-02, -4.214149321706698E-04
A.D. 2060-Jan-01,  9.963352613754061E-01, -9.666623425386585E-01, -4.463124755415449E-02,  1.027111153414646E-02,  1.124235735835707E-02, -1.541639717146547E-05
A.D. 2060-Jul-01,  6.276156249655042E-01,  1.371303774413595E+00,  1.340619598388044E-02, -1.219824318796045E-02,  7.015685891742445E-03,  4.453426026360154E-04
A.D. 2061-Jan-01, -1.470325719484607E+00,  7.808628930757247E-01,  5.231515559123081E-02, -6.042175949559876E-03, -1.116164683944032E-02, -8.633194052894518E-05
A.D. 2061-Jul-01, -8.738701834905017E-01, -1.265078243808995E+00, -5.163771653525145E-03,  1.203867480963522E-02, -6.751505911049521E-03, -4.358419211759773E-04
A.D. 2062-Jan-01,  1.326446831153845E+00, -3.865154205843441E-01, -4.052719940526202E-02,  4.447919253942677E-03,  1.463347093574511E-02,  1.981102642354403E-04
A.D. 2062-Jul-01,  6.796188298049981E-02,  1.561527334609268E+00,  3.108095099563853E-02, -1.345318447856380E-02,  1.798668320200347E-03,  3.665513295639732E-04
A.D. 2063-Jan-01, -1.638921693178010E+00,  2.641167657777642E-01,  4.559392568298793E-02, -1.708247770974893E-03, -1.261757761550394E-02, -2.228504425828958E-04
A.D. 2063-Jul-01, -3.025292881698660E-01, -1.450464908767772E+00, -2.302474820966320E-02,  1.422304550550673E-02, -1.651246173037706E-03, -3.822415244212772E-04
A.D. 2064-Jan-01,  1.377325697503761E+00,  2.604120815373363E-01, -2.819992270815299E-02, -2.067235040033874E-03,  1.495032585060486E-02,  3.640576763827479E-04
A.D. 2064-Jul-01, -5.153659084660871E-01,  1.526607898995929E+00,  4.461128685670899E-02, -1.273229402074177E-02, -3.283249293571509E-03,  2.423165574963864E-04
A.D. 2065-Jan-01, -1.609793234117925E+00, -2.962633754373759E-01,  3.312932519474990E-02,  3.050989991776382E-03, -1.256472239354296E-02, -3.380639486711853E-04
A.D. 2065-Jul-01,  3.317442139278227E-01, -1.390386902760011E+00, -3.726378439454758E-02,  1.413479209736927E-02,  4.452456268644515E-03, -2.520550171483410E-04
A.D. 2066-Jan-01,  1.152354119112923E+00,  8.705341310197774E-01, -9.903760551403249E-03, -7.906839369155825E-03,  1.236352279212052E-02,  4.524833081205179E-04
A.D. 2066-Jul-01, -1.018993005301727E+00,  1.291768678716627E+00,  5.198856809140075E-02, -1.046337384875443E-02, -7.471563301009828E-03,  9.899129125034742E-05
A.D. 2067-Jan-01, -1.379904778625704E+00, -8.064679470633812E-01,  1.680545139756671E-02,  7.580684150275433E-03, -1.088202646185110E-02, -4.134350352347517E-04
A.D. 2067-Jul-01,  8.887512822163025E-01, -1.073056146210809E+00, -4.421485964886468E-02,  1.130355905608089E-02,  1.012766103670103E-02, -6.377623355703997E-05
A.D. 2068-Jan-01,  7.224540800470634E-01,  1.311914820419973E+00,  9.863514458349284E-03, -1.173209756033220E-02,  7.943384258204029E-03,  4.532005347663383E-04
A.D. 2068-Jul-01, -1.405885092695998E+00,  8.887270072132679E-01,  5.298208353972909E-02, -6.957166175196000E-03, -1.063190686963104E-02, -5.302268668385043E-05
A.D. 2069-Jan-01, -9.556490062808587E-01, -1.216193488682024E+00, -2.162722303508068E-03,  1.152404109047732E-02, -7.444127912003389E-03, -4.376423804852069E-04
A.D. 2069-Jul-01,  1.274721930806794E+00, -5.301560465644749E-01, -4.225742261310841E-02,  5.903322233129894E-03,  1.412124167028945E-02,  1.519765879203172E-04
A.D. 2070-Jan-01,  1.611057459406194E-01,  1.545933200033037E+00,  2.849023339906767E-02, -1.339246643042098E-02,  2.641720247733834E-03,  3.825523720382974E-04
A.D. 2070-Jul-01, -1.616700637665042E+00,  3.881693384996338E-01,  4.763325880628654E-02, -2.748592700574690E-03, -1.241004432765341E-02, -1.931550636989420E-04
A.D. 2071-Jan-01, -3.999119187748963E-01, -1.436089363240922E+00, -2.035211217579298E-02,  1.400325672946357E-02, -2.550992190471054E-03, -3.955611939883357E-04
A.D. 2071-Jul-01,  1.390732922732881E+00,  1.103758489632966E-01, -3.165562478708830E-02, -5.769832353253971E-04,  1.514772194385263E-02,  3.317961796638691E-04
A.D. 2072-Jan-01, -4.129897602734590E-01,  1.549147843891635E+00,  4.257462008503538E-02, -1.299654808514449E-02, -2.412392735725681E-03,  2.668187545630668E-04
A.D. 2072-Jul-01, -1.634699521589329E+00, -1.705501542501925E-01,  3.634552545176133E-02,  1.970489025087803E-03, -1.271997894973941E-02, -3.148838469238558E-04
A.D. 2073-Jan-01,  2.332887182005214E-01, -1.417601101023341E+00, -3.542544900795797E-02,  1.433313887424083E-02,  3.477392272067821E-03, -2.770959646817702E-04
A.D. 2073-Jul-01,  1.225078139754311E+00,  7.441249275999540E-01, -1.431048420804635E-02, -6.733970980756840E-03,  1.315730614277782E-02,  4.403709333203551E-04
A.D. 2074-Jan-01, -9.448678702060240E-01,  1.341489819208169E+00,  5.120353310657295E-02, -1.091687276499082E-02, -6.864376955246846E-03,  1.225865858116885E-04
A.D. 2074-Jul-01, -1.450283295764342E+00, -6.956908973115816E-01,  2.081547477680649E-02,  6.570502354722638E-03, -1.141738000985217E-02, -3.998963971414484E-04
A.D. 2075-Jan-01,  8.078816933429618E-01, -1.140410817221765E+00, -4.364387406761427E-02,  1.194388707524002E-02,  9.294157189470660E-03, -9.664717310043416E-05
A.D. 2075-Jul-01,  8.350322404777935E-01,  1.227665451930109E+00,  5.364969523979565E-03, -1.104392417211626E-02,  9.066941046240782E-03,  4.598095598808345E-04
A.D. 2076-Jan-01, -1.348256176800365E+00,  9.709294164420744E-01,  5.328128547145507E-02, -7.656072101829266E-03, -1.015862790598392E-02, -2.617457745262999E-05
A.D. 2076-Jul-01, -1.066038326280639E+00, -1.137833915809042E+00,  2.158577389527155E-03,  1.073173070830995E-02, -8.366894307562584E-03, -4.374959795104566E-04
A.D. 2077-Jan-01,  1.230426766838852E+00, -6.266599926610330E-01, -4.318264466074453E-02,  6.877544768942177E-03,  1.366995172462226E-02,  1.188309877995830E-04
A.D. 2077-Jul-01,  2.929600705012535E-01,  1.513511015571070E+00,  2.459391607289730E-02, -1.321513116342735E-02,  3.852297808128651E-03,  4.034141711626829E-04
A.D. 2078-Jan-01, -1.595418840169417E+00,  4.730703809594934E-01,  4.886931217532784E-02, -3.460501398643271E-03, -1.221770832703228E-02, -1.717905494197980E-04
A.D. 2078-Jul-01, -5.368671862511536E-01, -1.404586863255306E+00, -1.635358299362606E-02,  1.359437136084016E-02, -3.792657730978692E-03, -4.113786402271626E-04
A.D. 2079-Jan-01,  1.391105424629688E+00,  5.510044669566805E-03, -3.383787299571365E-02,  4.751717637738650E-04,  1.519118918652996E-02,  3.070103147288904E-04
A.D. 2079-Jul-01, -2.828669240907988E-01,  1.567419126693776E+00,  3.977675930510389E-02, -1.324731319336321E-02, -1.294421378108308E-03,  2.961686467030745E-04
A.D. 2080-Jan-01, -1.646918426631360E+00, -7.000622720520021E-02,  3.872474791751876E-02,  1.110095742829475E-03, -1.278269994562132E-02, -2.951976899988345E-04
A.D. 2080-Jul-01,  9.004971952881385E-02, -1.445337763083189E+00, -3.251229852030152E-02,  1.448987690052884E-02,  2.077143094145709E-03, -3.100436106164317E-04
A.D. 2081-Jan-01,  1.268580332924224E+00,  6.512762252134705E-01, -1.729418235876256E-02, -5.860344581999080E-03,  1.364763101254877E-02,  4.292817867783639E-04
A.D. 2081-Jul-01, -8.337057728681615E-01,  1.404956022921399E+00,  4.981478244663153E-02, -1.150996158665391E-02, -5.948181148040147E-03,  1.560875608826242E-04
A.D. 2082-Jan-01, -1.493054522193749E+00, -6.158969126820263E-01,  2.351256781019878E-02,  5.853185091762692E-03, -1.173807101052613E-02, -3.890558396018575E-04
A.D. 2082-Jul-01,  6.854892365119405E-01, -1.226642626977970E+00, -4.245774613201551E-02,  1.273801813199486E-02,  8.030467478987873E-03, -1.423646064052368E-04
A.D. 2083-Jan-01,  9.098455802776048E-01,  1.161956996934464E+00,  2.175072006239504E-03, -1.049247719192155E-02,  9.824435179998533E-03,  4.621028969590697E-04
A.D. 2083-Jul-01, -1.268018655442602E+00,  1.068555997447676E+00,  5.335264428902959E-02, -8.495767388445874E-03, -9.503817670752843E-03,  7.920775887824269E-06
A.D. 2084-Jan-01, -1.148320011332016E+00, -1.068741003211259E+00,  5.598775160022329E-03,  1.005438914635883E-02, -9.043259770044516E-03, -4.349984793885751E-04
A.D. 2084-Jul-01,  1.155772548912203E+00, -7.582694335216371E-01, -4.410212527920818E-02,  8.203837731354821E-03,  1.289995028036934E-02,  7.044112470802391E-05
A.D. 2085-Jan-01,  3.839774403980835E-01,  1.483994568942629E+00,  2.176018725407068E-02, -1.302356122501623E-02,  4.697021132765528E-03,  4.162328804201283E-04
A.D. 2085-Jul-01, -1.556091098122468E+00,  5.928840481552407E-01,  5.039092777079120E-02, -4.464804916012537E-03, -1.187760698967335E-02, -1.402669936901560E-04
A.D. 2086-Jan-01, -6.304100439154211E-01, -1.375261432187811E+00, -1.347503223104443E-02,  1.324338247803128E-02, -4.625721215809910E-03, -4.200437553315595E-04
A.D. 2086-Jul-01,  1.378529446759178E+00, -1.449686535789323E-01, -3.666229615258095E-02,  1.994674161896343E-03,  1.511806260547264E-02,  2.685078922825236E-04
A.D. 2087-Jan-01, -1.911832849744864E-01,  1.573650487180078E+00,  3.767585487165803E-02, -1.336680867949732E-02, -4.952891900515489E-04,  3.156092388770840E-04
A.D. 2087-Jul-01, -1.652718491863402E+00,  5.678896606281427E-02,  4.149777865063671E-02,  3.493338653419688E-05, -1.278658954168209E-02, -2.691131290977470E-04
A.D. 2088-Jan-01, -2.535361035872851E-02, -1.457633821661159E+00, -2.996313526842791E-02,  1.451243007910587E-02,  9.637829027550733E-04, -3.337081119775579E-04
A.D. 2088-Jul-01,  1.320133278762365E+00,  5.121483674693648E-01, -2.145034445206056E-02, -4.533246827752162E-03,  1.424722847085576E-02,  4.094651346076673E-04
A.D. 2089-Jan-01, -7.531094575137577E-01,  1.443469207925429E+00,  4.864964417499455E-02, -1.188423301365155E-02, -5.278006359590718E-03,  1.790927845546095E-04
A.D. 2089-Jul-01, -1.545915233779336E+00, -4.977883323584478E-01,  2.725701131303000E-02,  4.805458159177763E-03, -1.212098419445772E-02, -3.714747044088019E-04
A.D. 2090-Jan-01,  5.957895203840801E-01, -1.279075955778146E+00, -4.135935407613936E-02,  1.320663566644183E-02,  7.112592412432500E-03, -1.728321114775961E-04
A.D. 2090-Jul-01,  1.009696188126975E+00,  1.059198821276020E+00, -2.401494758334175E-03, -9.604274144356263E-03,  1.085200670275908E-02,  4.618276218692275E-04
A.D. 2091-Jan-01, -1.207472336037471E+00,  1.132210721856753E+00,  5.319049453022397E-02, -9.052241696247229E-03, -9.011458276718893E-03,  3.167711640472079E-05
A.D. 2091-Jul-01, -1.243566711751692E+00, -9.755046636010597E-01,  9.855717513251009E-03,  9.155188372599465E-03, -9.809243317235674E-03, -4.289903260654067E-04
A.D. 2092-Jan-01,  1.086784608958592E+00, -8.576398687151836E-01, -4.448552604527520E-02,  9.195140027531695E-03,  1.218648848650581E-02,  3.149192514692435E-05
A.D. 2092-Jul-01,  5.111554142516245E-01,  1.431450363388589E+00,  1.757010305569180E-02, -1.265465061449525E-02,  5.898653810178590E-03,  4.322358192746617E-04
A.D. 2093-Jan-01, -1.522920936815639E+00,  6.736147227176684E-01,  5.125507363721910E-02, -5.143503149119001E-03, -1.159998048999297E-02, -1.179898400002731E-04
A.D. 2093-Jul-01, -7.584890419117840E-01, -1.324147677058850E+00, -9.292594978381100E-03,  1.266239721731048E-02, -5.752144644717142E-03, -4.293436963883059E-04
A.D. 2094-Jan-01,  1.361139810566331E+00, -2.492911740368905E-01, -3.840957891727353E-02,  3.049259335734149E-03,  1.496545008551866E-02,  2.396607544746328E-04
A.D. 2094-Jul-01, -5.805167959208216E-02,  1.572669319664892E+00,  3.441055437268922E-02, -1.346020494247609E-02,  6.764458516753518E-04,  3.422948772328757E-04
A.D. 2095-Jan-01, -1.650278325515880E+00,  1.449307817505134E-01,  4.326720546724397E-02, -7.078071933532225E-04, -1.274170070470493E-02, -2.500721146371937E-04
A.D. 2095-Jul-01, -1.682177329337816E-01, -1.460335276465775E+00, -2.653639780064593E-02,  1.442393071397084E-02, -3.963938696532174E-04, -3.598937728554058E-04
A.D. 2096-Jan-01,  1.351837137566738E+00,  3.981743275209534E-01, -2.459573568613586E-02, -3.424743624021317E-03,  1.462179637700189E-02,  3.902288763182930E-04
A.D. 2096-Jul-01, -6.326749910956250E-01,  1.491009037072017E+00,  4.669647661086780E-02, -1.235912124574851E-02, -4.272122211525971E-03,  2.115592911104307E-04
A.D. 2097-Jan-01, -1.576794465970618E+00, -4.127710647442910E-01,  2.976226754334972E-02,  4.060453721085024E-03, -1.233713547593598E-02, -3.577724504135614E-04
A.D. 2097-Jul-01,  4.616997036897906E-01, -1.342714015791054E+00, -3.941895878423500E-02,  1.375700355699792E-02,  5.757579330082756E-03, -2.144128465611093E-04
A.D. 2098-Jan-01,  1.073332987543522E+00,  9.823379201943204E-01, -5.539895780049768E-03, -8.920210286836532E-03,  1.152194542603524E-02,  4.590786638737204E-04
A.D. 2098-Jul-01, -1.114158540608764E+00,  1.217943820692107E+00,  5.269894126575363E-02, -9.803681083376609E-03, -8.248584712672456E-03,  6.577061735024223E-05
A.D. 2099-Jan-01, -1.305167088994132E+00, -9.057185911536706E-01,  1.279019090967705E-02,  8.494458214541577E-03, -1.029457793985408E-02, -4.229678042104521E-04
A.D. 2099-Jul-01,  9.889985728978925E-01, -9.743454958248466E-01, -4.453988412388219E-02,  1.034409759487351E-02,  1.117403513538649E-02, -1.751523989946395E-05
A.D. 2100-Jan-01,  6.096558113756266E-01,  1.380752238920990E+00,  1.412357790124367E-02, -1.227876184501877E-02,  6.849367669605269E-03,  4.428678454624376E-04
