julian, epoch, x, y, z, vx, vy, vz, LT, RG, RR
2433282.500000000, A.D. 1950-Jan-01,  3.219887217490005E-01,  1.037140397590290E-01, -2.139170756497064E-02, -1.486975550557292E-02,  2.841547857809236E-02,  3.707270807514691E-03,  1.957644667773233E-03,  3.389556669082816E-01, -5.664794937438097E-03

2433463.500000000, A.D. 1950-Jul-01,  2.175369737355382E-01,  2.299214630571750E-01, -1.341610163105876E-03, -2.667159752583164E-02,  2.018012387448414E-02,  4.160736656754671E-03,  1.828095377945353E-03,  3.165249027078246E-01, -3.689431956726428E-03

2433647.500000000, A.D. 1951-Jan-01, -3.628144977149051E-02,  3.047892398222262E-01,  2.846390097992490E-02, -3.298967175356080E-02, -2.877496190885258E-03,  2.825662499264172E-03,  1.780349949059942E-03,  3.082580379615861E-01,  1.298628325549565E-03

2433828.500000000, A.D. 1951-Jul-01, -1.928249812245355E-01,  2.567576859418570E-01,  3.893503221422059E-02, -2.721843325878841E-02, -1.573093267715532E-02,  1.191163958277997E-03,  1.868109411155796E-03,  3.234531177898617E-01,  3.882275199144608E-03

2434012.500000000, A.D. 1952-Jan-01, -3.534499986683415E-01,  8.292124273947926E-02,  3.914742076135657E-02, -1.204551702642724E-02, -2.504334461793023E-02, -1.000140902033779E-03,  2.108937099375577E-03,  3.651511394044621E-01,  5.865269339317416E-03

2434194.500000000, A.D. 1952-Jul-01, -3.924018697771127E-01, -7.454386104513049E-02,  2.970589229618571E-02, -1.284725102627808E-03, -2.567790822175553E-02, -1.984790367679474E-03,  2.313226350631155E-03,  4.005227267724048E-01,  5.890549594906683E-03

2434378.500000000, A.D. 1953-Jan-01, -3.505050215879946E-01, -2.690244642579537E-01,  1.022595033345186E-02,  1.090286447480267E-02, -2.178986582422173E-02, -2.712768925259280E-03,  2.552573309266884E-03,  4.419643680070847E-01,  4.554117338197178E-03

2434559.500000000, A.D. 1953-Jul-01, -2.788183298207969E-01, -3.653581706494344E-01, -4.015450311212615E-03,  1.697975193142640E-02, -1.672149214610808E-02, -2.874399867715865E-03,  2.654492424500910E-03,  4.596111157767638E-01,  3.016919454263222E-03

2434743.500000000, A.D. 1954-Jan-01, -1.160143514985239E-01, -4.556234185009380E-01, -2.632289676531928E-02,  2.271819822524947E-02, -5.434471547965392E-03, -2.576780719294177E-03,  2.719680017317712E-03,  4.708979975899468E-01, -1.948111852159456E-04

2434924.500000000, A.D. 1954-Jul-01, -6.540371220052975E-04, -4.649504610130833E-01, -3.788806084489312E-02,  2.311641698696348E-02,  2.144486423728091E-03, -2.017699697480301E-03,  2.694233580636027E-03,  4.664920836578280E-01, -2.005933755496311E-03

2435108.500000000, A.D. 1955-Jan-01,  1.737096093513470E-01, -4.041608451140806E-01, -4.923155057906605E-02,  1.935524051563803E-02,  1.293486630615739E-02, -7.243267858465099E-04,  2.556570636889645E-03,  4.426564838300062E-01, -4.133940346327192E-03

2435289.500000000, A.D. 1955-Jul-01,  2.636775349639256E-01, -3.240641788107976E-01, -5.087609748555831E-02,  1.520079991674831E-02,  1.873464247872722E-02,  1.816686556157053E-04,  2.430744148631413E-03,  4.208703027398452E-01, -4.923986457102812E-03

2435473.500000000, A.D. 1956-Jan-01,  3.498241089920066E-01, -1.393777557034708E-01, -4.332668095414654E-02,  5.025557476986832E-03,  2.637469874991271E-02,  1.738521219316738E-03,  2.189220621111664E-03,  3.790518002852514E-01, -5.258673102843042E-03

2435655.500000000, A.D. 1956-Jul-01,  3.437817650895664E-01,  3.220294258924278E-02, -2.870055495980492E-02, -7.302056237469620E-03,  2.896429063329087E-02,  3.014707050385863E-03,  2.001087114076612E-03,  3.464774933159506E-01, -4.802915604011260E-03

2435839.500000000, A.D. 1957-Jan-01,  2.025276403396450E-01,  2.414298362661431E-01,  1.013716410388821E-03, -2.708912816575628E-02,  2.008097939124136E-02,  4.063526837837030E-03,  1.820038373919094E-03,  3.151298757052431E-01, -2.011965303255178E-03

2436020.500000000, A.D. 1957-Jul-01,  4.458661019696474E-02,  3.068328596063163E-01,  2.070060819834308E-02, -3.414825712725912E-02,  5.739601923504184E-03,  3.577700295338051E-03,  1.794717437087983E-03,  3.107456913986529E-01,  1.005980203328803E-03

2436204.500000000, A.D. 1958-Jan-01, -2.175454290761615E-01,  2.515841374789954E-01,  4.041220764636297E-02, -2.789648396981290E-02, -1.794602596773111E-02,  1.160388297321272E-03,  1.935046355859353E-03,  3.350428904928950E-01,  4.777629995756102E-03

2436385.500000000, A.D. 1958-Jul-01, -3.310532000591859E-01,  1.397441705267897E-01,  4.193426446122226E-02, -1.700657203745665E-02, -2.581810555770070E-02, -4.816666776986957E-04,  2.089453999943564E-03,  3.617777453099507E-01,  5.533651633942199E-03

2436569.500000000, A.D. 1959-Jan-01, -3.959038599775486E-01, -7.833939897134468E-02,  3.024083904299845E-02,  4.443742552031418E-04, -2.662810370477375E-02, -2.240479733830418E-03,  2.337418957552481E-03,  4.047115468112301E-01,  4.552245135023294E-03

2436750.500000000, A.D. 1959-Jul-01, -3.744024740561255E-01, -2.049348148106673E-01,  1.777084607165051E-02,  8.354685803426335E-03, -2.287783790286451E-02, -2.699422703277501E-03,  2.467243660938310E-03,  4.271899973910117E-01,  3.540530965197073E-03

2436934.500000000, A.D. 1960-Jan-01, -2.734227841130862E-01, -3.590581999049812E-01, -4.446160680846649E-03,  1.594667262492686E-02, -1.486991046827159E-02, -2.703160762297753E-03,  2.606689061169699E-03,  4.513342199921880E-01,  2.195708417923378E-03

2437116.500000000, A.D. 1960-Jul-01, -1.634332028519055E-01, -4.311754751122718E-01, -2.039014599940205E-02,  1.957572937839253E-02, -8.628514964826136E-03, -2.458285162524847E-03,  2.665753412608285E-03,  4.615608954261641E-01,  1.237549991846838E-03

2437300.500000000, A.D. 1961-Jan-01,  9.607911212515689E-03, -4.617311039828742E-01, -3.839595723319524E-02,  2.265975033548953E-02,  1.181159427850006E-03, -1.934123821825747E-03,  2.676516113444664E-03,  4.634243993090617E-01, -5.468047045237368E-04

2437481.500000000, A.D. 1961-Jul-01,  1.233636082886484E-01, -4.354245289380090E-01, -4.660619865884805E-02,  2.232239547715860E-02,  8.688314216352758E-03, -1.339860653814334E-03,  2.627608470295334E-03,  4.549563034010081E-01, -2.125232806266308E-03

2437665.500000000, A.D. 1962-Jan-01,  2.818465044236720E-01, -3.149124443888686E-01, -5.159752681319413E-02,  1.606174674949614E-02,  2.102060808344709E-02,  1.720031351301970E-04,  2.458971301740024E-03,  4.257576827962751E-01, -4.936091394497303E-03

2437846.500000000, A.D. 1962-Jul-01,  3.442900870483084E-01, -1.948661111154000E-01, -4.773995157847628E-02,  8.270835818939800E-03,  2.678379834632192E-02,  1.378962817849634E-03,  2.301437660452392E-03,  3.984815783416926E-01, -6.117019182864972E-03

2438030.500000000, A.D. 1963-Jan-01,  3.452353637292433E-01,  3.626952154987292E-02, -2.895205958987097E-02, -9.111109688874016E-03,  2.900766369691465E-02,  3.254187045538778E-03,  2.011847377539391E-03,  3.483405751806916E-01, -6.280056809267806E-03

2438211.500000000, A.D. 1963-Jul-01,  2.702354748547847E-01,  1.742907628335759E-01, -1.058512852857043E-02, -2.100818782822315E-02,  2.406188193893384E-02,  3.962918734745897E-03,  1.858214363456610E-03,  3.217398433906922E-01, -4.740916895249110E-03

2438395.500000000, A.D. 1964-Jan-01,  4.417141673683744E-02,  2.993519119306330E-01,  2.065727680951375E-02, -3.245092847823308E-02,  4.746083492217919E-03,  3.365505379839253E-03,  1.751700564496505E-03,  3.032975507950068E-01,  1.874985747649299E-04

2438577.500000000, A.D. 1964-Jul-01, -1.502026467276145E-01,  2.761956024834198E-01,  3.646872131932733E-02, -2.939821588500398E-02, -1.176287957427500E-02,  1.678994741634587E-03,  1.827974941685422E-03,  3.165040498158382E-01,  3.880092580440767E-03

2438761.500000000, A.D. 1965-Jan-01, -3.358233679552267E-01,  1.207000487491347E-01,  4.045989651151401E-02, -1.566800265880860E-02, -2.439425541441397E-02, -5.816078928129204E-04,  2.074230105378886E-03,  3.591418096776780E-01,  6.386785796950386E-03

2438942.500000000, A.D. 1965-Jul-01, -3.884903710775777E-01, -1.120243169053815E-02,  3.452153039109153E-02, -5.836758764652305E-03, -2.669532813226765E-02, -1.617883856551428E-03,  2.253503336762069E-03,  3.901820074738433E-01,  6.434754277267444E-03

2439126.500000000, A.D. 1966-Jan-01, -3.750832808914233E-01, -2.197552233829830E-01,  1.662072044023108E-02,  8.403528651253673E-03, -2.406616299785961E-02, -2.673452378635260E-03,  2.512556752326937E-03,  4.350357159548299E-01,  4.809276909140675E-03

2439307.500000000, A.D. 1966-Jul-01, -3.147096586167853E-01, -3.278815692961350E-01,  2.400934178607534E-03,  1.529883983973264E-02, -1.907106214177749E-02, -2.938211676507547E-03,  2.624871466102213E-03,  4.544824058153624E-01,  3.149302698723937E-03

2439491.500000000, A.D. 1967-Jan-01, -1.634059689087974E-01, -4.380137597272200E-01, -2.065093905838587E-02,  2.153497902538833E-02, -7.961161090242029E-03, -2.692231210093821E-03,  2.702695909225352E-03,  4.679572904329955E-01,  5.075482526516311E-05

2439672.500000000, A.D. 1967-Jul-01, -5.233847239035801E-02, -4.618890208708891E-01, -3.302596715288206E-02,  2.239153685870026E-02, -8.584046827827907E-04, -2.188365261194505E-03,  2.691487579175833E-03,  4.660166282436798E-01, -1.508912372141426E-03

2439856.500000000, A.D. 1968-Jan-01,  1.227530673569147E-01, -4.284749297669629E-01, -4.650797566351512E-02,  2.029936339677833E-02,  9.195004077920997E-03, -1.083758530838998E-03,  2.588193184880861E-03,  4.481317582861687E-01, -3.118761754611104E-03

2440038.500000000, A.D. 1968-Jul-01,  2.382996848121598E-01, -3.503038156024072E-01, -5.050320961605386E-02,  1.694917334853027E-02,  1.634299071216869E-02, -1.543695041734962E-04,  2.464259277909824E-03,  4.266732674877852E-01, -3.933298170986108E-03

2440222.500000000, A.D. 1969-Jan-01,  3.437414816412979E-01, -1.782232944303807E-01, -4.585378462838643E-02,  8.096581763572270E-03,  2.577421592431187E-02,  1.363218246006670E-03,  2.251891694639512E-03,  3.899029602905310E-01, -4.803614151092556E-03

2440403.500000000, A.D. 1969-Jul-01,  3.591913084431604E-01, -3.647518714435405E-02, -3.578035550726681E-02, -1.823332425679494E-03,  2.955749239108160E-02,  2.532349289745188E-03,  2.095399672636286E-03,  3.628072066243332E-01, -5.026494928291558E-03

2440587.500000000, A.D. 1970-Jan-01,  2.609924190416004E-01,  1.933939612036837E-01, -8.380645958734004E-03, -2.266216868551456E-02,  2.485317253316466E-02,  4.062905416758044E-03,  1.876719132156877E-03,  3.249438447700216E-01, -3.515224342729256E-03

2440768.500000000, A.D. 1970-Jul-01,  1.195922953142926E-01,  2.888294459000416E-01,  1.232128588515044E-02, -3.263522101820816E-02,  1.237248513010255E-02,  4.011218632746464E-03,  1.806884363411608E-03,  3.128523293877314E-01, -8.948617839883672E-04

2440952.500000000, A.D. 1971-Jan-01, -1.514926259617675E-01,  2.844567484383587E-01,  3.715446570820899E-02, -3.115549806980614E-02, -1.296006084195322E-02,  1.872062932411814E-03,  1.873673854929423E-03,  3.244165713630828E-01,  3.399354547360826E-03

2441133.500000000, A.D. 1971-Jul-01, -2.857591357855220E-01,  1.923767665720125E-01,  4.216895346695822E-02, -2.135869869865643E-02, -2.308759475907681E-02,  1.209668063283025E-04,  2.004407134485687E-03,  3.470523370301510E-01,  4.803389344234710E-03

2441317.500000000, A.D. 1972-Jan-01, -3.870500409321174E-01, -1.563041492669801E-02,  3.445579242902934E-02, -3.951634872516530E-03, -2.655105307154012E-02, -1.857138562475078E-03,  2.246069642087312E-03,  3.888949031399702E-01,  4.835484392830540E-03

2441499.500000000, A.D. 1972-Jul-01, -3.813232516777465E-01, -1.698471885623245E-01,  2.105841195196048E-02,  5.687523108577302E-03, -2.341092140578400E-02, -2.497670062686554E-03,  2.413993573492129E-03,  4.179700305602715E-01,  4.198620195850962E-03

2441683.500000000, A.D. 1973-Jan-01, -2.976843676328138E-01, -3.351985295510014E-01, -2.832670338349948E-04,  1.430178894702659E-02, -1.705654310411895E-02, -2.681622677707281E-03,  2.589172772986813E-03,  4.483013687089459E-01,  3.258229588989876E-03

2441864.500000000, A.D. 1973-Jul-01, -2.124125160907092E-01, -4.088500746962263E-01, -1.397369574545248E-02,  1.849894747238158E-02, -1.206736290594268E-02, -2.620868254497941E-03,  2.662211531636258E-03,  4.609476377462867E-01,  2.258298726748068E-03

2442048.500000000, A.D. 1974-Jan-01, -4.205793559256622E-02, -4.654429400493021E-01, -3.388529967966717E-02,  2.307791356774017E-02, -1.802060271189384E-03, -2.241909454165616E-03,  2.706212247046618E-03,  4.685661254534171E-01, -1.192689674509378E-04

2442229.500000000, A.D. 1974-Jul-01,  7.453143952139138E-02, -4.541871832231242E-01, -4.368435329560374E-02,  2.324636189464440E-02,  5.963245073885931E-03, -1.678168254516634E-03,  2.670196806189510E-03,  4.623302451756123E-01, -1.952143477162660E-03

2442413.500000000, A.D. 1975-Jan-01,  2.437440726478602E-01, -3.562820737884344E-01, -5.160094997464689E-02,  1.786069033137787E-02,  1.822299581855949E-02, -2.139756133294275E-04,  2.510927747661100E-03,  4.347536625403388E-01, -4.894836266239351E-03

2442594.500000000, A.D. 1975-Jul-01,  3.190892174640650E-01, -2.502174670983010E-01, -5.000452482400224E-02,  1.130404411555854E-02,  2.412322743064034E-02,  9.118957626535261E-04,  2.359687389482471E-03,  4.085672062779794E-01, -6.056906063907279E-03

2442778.500000000, A.D. 1976-Jan-01,  3.555684662461305E-01, -3.344413824368282E-02, -3.546920159482513E-02, -3.416010211806384E-03,  2.849081140609688E-02,  2.705719873487003E-03,  2.072803748838031E-03,  3.588948436983492E-01, -6.306710476419032E-03

2442960.500000000, A.D. 1976-Jul-01,  2.950453091902677E-01,  1.361602711751690E-01, -1.578561286481351E-02, -1.693895245793364E-02,  2.570863595543448E-02,  3.703684160568055E-03,  1.878957639083288E-03,  3.253314302295338E-01, -4.781980472373239E-03

2443144.500000000, A.D. 1977-Jan-01,  9.174174812998152E-02,  2.890247178497506E-01,  1.537196717501984E-02, -3.139899315379713E-02,  9.635919307276235E-03,  3.622652600947208E-03,  1.753591683266982E-03,  3.036249878598644E-01, -1.313869647393566E-04

2443325.500000000, A.D. 1977-Jul-01, -7.433461621771181E-02,  2.995379556488847E-01,  3.127733342556251E-02, -3.230544003526976E-02, -5.029612813832996E-03,  2.487986352955943E-03,  1.791592351632635E-03,  3.102045996254110E-01,  3.135576089778535E-03

2443509.500000000, A.D. 1978-Jan-01, -2.963263263545690E-01,  1.791566013537361E-01,  4.156904645829302E-02, -2.098827942836174E-02, -2.251149318122588E-02,  9.168130152874755E-05,  2.014276625212218E-03,  3.487611863766777E-01,  6.279678816324950E-03

2443690.500000000, A.D. 1978-Jul-01, -3.742344161209167E-01,  5.151929829613469E-02,  3.839718130561796E-02, -1.045895093872737E-02, -2.704609560374992E-02, -1.196151879780711E-03,  2.193024314770453E-03,  3.797103894266077E-01,  6.517532148058129E-03

2443874.500000000, A.D. 1979-Jan-01, -3.911615383360912E-01, -1.662216860935788E-01,  2.255935678722505E-02,  5.556412246103045E-03, -2.575420015838166E-02, -2.568804109234362E-03,  2.458132269487102E-03,  4.256124088650411E-01,  4.815417035304828E-03

2444055.500000000, A.D. 1979-Jul-01, -3.442380689956560E-01, -2.839989868598397E-01,  8.696452238199823E-03,  1.309129573207022E-02, -2.100516872697664E-02, -2.925531471902808E-03,  2.577919289126186E-03,  4.463528883795922E-01,  3.211545318569998E-03

2444239.500000000, A.D. 1980-Jan-01, -2.087548679651317E-01, -4.126031098923217E-01, -1.455478839016773E-02,  1.979992546402458E-02, -1.054326006406075E-02, -2.747278100480612E-03,  2.671960792241737E-03,  4.626356698926678E-01,  5.551606436531518E-04

2444421.500000000, A.D. 1980-Jul-01, -8.281048483364498E-02, -4.548194026595337E-01, -2.979362876735581E-02,  2.132628662200504E-02, -2.871547178073175E-03, -2.218458487072780E-03,  2.675542299687814E-03,  4.632557886838388E-01, -8.503052604029102E-04

2444605.500000000, A.D. 1981-Jan-01,  9.058928213604574E-02, -4.402859792972442E-01, -4.437835703189152E-02,  2.096864492177731E-02,  6.549921432281277E-03, -1.327295651975119E-03,  2.608767811768387E-03,  4.516941445010191E-01, -2.048733401214605E-03

2444786.500000000, A.D. 1981-Jul-01,  1.941723794481841E-01, -3.892311075841343E-01, -4.949970615358638E-02,  1.930693401506419E-02,  1.304521736165832E-02, -6.459365681998378E-04,  2.528423965122427E-03,  4.377830386858689E-01, -2.962100629509971E-03

2444970.500000000, A.D. 1982-Jan-01,  3.246294407498541E-01, -2.382327922038441E-01, -4.901749076227593E-02,  1.201225083782593E-02,  2.402873210345654E-02,  8.299078117810809E-04,  2.342767316052144E-03,  4.056375863790643E-01, -4.599134132625356E-03

2445151.500000000, A.D. 1982-Jul-01,  3.620915582797412E-01, -1.031181791955825E-01, -4.159099181461414E-02,  2.925439503969985E-03,  2.913509713053304E-02,  2.045413460095745E-03,  2.187644564168032E-03,  3.787789144846724E-01, -5.359728102552281E-03

2445335.500000000, A.D. 1983-Jan-01,  3.059601549440338E-01,  1.356488171336024E-01, -1.728190507945456E-02, -1.751437298865839E-02,  2.788887149469912E-02,  3.865605581664628E-03,  1.935538819580764E-03,  3.351281579430441E-01, -4.900850118737599E-03

2445516.500000000, A.D. 1983-Jul-01,  1.877316296304170E-01,  2.542248383847690E-01,  3.283636751909107E-03, -2.922265851117286E-02,  1.809395816139811E-02,  4.195442151112877E-03,  1.825321621128768E-03,  3.160446416026895E-01, -2.760076559602460E-03

2445700.500000000, A.D. 1984-Jan-01, -7.733119086790240E-02,  3.029707026960240E-01,  3.198219374572660E-02, -3.304009776085155E-02, -6.684225037367453E-03,  2.547337655905524E-03,  1.815334812205841E-03,  3.143154792401413E-01,  1.945100500980569E-03

2445882.500000000, A.D. 1984-Jul-01, -2.527377768947346E-01,  2.179380428099486E-01,  4.128248402595687E-02, -2.339786965558856E-02, -2.048213534880003E-02,  4.739259370397286E-04,  1.942134450676295E-03,  3.362701560663345E-01,  4.369266447706343E-03

2446066.500000000, A.D. 1985-Jan-01, -3.759410559353600E-01,  2.249463569503075E-02,  3.635031159377240E-02, -7.103689070533365E-03, -2.586653027184753E-02, -1.528561394240765E-03,  2.185246041471700E-03,  3.783636231534553E-01,  5.373525327665115E-03

2446247.500000000, A.D. 1985-Jul-01, -3.899053595804860E-01, -1.085627442701481E-01,  2.672783132633592E-02,  1.387525834799048E-03, -2.478368649340019E-02, -2.196454818003946E-03,  2.342657568562023E-03,  4.056185841902004E-01,  5.154780542397494E-03

2446431.500000000, A.D. 1986-Jan-01, -3.331615654656664E-01, -2.920642970195267E-01,  6.556496979012203E-03,  1.191383810157420E-02, -2.004206325925022E-02, -2.679314312485626E-03,  2.559155373360968E-03,  4.431040170768932E-01,  4.212941376898539E-03

2446612.500000000, A.D. 1986-Jul-01, -2.573500777661626E-01, -3.806423830693740E-01, -7.428153435255535E-03,  1.728193614849556E-02, -1.522598540700184E-02, -2.762359081169020E-03,  2.654055628901376E-03,  4.595354869631286E-01,  2.978370602624457E-03

2446796.500000000, A.D. 1987-Jan-01, -9.226297906568784E-02, -4.611099395565306E-01, -2.891387847889017E-02,  2.298545044825128E-02, -4.522706475542189E-03, -2.487174207048659E-03,  2.721065119710089E-03,  4.711378206348912E-01,  7.783843117453650E-05

2446977.500000000, A.D. 1987-Jul-01,  2.455398545181585E-02, -4.643203100074080E-01, -4.001288029643640E-02,  2.352178520850654E-02,  3.272072711557475E-03, -1.947446454048663E-03,  2.695362560418898E-03,  4.666875604476301E-01, -1.850945633324001E-03

2447161.500000000, A.D. 1988-Jan-01,  1.997627911342926E-01, -3.904243886205057E-01, -5.045125539037169E-02,  1.913486960155106E-02,  1.502952329529569E-02, -5.701400768432142E-04,  2.549626133969433E-03,  4.414540804227810E-01, -4.568296661048881E-03

2447343.500000000, A.D. 1988-Jul-01,  2.988659515487967E-01, -2.788404145934638E-01, -5.046490920944344E-02,  1.267450952502767E-02,  2.186441881369095E-02,  6.509537548177529E-04,  2.378641043070862E-03,  4.118489296663764E-01, -5.685469624204835E-03

2447527.500000000, A.D. 1989-Jan-01,  3.555173384621845E-01, -7.534495541176790E-02, -3.867886337861998E-02,  2.103309625869688E-04,  2.765203346962885E-02,  2.301208684326336E-03,  2.110756353470100E-03,  3.654661334863994E-01, -5.739719412834752E-03

2447708.500000000, A.D. 1989-Jul-01,  3.294920992657904E-01,  6.882354357067362E-02, -2.436722502478499E-02, -1.063540194509102E-02,  2.788782058581429E-02,  3.275015412167948E-03,  1.949145328288433E-03,  3.374840518952124E-01, -4.932811806672944E-03

2447892.500000000, A.D. 1990-Jan-01,  1.666944830433544E-01,  2.601458577668970E-01,  6.027410390944958E-03, -2.863549762492102E-02,  1.671818434250145E-02,  3.929371836891118E-03,  1.784805689813489E-03,  3.090295255576506E-01, -1.296086934825850E-03

2448073.500000000, A.D. 1990-Jul-01,  4.660801139386140E-03,  3.075981981685003E-01,  2.455891782574373E-02, -3.372871974939775E-02,  2.182978385086782E-03,  3.215429413962739E-03,  1.782395652707633E-03,  3.086122405682258E-01,  1.922298441938461E-03

2448257.500000000, A.D. 1991-Jan-01, -2.460040789376483E-01,  2.299693922776102E-01,  4.112780420255422E-02, -2.585411031269629E-02, -1.956242286150407E-02,  8.095448224606962E-04,  1.959385979897041E-03,  3.392571657563296E-01,  5.585004797221411E-03

2448438.500000000, A.D. 1991-Jul-01, -3.484944016347186E-01,  1.117562671665479E-01,  4.105961268195549E-02, -1.506054091979481E-02, -2.645002112261750E-02, -7.110640438594904E-04,  2.126957272501481E-03,  3.682712356610729E-01,  6.145911859510771E-03

2448622.500000000, A.D. 1992-Jan-01, -3.978563046454530E-01, -1.088188818638241E-01,  2.790626267739016E-02,  2.237613542574970E-03, -2.677690204238753E-02, -2.376949804484295E-03,  2.387671839172563E-03,  4.134125635401613E-01,  4.734379822376180E-03

2448804.500000000, A.D. 1992-Jul-01, -3.559946356477200E-01, -2.559547846608551E-01,  1.195929443441649E-02,  1.152436479557171E-02, -2.142664105817756E-02, -2.859277332088345E-03,  2.533261489522992E-03,  4.386206300712572E-01,  3.072003959041579E-03

2448988.500000000, A.D. 1993-Jan-01, -2.337144181743314E-01, -3.927105791149064E-01, -1.082764294233977E-02,  1.808091970082411E-02, -1.210162957650821E-02, -2.693842948195226E-03,  2.640121185555093E-03,  4.571228128884164E-01,  1.215940848288367E-03

2449169.500000000, A.D. 1993-Jul-01, -1.350978950789838E-01, -4.409069056869362E-01, -2.388668171367950E-02,  2.021299315515225E-02, -6.371176582473660E-03, -2.369217198571337E-03,  2.666894693818437E-03,  4.617585021420739E-01,  2.922645940753670E-04

2449353.500000000, A.D. 1994-Jan-01,  3.735874737079241E-02, -4.551164277857404E-01, -4.057713202065791E-02,  2.186933721800686E-02,  2.958862416583577E-03, -1.697856469122794E-03,  2.647765844279407E-03,  4.584464445151578E-01, -1.004962975420911E-03

2449534.500000000, A.D. 1994-Jul-01,  1.472970449965322E-01, -4.209120875222657E-01, -4.768227181703186E-02,  2.123063249632228E-02,  9.921946826114721E-03, -1.097355353570293E-03,  2.590221804860476E-03,  4.484830029473750E-01, -2.222455517711978E-03

2449718.500000000, A.D. 1995-Jan-01,  2.975973529463313E-01, -2.914734189449527E-01, -5.096105925028897E-02,  1.508533462319402E-02,  2.194204267529863E-02,  3.528574217127571E-04,  2.423777779411499E-03,  4.196641133001899E-01, -4.584972772336176E-03

2449899.500000000, A.D. 1995-Jul-01,  3.532822490831617E-01, -1.659659661565611E-01, -4.603650097971346E-02,  6.907732495391194E-03,  2.780675420984451E-02,  1.569899750108861E-03,  2.269950705767663E-03,  3.930297811387746E-01, -5.716788791302355E-03

2450083.500000000, A.D. 1996-Jan-01,  3.366402354851789E-01,  7.126040415011059E-02, -2.535351549119169E-02, -1.201546947810948E-02,  2.927255779639201E-02,  3.506225871486485E-03,  1.992742098142972E-03,  3.450325985974598E-01, -5.935124204988136E-03

2450265.500000000, A.D. 1996-Jul-01,  2.205892625379152E-01,  2.268147803380413E-01, -1.808192656354747E-03, -2.631947032045525E-02,  2.035595403602460E-02,  4.143741427547419E-03,  1.827363749474001E-03,  3.163982251648984E-01, -3.780849236184100E-03

2450449.500000000, A.D. 1997-Jan-01, -3.149810218265152E-02,  3.045790870858789E-01,  2.803303522517893E-02, -3.293152929863415E-02, -2.403004263629400E-03,  2.848045831323129E-03,  1.775879399162507E-03,  3.074839862417428E-01,  1.252797597105411E-03

2450630.500000000, A.D. 1997-Jul-01, -1.885049065876382E-01,  2.587051376263855E-01,  3.867696949705808E-02, -2.742265078180334E-02, -1.531571616127024E-02,  1.232797626045639E-03,  1.862175755747309E-03,  3.224257372037437E-01,  3.891533764399602E-03

2450814.500000000, A.D. 1998-Jan-01, -3.517168851034541E-01,  8.675577670589305E-02,  3.923676847846978E-02, -1.244121281121731E-02, -2.497338239586706E-02, -9.578250001327293E-04,  2.104468087201637E-03,  3.643773539331885E-01,  5.959803618226232E-03

2450995.500000000, A.D. 1998-Jul-01, -3.902526267255480E-01, -4.503507022807723E-02,  3.187316083685312E-02, -3.222583625969088E-03, -2.589330801970809E-02, -1.835428461860613E-03,  2.276324908280854E-03,  3.941334400915122E-01,  6.001083701153023E-03

2451179.500000000, A.D. 1999-Jan-01, -3.622628015747143E-01, -2.444769557002268E-01,  1.321506599243709E-02,  9.394305735135035E-03, -2.271448247852538E-02, -2.651300190837825E-03,  2.525281952984397E-03,  4.372390161483716E-01,  4.836994932060793E-03

2451360.500000000, A.D. 1999-Jul-01, -2.971059563540210E-01, -3.464918036082146E-01, -8.805385905989231E-04,  1.582245828297628E-02, -1.799807626885488E-02, -2.865645989219256E-03,  2.636125840717077E-03,  4.564310403740313E-01,  3.369101756223282E-03

2451544.500000000, A.D. 2000-Jan-01, -1.405960119471500E-01, -4.485487432181387E-01, -2.350726955156868E-02,  2.231153683509213E-02, -7.060643361623695E-03, -2.662599341569832E-03,  2.718274594273008E-03,  4.706546561331195E-01,  1.970022944929675E-04

2451726.500000000, A.D. 2000-Jul-01, -3.102744649609271E-03, -4.646693847950309E-01, -3.769940894807394E-02,  2.300420652941130E-02,  2.035719686348641E-03, -2.013298614681767E-03,  2.692584242626861E-03,  4.662065096340754E-01, -2.019303904460339E-03

2451910.500000000, A.D. 2001-Jan-01,  1.708135060463324E-01, -4.054833565317973E-01, -4.907719330646607E-02,  1.936026271527014E-02,  1.265026961167953E-02, -7.373900610480377E-04,  2.556947773653488E-03,  4.427217830364498E-01, -4.034792198348285E-03

2452091.500000000, A.D. 2001-Jul-01,  2.612280975918430E-01, -3.266417990948121E-01, -5.082765003229286E-02,  1.536215949558997E-02,  1.845019134312700E-02,  1.515644861507761E-04,  2.433395471704917E-03,  4.213293650995077E-01, -4.797386149928370E-03

2452275.500000000, A.D. 2002-Jan-01,  3.494442819686149E-01, -1.434447817855998E-01, -4.357099687883276E-02,  5.383248723764854E-03,  2.631042242148380E-02,  1.696947866950119E-03,  2.196111082164409E-03,  3.802448466331851E-01, -5.172680302263414E-03

2452456.500000000, A.D. 2002-Jul-01,  3.512372774494617E-01, -7.657874540720734E-04, -3.202631170846115E-02, -4.657573320821434E-03,  2.896315583329892E-02,  2.781807442052081E-03,  2.036997527828798E-03,  3.526951887142529E-01, -4.953807373203654E-03

2452640.500000000, A.D. 2003-Jan-01,  2.321192626177984E-01,  2.179009384481775E-01, -3.549340058141662E-03, -2.464884584234863E-02,  2.251431012875192E-02,  4.033996004948141E-03,  1.838872512770657E-03,  3.183909057584328E-01, -2.606546306262275E-03

2452821.500000000, A.D. 2003-Jul-01,  8.256121438014993E-02,  2.988747153975330E-01,  1.660662198225734E-02, -3.332587978357834E-02,  9.280637433733366E-03,  3.779561238376465E-03,  1.793372652694273E-03,  3.105128491987780E-01,  2.740257334268152E-04

2453005.500000000, A.D. 2004-Jan-01, -1.853426911212449E-01,  2.701152690208021E-01,  3.892632098887407E-02, -2.987072149512855E-02, -1.536841925318662E-02,  1.543304038737936E-03,  1.905303407914073E-03,  3.298930586962604E-01,  4.380663117762900E-03

2453187.500000000, A.D. 2004-Jul-01, -3.288234115859379E-01,  1.424073573208910E-01,  4.194391462588785E-02, -1.715993164738819E-02, -2.571998060334876E-02, -4.663023048159473E-04,  2.083705711043772E-03,  3.607824599398906E-01,  5.433507646330047E-03

2453371.500000000, A.D. 2005-Jan-01, -3.952017598388849E-01, -7.504246456898651E-02,  3.038108068497393E-02,  2.318583276759458E-04, -2.655078377843977E-02, -2.223117316019261E-03,  2.329896011937379E-03,  4.034089891560749E-01,  4.544432014582942E-03

2453552.500000000, A.D. 2005-Jul-01, -3.748464185710185E-01, -2.016147893883647E-01,  1.799589566040916E-02,  8.093752087787391E-03, -2.288377329138044E-02, -2.678721008386717E-03,  2.460412925892481E-03,  4.260072922806066E-01,  3.595213494291148E-03

2453736.500000000, A.D. 2006-Jan-01, -2.757255753086835E-01, -3.567072709512744E-01, -4.106744287670118E-03,  1.574510031652291E-02, -1.509595364508414E-02, -2.694948765865897E-03,  2.603993721515543E-03,  4.508675363978368E-01,  2.338995302154424E-03

2453917.500000000, A.D. 2006-Jul-01, -1.856657760617645E-01, -4.208375028605977E-01, -1.757428774045598E-02,  1.898606335573751E-02, -9.896913518503039E-03, -2.513354957173397E-03,  2.658525980565835E-03,  4.603095043599960E-01,  1.486175281163708E-03

2454101.500000000, A.D. 2007-Jan-01, -1.563353046356536E-02, -4.628571038537285E-01, -3.622845540896906E-02,  2.250673686899546E-02, -3.767204408717556E-04, -2.038891029183974E-03,  2.682935633755603E-03,  4.645359047952441E-01, -2.230745792698772E-04

2454282.500000000, A.D. 2007-Jul-01,  9.867245254258981E-02, -4.446851278219934E-01, -4.511205912435219E-02,  2.262997091441806E-02,  7.001943897464440E-03, -1.493409784366191E-03,  2.643624603947635E-03,  4.577294109790973E-01, -1.776889961526257E-03

2454466.500000000, A.D. 2008-Jan-01,  2.635146331422484E-01, -3.372481459856907E-01, -5.168855399909637E-02,  1.735983792716585E-02,  1.950580431008461E-02, -6.695993333293772E-05,  2.489831113703612E-03,  4.311008936031065E-01, -4.639897491053260E-03

2454648.500000000, A.D. 2008-Jul-01,  3.431408036049840E-01, -1.976824490216792E-01, -4.785636354578487E-02,  8.355013754336419E-03,  2.661933368422522E-02,  1.365996648734515E-03,  2.303803465679357E-03,  3.988912048186940E-01, -6.168600718012307E-03

2454832.500000000, A.D. 2009-Jan-01,  3.458578758255332E-01,  3.228219599733679E-02, -2.926958005187672E-02, -8.761814447142066E-03,  2.890700972690789E-02,  3.219650288651393E-03,  2.013300615321556E-03,  3.485921955026728E-01, -6.286424709158440E-03

2455013.500000000, A.D. 2009-Jul-01,  2.727640173307058E-01,  1.705154756243543E-01, -1.105243622525481E-02, -2.057923620362581E-02,  2.419610752309646E-02,  3.932750243215113E-03,  1.858944517181245E-03,  3.218662655891397E-01, -4.756419025120461E-03

2455197.500000000, A.D. 2010-Jan-01,  4.911997586016546E-02,  2.983796217542776E-01,  2.014410512977530E-02, -3.233213850592950E-02,  5.266964636464166E-03,  3.386028385173341E-03,  1.750362812923665E-03,  3.030659262903179E-01,  1.702915451354549E-04

2455378.500000000, A.D. 2010-Jul-01, -1.155196421999879E-01,  2.882323361036118E-01,  3.430142866196531E-02, -3.071954806662620E-02, -8.949647505355063E-03,  2.030350176924030E-03,  1.804322723576927E-03,  3.124087951995119E-01,  3.325057812533153E-03

2455562.500000000, A.D. 2011-Jan-01, -3.170538822993072E-01,  1.482766548815059E-01,  4.097558896739426E-02, -1.792923760396761E-02, -2.336468445631640E-02, -3.015760452354132E-04,  2.035312077342112E-03,  3.524033620088449E-01,  6.264809355969646E-03

2455743.500000000, A.D. 2011-Jul-01, -3.812297770791921E-01,  1.898834478324372E-02,  3.626321403942848E-02, -8.007347111251987E-03, -2.655089447185397E-02, -1.418089516706553E-03,  2.214455448133468E-03,  3.834210751405396E-01,  6.512571410156710E-03

2455927.500000000, A.D. 2012-Jan-01, -3.836372774207608E-01, -1.928106930694403E-01,  1.951320191666369E-02,  6.669782683384698E-03, -2.490856189706197E-02, -2.580682048460729E-03,  2.482359764806697E-03,  4.298072696427692E-01,  5.103455893201895E-03

2456109.500000000, A.D. 2012-Jul-01, -3.161001375594391E-01, -3.260116118486959E-01,  2.634163113101843E-03,  1.526994322273834E-02, -1.912343098667577E-02, -2.946391735225738E-03,  2.622681932051481E-03,  4.541032997464206E-01,  3.082708562494662E-03

2456293.500000000, A.D. 2013-Jan-01, -1.654861069169413E-01, -4.366184264945555E-01, -2.042080031961458E-02,  2.139327409636549E-02, -8.024862776193525E-03, -2.684833055478760E-03,  2.699326209633837E-03,  4.673738450350002E-01,  3.924000813061568E-05

2456474.500000000, A.D. 2013-Jul-01, -5.497005055255325E-02, -4.611504104416902E-01, -3.278497497166834E-02,  2.224411057900482E-02, -1.020945820961958E-03, -2.181918478864888E-03,  2.688913262356743E-03,  4.655708991036516E-01, -1.461466249800666E-03

2456658.500000000, A.D. 2014-Jan-01,  1.196736941820599E-01, -4.296112779389069E-01, -4.631488379905650E-02,  2.033895274845476E-02,  8.894242108712706E-03, -1.102367269695591E-03,  2.589550185249775E-03,  4.483667156165832E-01, -2.979643780165816E-03

2456839.500000000, A.D. 2014-Jul-01,  2.184483047336437E-01, -3.684782802608157E-01, -5.019730875625569E-02,  1.777093729154156E-02,  1.495355296852402E-02, -3.411758334943876E-04,  2.490954171663617E-03,  4.312953450610637E-01, -3.735032771762094E-03

2457023.500000000, A.D. 2015-Jan-01,  3.342213349700684E-01, -2.070658037707999E-01, -4.731000876451633E-02,  9.866773755897468E-03,  2.460892111311111E-02,  1.117393212430544E-03,  2.287122649689549E-03,  3.960030110614320E-01, -4.673811977811582E-03

2457204.500000000, A.D. 2015-Jul-01,  3.605664370418608E-01, -6.952351002574596E-02, -3.854106761754205E-02,  6.795758236521442E-04,  2.906045057409632E-02,  2.270583122850215E-03,  2.132465656091628E-03,  3.692249827144178E-01, -5.045333003689829E-03

2457388.500000000, A.D. 2016-Jan-01,  2.850156138900805E-01,  1.648675461332607E-01, -1.284488033616480E-02, -1.983496457270038E-02,  2.664987599187705E-02,  3.942854194138294E-03,  1.903120480834429E-03,  3.295150965889009E-01, -3.976207610848851E-03

2457570.500000000, A.D. 2016-Jul-01,  1.234147600074474E-01,  2.874422667026714E-01,  1.189159223743345E-02, -3.252955752165840E-02,  1.263917990990096E-02,  4.027669193549877E-03,  1.807983276905939E-03,  3.130426003610482E-01, -1.065981473503258E-03

2457754.500000000, A.D. 2017-Jan-01, -1.476148920410888E-01,  2.855276831464055E-01,  3.691592300685261E-02, -3.121949543261545E-02, -1.268310940416341E-02,  1.895445905667333E-03,  1.868618947981654E-03,  3.235413413564089E-01,  3.267142725208821E-03

2457935.500000000, A.D. 2017-Jul-01, -2.826258080314219E-01,  1.947520048007166E-01,  4.207167689575923E-02, -2.151312412064009E-02, -2.286123170336749E-02,  1.436819756130055E-04,  1.997158177862301E-03,  3.457972190983231E-01,  4.725134364428774E-03

2458119.500000000, A.D. 2018-Jan-01, -3.858250082593864E-01, -1.202336093401293E-02,  3.456724221240534E-02, -4.244575907364841E-03, -2.644602908127634E-02, -1.828447900237044E-03,  2.238342291162243E-03,  3.875569538025040E-01,  4.882970792871722E-03

2458300.500000000, A.D. 2018-Jul-01, -3.865760474744271E-01, -1.424182688241407E-01,  2.376217117649574E-02,  4.080894739490467E-03, -2.415789625517961E-02, -2.415001253259792E-03,  2.383327976563587E-03,  4.126604470443428E-01,  4.375422806584210E-03

2458484.500000000, A.D. 2019-Jan-01, -3.136937873126322E-01, -3.152829203531101E-01,  2.745665559607710E-03,  1.322751846314508E-02, -1.810486308602659E-02, -2.676970827605200E-03,  2.568740265607432E-03,  4.447635897241294E-01,  3.488175993140072E-03

2458665.500000000, A.D. 2019-Jul-01, -2.331958362809919E-01, -3.949604989208241E-01, -1.101609412414237E-02,  1.767241124452762E-02, -1.330390469642794E-02, -2.648528895092283E-03,  2.649795273079489E-03,  4.587978292192864E-01,  2.533927771201905E-03

2458849.500000000, A.D. 2020-Jan-01, -6.738584903017258E-02, -4.630927237530194E-01, -3.141828117230400E-02,  2.277679412137202E-02, -3.407712914997876E-03, -2.334407553939029E-03,  2.708852518585551E-03,  4.690232742991859E-01,  2.485943125002395E-04

2459031.500000000, A.D. 2020-Jul-01,  7.240281530062224E-02, -4.549867839233472E-01, -4.358685698528528E-02,  2.327817168897484E-02,  5.916412989038208E-03, -1.688519352544755E-03,  2.672729644290195E-03,  4.627687924981787E-01, -2.015882048440442E-03

2459215.500000000, A.D. 2021-Jan-01,  2.416306238157089E-01, -3.579539196661493E-01, -5.156314319342097E-02,  1.784144945334186E-02,  1.805986400952571E-02, -2.187782899495270E-04,  2.512019353877426E-03,  4.349426682976894E-01, -4.925425371008640E-03

2459396.500000000, A.D. 2021-Jul-01,  3.173026275997281E-01, -2.528236806056491E-01, -5.003815324534081E-02,  1.138428463231678E-02,  2.388825976598465E-02,  8.954382076063250E-04,  2.360941103886023E-03,  4.087842801978609E-01, -6.047347033942124E-03

2459580.500000000, A.D. 2022-Jan-01,  3.556249916499695E-01, -3.762455346969499E-02, -3.574534500574210E-02, -3.040025500342835E-03,  2.836139031801401E-02,  2.663854480463583E-03,  2.075673973198462E-03,  3.593918076409288E-01, -6.242251602353715E-03

2459761.500000000, A.D. 2022-Jul-01,  3.128855325744526E-01,  1.057809554575562E-01, -1.988937325633561E-02, -1.428508831932184E-02,  2.678700971770625E-02,  3.554110809024409E-03,  1.911012056706843E-03,  3.308814805945510E-01, -5.158134019113391E-03

2459945.500000000, A.D. 2023-Jan-01,  1.273580585825654E-01,  2.763986169151592E-01,  1.112681091548413E-02, -3.012518557846310E-02,  1.277676763894335E-02,  3.766267939888561E-03,  1.758833348088664E-03,  3.045325539900161E-01, -8.645962180013513E-04

2460126.500000000, A.D. 2023-Jul-01, -3.700601860992838E-02,  3.039219431743255E-01,  2.825889111868803E-02, -3.283337565998267E-02, -1.761542171026127E-03,  2.799515875442671E-03,  1.775786946913605E-03,  3.074679786310668E-01,  2.467809522102910E-03

2460310.500000000, A.D. 2024-Jan-01, -2.717932241133865E-01,  2.040420109635974E-01,  4.132922931159860E-02, -2.322843188667432E-02, -2.086114288127151E-02,  4.188279422117946E-04,  1.977326990577678E-03,  3.423635554604331E-01,  6.058152662774620E-03

2460492.500000000, A.D. 2024-Jul-01, -3.733979874660533E-01,  5.473332581007209E-02,  3.856615818533773E-02, -1.067920977878483E-02, -2.713687632967801E-02, -1.181526199750327E-03,  2.190963585046043E-03,  3.793535851354339E-01,  6.476113882802437E-03

2460676.500000000, A.D. 2025-Jan-01, -3.915349810619850E-01, -1.636007081651654E-01,  2.277098304336090E-02,  5.481712620413134E-03, -2.579679141355942E-02, -2.572282075912358E-03,  2.454312279420550E-03,  4.249509980881486E-01,  4.742941454805700E-03

2460857.500000000, A.D. 2025-Jul-01, -3.451636311781457E-01, -2.816409080402358E-01,  8.912000277148857E-03,  1.299384045014303E-02, -2.101098282053280E-02, -2.924297452797253E-03,  2.573438742005046E-03,  4.455771056941228E-01,  3.156557574408984E-03

2461041.500000000, A.D. 2026-Jan-01, -2.108383615031520E-01, -4.107135145636409E-01, -1.428851288946292E-02,  1.960617421374196E-02, -1.064842918158452E-02, -2.735245790347900E-03,  2.667655382676933E-03,  4.618902113350576E-01,  6.036125362026699E-04

2461222.500000000, A.D. 2026-Jul-01, -1.069264596421903E-01, -4.502757589081050E-01, -2.723163707949407E-02,  2.113574918444701E-02, -4.277335594524923E-03, -2.321988827356896E-03,  2.677518643305212E-03,  4.635979819735114E-01, -5.840377972463160E-04

2461406.500000000, A.D. 2027-Jan-01,  6.646027243242539E-02, -4.472272349107586E-01, -4.278208971571948E-02,  2.116409564047527E-02,  5.124563893486586E-03, -1.462795469361396E-03,  2.622997763405212E-03,  4.541579842501494E-01, -1.811465524509023E-03

2461587.500000000, A.D. 2027-Jul-01,  1.721092471610912E-01, -4.037449407137736E-01, -4.869703150936988E-02,  1.987055836556231E-02,  1.154196405923293E-02, -8.138266302891053E-04,  2.550419267780912E-03,  4.415914072852309E-01, -2.718512618191184E-03

2461771.500000000, A.D. 2028-Jan-01,  3.109427068099166E-01, -2.646904757822489E-01, -4.988574910687901E-02,  1.356449597509938E-02,  2.263977939900779E-02,  5.855541983059981E-04,  2.375943249828945E-03,  4.113818212464736E-01, -4.385132260045251E-03

2461953.500000000, A.D. 2028-Jul-01,  3.622797148923541E-01, -1.064567983164362E-01, -4.187308701407150E-02,  3.096618784515283E-03,  2.914443563806805E-02,  2.030602094449926E-03,  2.194187727643484E-03,  3.799118281211572E-01, -5.437600415843632E-03

2462137.500000000, A.D. 2029-Jan-01,  3.078677048582743E-01,  1.324492554954132E-01, -1.768164782073792E-02, -1.727863335202008E-02,  2.793533312536442E-02,  3.854713270453470E-03,  1.938355243388896E-03,  3.356158066087581E-01, -5.028597485483337E-03

2462318.500000000, A.D. 2029-Jul-01,  1.909878251295801E-01,  2.517956332692813E-01,  2.840634667965792E-03, -2.897553519285890E-02,  1.828335578144052E-02,  4.192307900589920E-03,  1.825332987761546E-03,  3.160466096741466E-01, -2.905889378025700E-03

2462502.500000000, A.D. 2030-Jan-01, -7.289357685171012E-02,  3.031374532459685E-01,  3.162406384716979E-02, -3.300850069535413E-02, -6.296226996059807E-03,  2.567778775137541E-03,  1.809921301816769E-03,  3.133781589723473E-01,  1.846615818346995E-03

2462683.500000000, A.D. 2030-Jul-01, -2.244207020692490E-01,  2.396236862523438E-01,  4.044056213129944E-02, -2.560458565251535E-02, -1.853196294125573E-02,  8.410266642500825E-04,  1.910462560553180E-03,  3.307863382848690E-01,  4.049482251501882E-03

2462867.500000000, A.D. 2031-Jan-01, -3.662502836961274E-01,  5.212459077288251E-02,  3.787844911089919E-02, -9.271350294107005E-03, -2.571737378520277E-02, -1.319719122024326E-03,  2.147770914857313E-03,  3.718750061213865E-01,  5.391968119785719E-03

2463048.500000000, A.D. 2031-Jul-01, -3.905171237954436E-01, -7.978245579196069E-02,  2.911059591871208E-02, -4.055651764647725E-04, -2.522298688558080E-02, -2.075946097020304E-03,  2.308158215821312E-03,  3.996452064324111E-01,  5.280433545603360E-03

2463232.500000000, A.D. 2032-Jan-01, -3.463569135163386E-01, -2.691420062136666E-01,  9.556284344374609E-03,  1.058346568266086E-02, -2.098324623219831E-02, -2.640575202642347E-03,  2.533944765327792E-03,  4.387389356094947E-01,  4.459559508821519E-03

2463414.500000000, A.D. 2032-Jul-01, -2.596347988485968E-01, -3.793732972429102E-01, -7.137097556971545E-03,  1.730290187894684E-02, -1.542074450665153E-02, -2.780178959078433E-03,  2.655390044100312E-03,  4.597665337925832E-01,  2.996359125324670E-03

2463598.500000000, A.D. 2033-Jan-01, -9.440788004985652E-02, -4.608214686651166E-01, -2.873620860365604E-02,  2.300059896314762E-02, -4.571996171135952E-03, -2.497622707494961E-03,  2.721826260412342E-03,  4.712696080621961E-01,  1.529572316769438E-05

2463779.500000000, A.D. 2033-Jul-01,  2.232942527546708E-02, -4.644782733239861E-01, -3.987163704101932E-02,  2.347555143785177E-02,  3.214514827025683E-03, -1.949201287114848E-03,  2.695555228493094E-03,  4.667209198905647E-01, -1.909404186914466E-03

2463963.500000000, A.D. 2034-Jan-01,  1.972029218322766E-01, -3.917384145832011E-01, -5.034010328810017E-02,  1.910104691803259E-02,  1.480333788303935E-02, -5.760603306180330E-04,  2.549628742160484E-03,  4.414545320170624E-01, -4.537851055358364E-03

2464144.500000000, A.D. 2034-Jul-01,  2.832751921796290E-01, -3.027115237598162E-01, -5.098154992845622E-02,  1.403194560934842E-02,  2.066085545922799E-02,  4.222658914288079E-04,  2.412468087160097E-03,  4.177059007896622E-01, -5.508432402748223E-03

2464328.500000000, A.D. 2035-Jan-01,  3.540269380020328E-01, -1.069232194301738E-01, -4.112054076531618E-02,  2.360862339110693E-03,  2.708484720544594E-02,  2.062833805725014E-03,  2.149071430908209E-03,  3.721001834953059E-01, -5.764616984254722E-03

2464509.500000000, A.D. 2035-Jul-01,  3.404925119996010E-01,  3.651092539778687E-02, -2.798698249273968E-02, -7.991019884023941E-03,  2.824139810638812E-02,  3.070613849760969E-03,  1.984388335676727E-03,  3.435861894637939E-01, -5.168135754190079E-03

2464693.500000000, A.D. 2036-Jan-01,  1.985351738102026E-01,  2.400687004148757E-01,  1.537774629437295E-03, -2.655033368521371E-02,  1.939891660707643E-02,  3.958271580497142E-03,  1.799252973025221E-03,  3.115309951024868E-01, -1.951701415078956E-03

2464875.500000000, A.D. 2036-Jul-01,  9.180515323811776E-03,  3.079173502935567E-01,  2.416382801699562E-02, -3.385380771499943E-02,  2.588813897689482E-03,  3.260245421050549E-03,  1.784637660201140E-03,  3.090004321321421E-01,  1.828881989034051E-03

2465059.500000000, A.D. 2037-Jan-01, -2.432171645467828E-01,  2.324607041718184E-01,  4.107716089381785E-02, -2.610445431335232E-02, -1.946423006929381E-02,  8.427756996782404E-04,  1.957550584940494E-03,  3.389393769707661E-01,  5.484761262299971E-03

2465240.500000000, A.D. 2037-Jul-01, -3.468837741630025E-01,  1.146628752621225E-01,  4.114528169263350E-02, -1.524357258368358E-02, -2.645343387369256E-02, -6.965002489889322E-04,  2.123387689988352E-03,  3.676531816080368E-01,  6.054247898420791E-03

2465424.500000000, A.D. 2038-Jan-01, -3.975481314570193E-01, -1.059030478517905E-01,  2.806899959337569E-02,  2.107503368886118E-03, -2.674553766451447E-02, -2.371242249898152E-03,  2.381642260438866E-03,  4.123685743451349E-01,  4.675529734729537E-03

2465605.500000000, A.D. 2038-Jul-01, -3.674296080134996E-01, -2.310632827460253E-01,  1.501137921827274E-02,  1.009011496458194E-02, -2.255470887437991E-02, -2.813303346702142E-03,  2.508331608183536E-03,  4.343041549241249E-01,  3.366135248026041E-03

2465789.500000000, A.D. 2039-Jan-01, -2.536934181160623E-01, -3.777577981463825E-01, -7.798141144981907E-03,  1.738427169788555E-02, -1.339475016926648E-02, -2.740883741227223E-03,  2.628477133510214E-03,  4.551067077742662E-01,  1.474532914986192E-03

2465970.500000000, A.D. 2039-Jul-01, -1.580490551354773E-01, -4.327003342988118E-01, -2.115552377197554E-02,  1.980339985077802E-02, -7.684431272006460E-03, -2.446312831521399E-03,  2.663363476180582E-03,  4.611470907612746E-01,  5.354048190161447E-04

2466154.500000000, A.D. 2040-Jan-01,  1.255839139974273E-02, -4.582051685782823E-01, -3.861658177284391E-02,  2.182938633311485E-02,  1.486324453789074E-03, -1.811346548740317E-03,  2.656744271341794E-03,  4.600010109708673E-01, -7.325017753622845E-04

2466336.500000000, A.D. 2040-Jul-01,  1.449993030265782E-01, -4.227702984271082E-01, -4.761379037762764E-02,  2.140360576646036E-02,  9.799630128880136E-03, -1.126316008108689E-03,  2.595943524158025E-03,  4.494736879334142E-01, -2.193357448559982E-03

2466520.500000000, A.D. 2041-Jan-01,  2.963723183603581E-01, -2.940251367410639E-01, -5.106450850576377E-02,  1.518464942050347E-02,  2.190089256700672E-02,  3.391817415352416E-04,  2.429118169702104E-03,  4.205887732153938E-01, -4.651629936506451E-03

2466701.500000000, A.D. 2041-Jul-01,  3.526991618986605E-01, -1.689089178153564E-01, -4.622176298938053E-02,  7.010123620630315E-03,  2.773350504138053E-02,  1.558691292038044E-03,  2.274288626782189E-03,  3.937808688794046E-01, -5.800223520096090E-03

2466885.500000000, A.D. 2042-Jan-01,  3.376549210836852E-01,  6.762375395551647E-02, -2.569317335688691E-02, -1.173267909856910E-02,  2.920879433092821E-02,  3.482879046340230E-03,  1.994385721522977E-03,  3.453171831638456E-01, -6.011501397222122E-03

2467066.500000000, A.D. 2042-Jul-01,  2.485578285116671E-01,  2.020493409903324E-01, -6.392281555183574E-03, -2.393591364061504E-02,  2.267932511783158E-02,  4.109907635486170E-03,  1.850382620591246E-03,  3.203838191490695E-01, -4.349120109321781E-03

2467250.500000000, A.D. 2043-Jan-01,  6.397026916589243E-03,  3.048290777781162E-01,  2.458049601104447E-02, -3.316098694385738E-02,  9.909343579208704E-04,  3.151223269955376E-03,  1.766646843241127E-03,  3.058854187380912E-01,  5.472392640053366E-04

2467431.500000000, A.D. 2043-Jul-01, -1.557945783701337E-01,  2.745102443853695E-01,  3.698044886673236E-02, -2.914000867587794E-02, -1.279732589843777E-02,  1.600400933346225E-03,  1.835446445629049E-03,  3.177977006216817E-01,  3.417399963116211E-03

2467615.500000000, A.D. 2044-Jan-01, -3.362425457156920E-01,  1.152274923295671E-01,  4.014325286404258E-02, -1.467154078488802E-02, -2.430342868582684E-02, -7.056462013148053E-04,  2.065891728166113E-03,  3.576980644180732E-01,  5.883303143213195E-03

2467797.500000000, A.D. 2044-Jul-01, -3.902034036024306E-01, -4.131373839438855E-02,  3.211834103884301E-02, -3.543007835884525E-03, -2.602164412096910E-02, -1.811008560649772E-03,  2.273802635528733E-03,  3.936967221023420E-01,  6.094484381200624E-03

2467981.500000000, A.D. 2045-Jan-01, -3.637704460861480E-01, -2.421167852879516E-01,  1.351915973290202E-02,  9.328235108871697E-03, -2.291420715694639E-02, -2.660282558621863E-03,  2.524980012715167E-03,  4.371867368113663E-01,  4.846014218360808E-03

2468162.500000000, A.D. 2045-Jul-01, -2.989188975472382E-01, -3.449000941361366E-01, -6.157152433190440E-04,  1.583292334526516E-02, -1.812724302266063E-02, -2.880777116460432E-03,  2.635997192570992E-03,  4.564087656380332E-01,  3.332761521099366E-03

2468346.500000000, A.D. 2046-Jan-01, -1.426108180622325E-01, -4.476325940373717E-01, -2.330909411896603E-02,  2.225021450304577E-02, -7.096616313790011E-03, -2.663831569852459E-03,  2.716680664150988E-03,  4.703786756876340E-01,  1.395619768966843E-04

2468527.500000000, A.D. 2046-Jul-01, -2.857779952242894E-02, -4.655150710684163E-01, -3.542386320853066E-02,  2.307252683032446E-02,  4.199244504313025E-04, -2.149110885401434E-03,  2.701410781819276E-03,  4.677347775203310E-01, -1.664861015301553E-03

2468711.500000000, A.D. 2047-Jan-01,  1.482046568693411E-01, -4.186145057070192E-01, -4.808392467100683E-02,  2.002141952941041E-02,  1.123981672967726E-02, -9.195785066979968E-04,  2.579755296187368E-03,  4.466707831477880E-01, -3.791754091362664E-03

2468892.500000000, A.D. 2047-Jul-01,  2.428115291417363E-01, -3.469193024994258E-01, -5.081505065340818E-02,  1.638902086525404E-02,  1.714959591377070E-02, -5.202382565153530E-05,  2.463193300098893E-03,  4.264886991512727E-01, -4.613109434561299E-03

2469076.500000000, A.D. 2048-Jan-01,  3.425884296287302E-01, -1.732361007628878E-01, -4.537039278091670E-02,  7.249435371377839E-03,  2.535429909867038E-02,  1.457059181742047E-03,  2.232639778456290E-03,  3.865695943347116E-01, -5.108561589365812E-03

2469258.500000000, A.D. 2048-Jul-01,  3.525296969544712E-01, -4.764172644854122E-03, -3.243674409811512E-02, -4.313295399836774E-03,  2.907695898831679E-02,  2.753346168915471E-03,  2.044827358424650E-03,  3.540508818566732E-01, -4.938278782736323E-03

2469442.500000000, A.D. 2049-Jan-01,  2.356281972998781E-01,  2.155267477309858E-01, -4.054774806212826E-03, -2.448551422297595E-02,  2.281922839370929E-02,  4.044007134430783E-03,  1.844451973574248E-03,  3.193569594497908E-01, -2.717088222011567E-03

2469623.500000000, A.D. 2049-Jul-01,  8.672558243716011E-02,  2.981904338529884E-01,  1.618105947327871E-02, -3.332837201761286E-02,  9.617888102516381E-03,  3.810497388148321E-03,  1.795997587780350E-03,  3.109673426200505E-01,  1.260506510399842E-04

2469807.500000000, A.D. 2050-Jan-01, -1.819154246950249E-01,  2.717743859146862E-01,  3.876847188786328E-02, -3.002180585133699E-02, -1.518127048115620E-02,  1.571898806064893E-03,  1.902045174595065E-03,  3.293289130850739E-01,  4.240408777741653E-03

2469988.500000000, A.D. 2050-Jul-01, -3.079957744416538E-01,  1.701364394705475E-01,  4.223734739933165E-02, -1.970242366543253E-02, -2.452333880952675E-02, -1.349572077093113E-04,  2.046782083346600E-03,  3.543893319852633E-01,  5.333821537952565E-03

2470172.500000000, A.D. 2051-Jan-01, -3.935419105550778E-01, -4.491940478845709E-02,  3.265577754818703E-02, -1.855725580917650E-03, -2.700556942906662E-02, -2.062066923337002E-03,  2.295428069011002E-03,  3.974410498390508E-01,  4.720301280728426E-03

2470353.500000000, A.D. 2051-Jul-01, -3.824944018994221E-01, -1.749017643380621E-01,  2.086026601494957E-02,  6.535620537685131E-03, -2.381392275236971E-02, -2.609594773743297E-03,  2.432088155873540E-03,  4.211030103800947E-01,  3.825244549951960E-03

2470537.500000000, A.D. 2052-Jan-01, -2.932449416147762E-01, -3.385904124704632E-01, -1.063203313390674E-03,  1.484278058412457E-02, -1.624466540490134E-02, -2.714106086514972E-03,  2.587001549876533E-03,  4.479254330810627E-01,  2.568738445520489E-03

2470719.500000000, A.D. 2052-Jul-01, -1.885582976843757E-01, -4.196620822889047E-01, -1.724286198737686E-02,  1.892841724826847E-02, -1.017961716684771E-02, -2.523328071412309E-03,  2.659046452184691E-03,  4.603996212272603E-01,  1.621197251736911E-03

2470903.500000000, A.D. 2053-Jan-01, -1.829512227235023E-02, -4.634767447263546E-01, -3.604027875725899E-02,  2.262593941018033E-02, -5.381660589561065E-04, -2.064753078674464E-03,  2.686977621285026E-03,  4.652357532412998E-01, -1.936708384099194E-04

2471084.500000000, A.D. 2053-Jul-01,  9.646632928704672E-02, -4.459797057490381E-01, -4.502736744927079E-02,  2.274413863935930E-02,  6.927917989213076E-03, -1.514355134654641E-03,  2.648130985092485E-03,  4.585096666871127E-01, -1.804716222953543E-03

2471268.500000000, A.D. 2054-Jan-01,  2.618319097884682E-01, -3.392143438101056E-01, -5.171514195798853E-02,  1.738196589783841E-02,  1.941912806192862E-02, -7.379255936416710E-05,  2.492835588482150E-03,  4.316211022850157E-01, -4.708475217130408E-03

2471449.500000000, A.D. 2054-Jul-01,  3.325500705141153E-01, -2.264969656087558E-01, -4.918884233156835E-02,  1.025479755222818E-02,  2.553748881272040E-02,  1.098982942865737E-03,  2.341115934274868E-03,  4.053516584878331E-01, -5.989830617707575E-03

2471633.500000000, A.D. 2055-Jan-01,  3.537282646758082E-01, -7.295823576366315E-04, -3.267567104140746E-02, -6.135849594581261E-03,  2.913934038762996E-02,  2.992553651335290E-03,  2.051666350180499E-03,  3.552350165721018E-01, -6.444935239888089E-03

2471814.500000000, A.D. 2055-Jul-01,  2.943583902132301E-01,  1.416185942229307E-01, -1.538964396785341E-02, -1.796340131603861E-02,  2.573845032877970E-02,  3.819202396052092E-03,  1.888687476700292E-03,  3.270160993897099E-01, -5.202835301982037E-03

2471998.500000000, A.D. 2056-Jan-01,  8.599634895165462E-02,  2.902249725474901E-01,  1.612536659299899E-02, -3.160128916474766E-02,  8.565066745470579E-03,  3.594549137411972E-03,  1.750715126484357E-03,  3.031269274923703E-01, -5.734753033091141E-04

2472180.500000000, A.D. 2056-Jul-01, -1.107721471029557E-01,  2.896706582530353E-01,  3.396082566746834E-02, -3.092500768608110E-02, -8.478817628960961E-03,  2.079555082379739E-03,  1.801858946557872E-03,  3.119822054325564E-01,  3.334126774796167E-03

2472364.500000000, A.D. 2057-Jan-01, -3.149211725286648E-01,  1.518601347874011E-01,  4.102845229363202E-02, -1.831797486201734E-02, -2.330357805719859E-02, -2.579523787326586E-04,  2.033115181410910E-03,  3.520229812698136E-01,  6.304276562376946E-03

2472545.500000000, A.D. 2057-Jul-01, -3.807061390312358E-01,  2.256333525985618E-02,  3.647136119303471E-02, -8.297393351443595E-03, -2.666993355622571E-02, -1.396466396477642E-03,  2.212682620363877E-03,  3.831141195275791E-01,  6.541588463027255E-03

2472729.500000000, A.D. 2058-Jan-01, -3.845381478288960E-01, -1.903143519395914E-01,  1.977206108862083E-02,  6.610367048291934E-03, -2.503876811825012E-02, -2.588682864710487E-03,  2.480651175102973E-03,  4.295114365061269E-01,  5.057176238426007E-03

2472910.500000000, A.D. 2058-Jul-01, -3.320413715246756E-01, -3.042886635566773E-01,  5.802208906801409E-03,  1.396053430844550E-02, -2.038726790265758E-02, -2.920160870861293E-03,  2.601399685899431E-03,  4.504183930539411E-01,  3.443900571525096E-03

2473094.500000000, A.D. 2059-Jan-01, -1.886515058945484E-01, -4.263375951391812E-01, -1.746767926768752E-02,  2.089787891485347E-02, -9.565485978120184E-03, -2.760509561573980E-03,  2.694502176176166E-03,  4.665385895339634E-01,  3.942431788568022E-04

2473275.500000000, A.D. 2059-Jul-01, -7.979840700310223E-02, -4.585205649524872E-01, -3.029680490415646E-02,  2.216496933543010E-02, -2.536954468342805E-03, -2.300690168871042E-03,  2.693688317904001E-03,  4.663976743423806E-01, -1.148761918079679E-03

2473459.500000000, A.D. 2060-Jan-01,  9.602461487155260E-02, -4.388245165656360E-01, -4.493216882970533E-02,  2.072688760715411E-02,  7.493373988909169E-03, -1.257674394742829E-03,  2.607354426370505E-03,  4.514494244054757E-01, -2.749975330156179E-03

2473641.500000000, A.D. 2060-Jul-01,  2.159073265296310E-01, -3.708794949460705E-01, -5.012687859540478E-02,  1.796351075336875E-02,  1.470490573979871E-02, -3.751317203683647E-04,  2.495400084146394E-03,  4.320651309447958E-01, -3.602443563432740E-03

2473825.500000000, A.D. 2061-Jan-01,  3.335446917407919E-01, -2.106618548647216E-01, -4.751128198298907E-02,  1.014586807836865E-02,  2.457711859663830E-02,  1.084333682623170E-03,  2.294907862407078E-03,  3.973509788576996E-01, -4.642945737338454E-03

2474006.500000000, A.D. 2061-Jul-01,  3.612039689090653E-01, -7.320529301106450E-02, -3.888191529209914E-02,  9.348864115536849E-04,  2.912701773007773E-02,  2.248583766999963E-03,  2.140366304752340E-03,  3.705929376246649E-01, -5.078338623382581E-03

2474190.500000000, A.D. 2062-Jan-01,  2.876189472283772E-01,  1.619640095502776E-01, -1.330068879584059E-02, -1.963732979867533E-02,  2.681030110356057E-02,  3.941905981035236E-03,  1.907966825898427E-03,  3.303542152248193E-01, -4.111327360785889E-03

2474371.500000000, A.D. 2062-Jul-01,  1.588330873650887E-01,  2.715403480439569E-01,  7.373995453100445E-03, -3.087960495393703E-02,  1.590532664181764E-02,  4.131147189363906E-03,  1.817375719825162E-03,  3.146688514402108E-01, -1.764718675662049E-03

2474555.500000000, A.D. 2063-Jan-01, -1.116176274270192E-01,  2.975493403444837E-01,  3.456223515012524E-02, -3.267368363558906E-02, -9.591320867540285E-03,  2.277927418742418E-03,  1.846257631427166E-03,  3.196695994154697E-01,  2.727184925411103E-03

2474736.500000000, A.D. 2063-Jul-01, -2.566308216788047E-01,  2.190145102890796E-01,  4.162910562509348E-02, -2.391674125050551E-02, -2.115077927396587E-02,  5.073248805616060E-04,  1.963334061067628E-03,  3.399407548203789E-01,  4.490679194738813E-03

2474920.500000000, A.D. 2064-Jan-01, -3.791061428574974E-01,  1.811604788056179E-02,  3.639955145044716E-02, -6.420649752106936E-03, -2.655817142283795E-02, -1.634710037098178E-03,  2.202090747984175E-03,  3.812801936750633E-01,  4.966100983875544E-03

2475102.500000000, A.D. 2064-Jul-01, -3.867943132862248E-01, -1.387499646230649E-01,  2.399765486160137E-02,  3.758513731265309E-03, -2.420313740425267E-02, -2.388078555949926E-03,  2.377362748336718E-03,  4.116275997941835E-01,  4.487319210133409E-03

2475286.500000000, A.D. 2065-Jan-01, -3.158612277908883E-01, -3.128434420492895E-01,  3.095237807446803E-03,  1.306725413825977E-02, -1.836029020284311E-02, -2.675383191102141E-03,  2.567663951460951E-03,  4.445772317065947E-01,  3.617316376592639E-03

2475467.500000000, A.D. 2065-Jul-01, -2.358396323029007E-01, -3.936572202017803E-01, -1.069182544322320E-02,  1.765308463174026E-02, -1.356187013971148E-02, -2.663128007228060E-03,  2.651086564672209E-03,  4.590214094277833E-01,  2.622763963584557E-03

2475651.500000000, A.D. 2066-Jan-01, -6.976355327086999E-02, -4.632411587218276E-01, -3.123477646687349E-02,  2.285954589081470E-02, -3.507535464285202E-03, -2.354440604450544E-03,  2.711634677214694E-03,  4.695049901330704E-01,  2.206836421202022E-04

2475832.500000000, A.D. 2066-Jul-01,  4.684437927811563E-02, -4.607453137822766E-01, -4.171734041581794E-02,  2.347157608796025E-02,  4.199894855504733E-03, -1.835328040308806E-03,  2.685591037331361E-03,  4.649956736719705E-01, -1.632284984302277E-03

2476016.500000000, A.D. 2067-Jan-01,  2.210760768968997E-01, -3.768217986504678E-01, -5.118331422275076E-02,  1.891466897702830E-02,  1.655770090219398E-02, -4.413282527163447E-04,  2.540499664438014E-03,  4.398738812081509E-01, -4.626628828273403E-03

2476197.500000000, A.D. 2067-Jul-01,  3.032194384022104E-01, -2.786632445405318E-01, -5.082974442331922E-02,  1.296589399717595E-02,  2.270334568546344E-02,  6.473164107733572E-04,  2.396519263689671E-03,  4.149444476082890E-01, -5.851337007027277E-03

2476381.500000000, A.D. 2068-Jan-01,  3.573475485585155E-01, -7.000208186397866E-02, -3.854820182649189E-02, -7.052294011342924E-04,  2.808126064324769E-02,  2.426179382633170E-03,  2.114845655110437E-03,  3.661741741168098E-01, -6.311978615484751E-03

2476563.500000000, A.D. 2068-Jul-01,  3.149243875639036E-01,  1.015591917023717E-01, -2.035406746841683E-02, -1.383088266294434E-02,  2.690618966746209E-02,  3.517313205434262E-03,  1.914703469269804E-03,  3.315206288668138E-01, -5.111908160169428E-03

2476747.500000000, A.D. 2069-Jan-01,  1.320537765277637E-01,  2.747492766405749E-01,  1.057382379509376E-02, -2.997049141252420E-02,  1.327328637526476E-02,  3.783973749709487E-03,  1.761648319887611E-03,  3.050199512481330E-01, -8.880719847551627E-04

2476928.500000000, A.D. 2069-Jul-01, -3.220373122421073E-02,  3.046515901412652E-01,  2.786163477398632E-02, -3.298934643555428E-02, -1.290033483374335E-03,  2.847865000690112E-03,  1.776626253479452E-03,  3.076133000581114E-01,  2.433950249293198E-03

2477112.500000000, A.D. 2070-Jan-01, -2.691982003932741E-01,  2.071001531451454E-01,  4.131928325877970E-02, -2.356731094020269E-02, -2.077674547502482E-02,  4.603276919721352E-04,  1.976083512889942E-03,  3.421482539729516E-01,  6.022041351510978E-03

2477293.500000000, A.D. 2070-Jul-01, -3.605227974247955E-01,  8.482506405073453E-02,  3.977639557136029E-02, -1.307572531110808E-02, -2.657447107052075E-02, -9.246175663178265E-04,  2.151364225532428E-03,  3.724971685783137E-01,  6.505117641633962E-03

2477477.500000000, A.D. 2071-Jan-01, -3.963129785910455E-01, -1.347527070554264E-01,  2.548850901428588E-02,  3.550270389533913E-03, -2.653201810200418E-02, -2.448981836432855E-03,  2.422084192428830E-03,  4.193708778041739E-01,  5.021383805716812E-03

2477658.500000000, A.D. 2071-Jul-01, -3.582884080880289E-01, -2.576008703237699E-01,  1.202903138496486E-02,  1.156221576428486E-02, -2.220138030396971E-02, -2.881035282727389E-03,  2.549572390218879E-03,  4.414447749808327E-01,  3.492692703782692E-03

2477842.500000000, A.D. 2072-Jan-01, -2.321959907366572E-01, -3.973513219299998E-01, -1.125227695851360E-02,  1.898827440314059E-02, -1.207291098889344E-02, -2.795083959521908E-03,  2.658807176602890E-03,  4.603581919445414E-01,  9.115445749441246E-04

2478024.500000000, A.D. 2072-Jul-01, -1.097708838496375E-01, -4.492027836252822E-01, -2.693712766363971E-02,  2.098809235487251E-02, -4.507173405762414E-03, -2.318302698628658E-03,  2.675246004797991E-03,  4.632044868139771E-01, -4.680399227069675E-04

2478208.500000000, A.D. 2073-Jan-01,  6.336338081224892E-02, -4.482254546619721E-01, -4.257172732384862E-02,  2.125246572938704E-02,  4.842434521794759E-03, -1.487627007042511E-03,  2.626009028095957E-03,  4.546793685689134E-01, -1.672702869897618E-03

2478389.500000000, A.D. 2073-Jul-01,  1.695778413926836E-01, -4.058593301669695E-01, -4.861300868053937E-02,  2.006379255187324E-02,  1.134377908066697E-02, -8.472918320573347E-04,  2.555897968451082E-03,  4.425400149002997E-01, -2.622168626308263E-03

2478573.500000000, A.D. 2074-Jan-01,  3.099453691767529E-01, -2.677491437520693E-01, -5.003332623429810E-02,  1.375643571826556E-02,  2.261368019109904E-02,  5.616311271787971E-04,  2.383121004729305E-03,  4.126246109821221E-01, -4.408729353480333E-03

2478754.500000000, A.D. 2074-Jul-01,  3.580500402425797E-01, -1.384710042939389E-01, -4.403059253702647E-02,  5.393208579382944E-03,  2.829178992787180E-02,  1.754872184355442E-03,  2.231718451926336E-03,  3.864100715911098E-01, -5.341015231064340E-03

2478938.500000000, A.D. 2075-Jan-01,  3.254002438817404E-01,  1.006455258324775E-01, -2.183485887867093E-02, -1.434940480964042E-02,  2.905697353681464E-02,  3.668666670395008E-03,  1.971234424705037E-03,  3.413086603803712E-01, -5.346920470429502E-03

2479119.500000000, A.D. 2075-Jul-01,  2.219771841599116E-01,  2.294997420840802E-01, -1.804151437407982E-03, -2.674107639463238E-02,  2.099386938805530E-02,  4.199125722928331E-03,  1.844075673998968E-03,  3.192918051980534E-01, -3.524666370910531E-03

2479303.500000000, A.D. 2076-Jan-01, -3.502843739814327E-02,  3.076816980272783E-01,  2.850560297139169E-02, -3.371581649913081E-02, -2.905862549924876E-03,  2.910654159279362E-03,  1.796061662175760E-03,  3.109784367577075E-01,  1.189476671374406E-03

2479485.500000000, A.D. 2076-Jul-01, -2.204431130035438E-01,  2.416215829972452E-01,  4.022959171409089E-02, -2.577147954006185E-02, -1.817209037886268E-02,  8.739821405927156E-04,  1.903246468427652E-03,  3.295369106644509E-01,  4.022420052483088E-03

2479669.500000000, A.D. 2077-Jan-01, -3.645763411619353E-01,  5.592721883018417E-02,  3.796518099044651E-02, -9.638941742533588E-03, -2.561114873719683E-02, -1.280578104495317E-03,  2.141503610409599E-03,  3.707898559949295E-01,  5.483301068966079E-03

2479850.500000000, A.D. 2077-Jul-01, -3.904844274071033E-01, -7.593078289711863E-02,  2.934875154955455E-02, -7.536654488101659E-04, -2.530162819161469E-02, -2.046892336295741E-03,  2.303736338744569E-03,  3.988795821502276E-01,  5.403619087621946E-03

2480034.500000000, A.D. 2078-Jan-01, -3.482085442648298E-01, -2.666623120530989E-01,  9.892632051929764E-03,  1.046246270942101E-02, -2.122781792980058E-02, -2.643986405337308E-03,  2.533707734930408E-03,  4.386978950684071E-01,  4.539306290862108E-03

2480215.500000000, A.D. 2078-Jul-01, -2.786613950141636E-01, -3.619442116687637E-01, -4.060173931580618E-03,  1.623825473347432E-02, -1.665689500307980E-02, -2.781130412916853E-03,  2.638294896270768E-03,  4.568066007011252E-01,  3.316904539012952E-03

2480399.500000000, A.D. 2079-Jan-01, -1.193535621373103E-01, -4.550471426892362E-01, -2.601193669544631E-02,  2.259341457880483E-02, -6.203647508495035E-03, -2.582130709546671E-03,  2.721181266088564E-03,  4.711579307569286E-01,  4.107195699999767E-04

2480580.500000000, A.D. 2079-Jul-01, -3.433445511365189E-03, -4.669108625999897E-01, -3.770425699628131E-02,  2.356268179642329E-02,  1.524033031583548E-03, -2.087352281900906E-03,  2.705503038027547E-03,  4.684433297183210E-01, -1.523741825949038E-03

2480764.500000000, A.D. 2080-Jan-01,  1.750669769008006E-01, -4.070155850810409E-01, -4.954160586993089E-02,  1.993589693850740E-02,  1.333303864298621E-02, -7.774795017723734E-04,  2.574900080725918E-03,  4.458301286501610E-01, -4.257495423314973E-03

2480946.500000000, A.D. 2080-Jul-01,  2.809597554896028E-01, -3.052143806105355E-01, -5.094826951997527E-02,  1.414401655625346E-02,  2.037671380559076E-02,  3.988090480919752E-04,  2.413931267627180E-03,  4.179592426341715E-01, -5.420828275875580E-03

2481130.500000000, A.D. 2081-Jan-01,  3.536658493311940E-01, -1.110931891582098E-01, -4.136352621294401E-02,  2.736804531341438E-03,  2.697339765762768E-02,  2.018650909017510E-03,  2.154292887010138E-03,  3.730042505940992E-01, -5.662522573439701E-03

2481311.500000000, A.D. 2081-Jul-01,  3.419755265350127E-01,  3.229363066222076E-02, -2.841257893179989E-02, -7.575009141763487E-03,  2.834167675867671E-02,  3.034464348119378E-03,  1.990647945789630E-03,  3.446700073574764E-01, -5.110479642486415E-03

2481495.500000000, A.D. 2082-Jan-01,  2.026399226063405E-01,  2.378474717728527E-01,  9.901834533886603E-04, -2.636976726092335E-02,  1.980770637263241E-02,  3.970149369285975E-03,  1.804656228865115E-03,  3.124665398501302E-01, -2.011170663711842E-03

2481676.500000000, A.D. 2082-Jul-01,  4.733918468551128E-02,  3.036491595245139E-01,  2.037197157675529E-02, -3.342635308517069E-02,  6.092729696790763E-03,  3.498763450148636E-03,  1.778811150874571E-03,  3.079916033150202E-01,  1.100525649045332E-03

2481860.500000000, A.D. 2083-Jan-01, -2.130810039062506E-01,  2.531709402857030E-01,  3.997639555467444E-02, -2.818205738441721E-02, -1.714312003569367E-02,  1.210702258790573E-03,  1.925051836776333E-03,  3.333123931575098E-01,  5.140285234862671E-03

2482041.500000000, A.D. 2083-Jul-01, -3.286218093357817E-01,  1.434687952000878E-01,  4.175825460783329E-02, -1.775662843227955E-02, -2.544948243858112E-02, -3.892672796718441E-04,  2.084948843474982E-03,  3.609977016480579E-01,  6.004896006590666E-03

2482225.500000000, A.D. 2084-Jan-01, -3.981854656677929E-01, -7.588130083274663E-02,  3.052293744460801E-02,  2.722407636064122E-05, -2.730564604224232E-02, -2.218715315407959E-03,  2.347741357732742E-03,  4.064988149987578E-01,  4.903891297856182E-03

2482407.500000000, A.D. 2084-Jul-01, -3.679504143297483E-01, -2.281131728817982E-01,  1.522256181696982E-02,  9.896972517032754E-03, -2.253923738218039E-02, -2.800116081422561E-03,  2.501905301039846E-03,  4.331914743342787E-01,  3.364047913057942E-03

2482591.500000000, A.D. 2085-Jan-01, -2.558736907908825E-01, -3.754592510188079E-01, -7.485242640043865E-03,  1.716369311397413E-02, -1.356744849000162E-02, -2.728408811377636E-03,  2.624507781872900E-03,  4.544194358430685E-01,  1.590401485031616E-03

2482772.500000000, A.D. 2085-Jul-01, -1.609530227372058E-01, -4.314174100529326E-01, -2.082916127585433E-02,  1.968010371326542E-02, -7.952969757794014E-03, -2.447486842391997E-03,  2.662136267649981E-03,  4.609346061910292E-01,  6.822150661766701E-04

2482956.500000000, A.D. 2086-Jan-01,  9.605072236880636E-03, -4.589657123999425E-01, -3.840318341674227E-02,  2.194048642321502E-02,  1.249287552484064E-03, -1.838243671595819E-03,  2.660606388420693E-03,  4.606697158138381E-01, -6.339591590257888E-04

2483137.500000000, A.D. 2086-Jul-01,  1.210733076220720E-01, -4.335227008704532E-01, -4.633127053740874E-02,  2.175542481629595E-02,  8.181671097721267E-03, -1.279960509095901E-03,  2.613364701542302E-03,  4.524900712923676E-01, -1.886531369900288E-03

2483321.500000000, A.D. 2087-Jan-01,  2.792010960836649E-01, -3.176074297196251E-01, -5.137199237173919E-02,  1.653960651834163E-02,  2.038385185145680E-02,  9.935093081575443E-05,  2.460308532234863E-03,  4.259892170791046E-01, -4.369336842926854E-03

2483502.500000000, A.D. 2087-Jul-01,  3.439405502329642E-01, -1.990201289328223E-01, -4.781423641284412E-02,  9.057368731097830E-03,  2.666675151692367E-02,  1.284284307936050E-03,  2.311580884096305E-03,  4.002378230736504E-01, -5.630230037472854E-03

2483686.500000000, A.D. 2088-Jan-01,  3.487909644686799E-01,  3.451537692820202E-02, -2.938566599849452E-02, -8.929562315557815E-03,  2.972862625702287E-02,  3.259996257485734E-03,  2.031389996900041E-03,  3.517242748313838E-01, -6.210128867942785E-03

2483868.500000000, A.D. 2088-Jul-01,  2.512237491889007E-01,  1.986676208682515E-01, -6.842771123373819E-03, -2.356204095813511E-02,  2.280492343509349E-02,  4.087539693479752E-03,  1.850231438194978E-03,  3.203576427286010E-01, -4.422290261677554E-03

2484052.500000000, A.D. 2089-Jan-01,  1.118522462579385E-02,  3.041054863853609E-01,  2.411476508432648E-02, -3.304359407225860E-02,  1.470286293683433E-03,  3.168866245237410E-03,  1.763064149938156E-03,  3.052650946221639E-01,  5.042783276700987E-04

2484233.500000000, A.D. 2089-Jul-01, -1.512268015271032E-01,  2.760610855078974E-01,  3.667506154002819E-02, -2.930715940700704E-02, -1.234549435287637E-02,  1.641424306711972E-03,  1.830250082140282E-03,  3.168979781741773E-01,  3.421027645831349E-03

2484417.500000000, A.D. 2090-Jan-01, -3.341492861437846E-01,  1.189889572726427E-01,  4.019870952118664E-02, -1.507242104783531E-02, -2.419849947308867E-02, -6.605421194600049E-04,  2.061706782177376E-03,  3.569734634820919E-01,  5.968319191455830E-03

2484598.500000000, A.D. 2090-Jul-01, -3.854536668261539E-01, -1.149905783158249E-02,  3.408127281717620E-02, -5.572016169373798E-03, -2.607455982848140E-02, -1.640777727086770E-03,  2.235866370206176E-03,  3.871282613780354E-01,  6.177970922706242E-03

2484782.500000000, A.D. 2091-Jan-01, -3.737174386761401E-01, -2.163269147896443E-01,  1.644486165408053E-02,  7.720664741511842E-03, -2.376109322092762E-02, -2.584347271677727E-03,  2.495749039149891E-03,  4.321255506306962E-01,  5.119617897760618E-03

2484963.500000000, A.D. 2091-Jul-01, -3.158848707249243E-01, -3.244871184133828E-01,  2.521911309387265E-03,  1.458103953502911E-02, -1.935270895730139E-02, -2.860002690880607E-03,  2.615496908195025E-03,  4.528592514300390E-01,  3.680088893174267E-03

2485147.500000000, A.D. 2092-Jan-01, -1.665986212292314E-01, -4.387318104085945E-01, -2.040519752316962E-02,  2.175128013474019E-02, -8.699634076005394E-03, -2.739580505102326E-03,  2.713000627833369E-03,  4.697414971511920E-01,  5.300247274018514E-04

2485329.500000000, A.D. 2092-Jul-01, -3.097688348630648E-02, -4.650312414669804E-01, -3.522599620162258E-02,  2.295225899360004E-02,  3.168853169341062E-04, -2.143825427892526E-03,  2.699426195312820E-03,  4.673911570186604E-01, -1.674898266245258E-03

2485513.500000000, A.D. 2093-Jan-01,  1.452528752095624E-01, -4.196976978041205E-01, -4.790966985946057E-02,  2.001101344841749E-02,  1.095716254067576E-02, -9.310836415530688E-04,  2.579917585403406E-03,  4.466988826544858E-01, -3.688011785207920E-03

2485694.500000000, A.D. 2093-Jul-01,  2.402346077971266E-01, -3.492562843834264E-01, -5.073951805103506E-02,  1.653121420572114E-02,  1.686160129813168E-02, -8.042292852400014E-05,  2.465727787783314E-03,  4.269275320904092E-01, -4.482188878790160E-03

2485878.500000000, A.D. 2094-Jan-01,  3.419234704852057E-01, -1.771237346935428E-01, -4.557585827334083E-02,  7.587154449439865E-03,  2.527182096620404E-02,  1.416254703416473E-03,  2.239543424117614E-03,  3.877649235268548E-01, -5.019949039016001E-03

2486059.500000000, A.D. 2094-Jul-01,  3.566635246892143E-01, -3.770414874639803E-02, -3.545991893127691E-02, -1.783502317141389E-03,  2.879945484108893E-02,  2.509455939955822E-03,  2.081494551304252E-03,  3.603996094990074E-01, -5.024850772109538E-03

2486243.500000000, A.D. 2095-Jan-01,  2.621366784843507E-01,  1.891282260846795E-01, -8.562796382362776E-03, -2.180984975032059E-02,  2.486870555052775E-02,  3.963103407689001E-03,  1.867542636876473E-03,  3.233549838654591E-01, -3.240162378188280E-03

2486424.500000000, A.D. 2095-Jul-01,  1.235209467032150E-01,  2.859239050522437E-01,  1.185641890079399E-02, -3.202833135644572E-02,  1.302207062801332E-02,  3.958516465354241E-03,  1.800169662583846E-03,  3.116897149793911E-01, -5.964736283265244E-04

2486608.500000000, A.D. 2096-Jan-01, -1.474808615764819E-01,  2.870067864610967E-01,  3.682482993713364E-02, -3.172346238244762E-02, -1.228988479928869E-02,  1.955140281212978E-03,  1.875750790189631E-03,  3.247761815557997E-01,  3.766658394191052E-03

2486790.500000000, A.D. 2096-Jul-01, -3.054174048810602E-01,  1.726489428617065E-01,  4.220878090143552E-02, -1.985559219005769E-02, -2.439269896856978E-02, -1.170388378591704E-04,  2.040884068112851E-03,  3.533681223041090E-01,  5.229474775152945E-03

2486974.500000000, A.D. 2097-Jan-01, -3.925518718423864E-01, -4.159328628022026E-02,  3.277646923845927E-02, -2.076618897556466E-03, -2.691067466390765E-02, -2.042920069759582E-03,  2.287726994510184E-03,  3.961076501234095E-01,  4.714688855981198E-03

2487155.500000000, A.D. 2097-Jul-01, -3.826914016711701E-01, -1.714930316898570E-01,  2.107252689271704E-02,  6.265731717586543E-03, -2.380679068306065E-02, -2.587501048034424E-03,  2.425075570609798E-03,  4.198888188805072E-01,  3.882770383055933E-03

2487339.500000000, A.D. 2098-Jan-01, -2.953807967474788E-01, -3.360706686579877E-01, -7.266366501574031E-04,  1.462915898936012E-02, -1.646269116994644E-02, -2.704432170244604E-03,  2.584141667743820E-03,  4.474302598397025E-01,  2.711976010157658E-03

2487520.500000000, A.D. 2098-Jul-01, -2.100105677986784E-01, -4.075797166833156E-01, -1.436070660942869E-02,  1.825521917453030E-02, -1.141957264283494E-02, -2.569049765141631E-03,  2.649395221115695E-03,  4.587285623689647E-01,  1.869276689013529E-03

2487704.500000000, A.D. 2099-Jan-01, -4.343755038998972E-02, -4.626799698365240E-01, -3.373402993018251E-02,  2.238084744097383E-02, -2.078971992156358E-03, -2.160153571079323E-03,  2.691029371065428E-03,  4.659372919687155E-01,  1.343532626246455E-04

2487885.500000000, A.D. 2099-Jul-01,  7.138146090955441E-02, -4.532580157288352E-01, -4.334627150932541E-02,  2.294578480069816E-02,  5.245395208196692E-03, -1.658007006828302E-03,  2.661862659755044E-03,  4.608872324525636E-01, -1.448825903800824E-03

2488069.500000000, A.D. 2100-Jan-01,  2.421103382459465E-01, -3.597247320684540E-01, -5.153997850033810E-02,  1.854383358496310E-02,  1.785984056980079E-02, -3.034444340401137E-04,  2.521962386530197E-03,  4.366642510340215E-01, -4.395443451057597E-03
