epoch, x, y, z, vx, vy, vz
A.D. 1950-Jan-01, -9.008536810240177E+00,  2.500880894190853E+00,  3.138415647989261E-01, -4.826841381340994E-03, -1.183956414780438E-02,  4.037772148982130E-03
A.D. 1950-Jul-01, -9.278321849301422E+00,  1.513243565813174E+00,  3.420974049786576E-01, -1.504777178273228E-03, -1.306462545285848E-02,  3.881203007438242E-03
A.D. 1951-Jan-01, -9.441081975120605E+00,  4.906184698590412E-01,  3.670421331173482E-01,  7.576702181463163E-03, -6.729966022849711E-03,  1.829771951588974E-05
A.D. 1951-Jul-01, -9.493093164539806E+00, -5.199002786866269E-01,  3.867227950479178E-01,  7.900940947130650E-03, -3.898193399095129E-03, -1.526606746358282E-03
A.D. 1952-Jan-01, -9.436601900704579E+00, -1.539884268456154E+00,  4.017041430131310E-01, -1.050560115329393E-03,  1.769270802492991E-03, -3.845662341930724E-03
A.D. 1952-Jul-01, -9.276233854057400E+00, -2.532213189901689E+00,  4.124125634039318E-01, -5.309699106766664E-03, -7.204962140800791E-04, -1.599836038104939E-03
A.D. 1953-Jan-01, -9.012134643381508E+00, -3.508201130143703E+00,  4.191285438405831E-01, -3.327153015233606E-03, -1.059300165851915E-02,  3.527752977153917E-03
A.D. 1953-Jul-01, -8.653837406023607E+00, -4.430979183188570E+00,  4.212341734402207E-01, -5.261990480535774E-04, -1.200018135298623E-02,  3.699312946745543E-03
A.D. 1954-Jan-01, -8.195656432879611E+00, -5.322656941999102E+00,  4.193196725325593E-01,  1.024177509243918E-02, -7.736674679312275E-03,  9.267540908285758E-04
A.D. 1954-Jul-01, -7.659445007622741E+00, -6.143362300401137E+00,  4.123216110521697E-01,  1.147951872765285E-02, -4.684438194837225E-03, -6.689432343728322E-04
A.D. 1955-Jan-01, -7.033448487154732E+00, -6.912559171356794E+00,  4.003738288065300E-01,  4.249732448059332E-03,  3.293346855632253E-03, -4.217993037537556E-03
A.D. 1955-Jul-01, -6.347153917813122E+00, -7.599813097502965E+00,  3.849106841365883E-01,  1.572927172432408E-03,  3.445135479990680E-03, -3.324895548045131E-03
A.D. 1956-Jan-01, -5.586048704087947E+00, -8.220770029025687E+00,  3.651775616034951E-01, -3.654545340622223E-03, -4.762762563307240E-03,  1.619391307394876E-03
A.D. 1956-Jul-01, -4.776101531139733E+00, -8.753955051926360E+00,  3.425914193021143E-01, -1.655334928083058E-06, -8.775603293265682E-03,  3.249239447610912E-03
A.D. 1957-Jan-01, -3.908164963652945E+00, -9.206383550030665E+00,  3.167938892050037E-01,  1.140947476344891E-02, -6.619681421459453E-03,  1.598244608060696E-03
A.D. 1957-Jul-01, -3.015708081771851E+00, -9.560326239008546E+00,  2.875212019157835E-01,  1.316084432511802E-02, -3.717555686616492E-03,  1.262870561712629E-04
A.D. 1958-Jan-01, -2.077554209332794E+00, -9.824944459328151E+00,  2.544915821743935E-01,  7.614210822068580E-03,  5.676925740532167E-03, -4.274198925458554E-03
A.D. 1958-Jul-01, -1.135668732757884E+00, -9.990527940014983E+00,  2.197484696634872E-01,  4.416557819790020E-03,  6.637329520724719E-03, -3.717707654221331E-03
A.D. 1959-Jan-01, -1.683628798529986E-01, -1.006048716686679E+01,  1.820794851501575E-01, -3.041461719775477E-03, -2.087541195732200E-04,  7.847288517001706E-04
A.D. 1959-Jul-01,  7.859172090402571E-01, -1.003347315821510E+01,  1.437929639573309E-01, -2.255201805783128E-03, -2.243175416902456E-03,  1.701058777751574E-03
A.D. 1960-Jan-01,  1.748025557227996E+00, -9.909216228949528E+00,  1.041856413957409E-01,  8.312666997196563E-03, -5.763626315680590E-03,  3.137239008724549E-03
A.D. 1960-Jul-01,  2.684069096549520E+00, -9.689122796958296E+00,  6.336171876669891E-02,  1.275780609904331E-02, -1.833179100618638E-03,  8.115736876747202E-04
A.D. 1961-Jan-01,  3.604755785379904E+00, -9.369973846114824E+00,  2.094781846647102E-02,  8.655839185877484E-03,  8.258185361171146E-03, -4.131455787002496E-03
A.D. 1961-Jul-01,  4.474021652975057E+00, -8.964780673143629E+00, -2.088431788014009E-02,  5.135996804119054E-03,  9.792424389080099E-03, -3.898527549837217E-03
A.D. 1962-Jan-01,  5.311813783631997E+00, -8.463024075862831E+00, -6.349546476875344E-02, -3.915939311621294E-03,  4.101979766000192E-03,  1.419412797148498E-04
A.D. 1962-Jul-01,  6.084308877343716E+00, -7.887072214839797E+00, -1.041938253531350E-01, -3.737391569736429E-03,  1.748200692293489E-03,  1.183403567713414E-03
A.D. 1963-Jan-01,  6.807553769153102E+00, -7.223311709193792E+00, -1.437826330989568E-01,  5.856422615560958E-03, -3.212020695988937E-03,  3.381155908120092E-03
A.D. 1963-Jul-01,  7.451692223720778E+00, -6.497001293315432E+00, -1.819731127435877E-01,  8.247293840899702E-03, -2.042771021412816E-03,  2.568876279853166E-03
A.D. 1964-Jan-01,  8.030929527670478E+00, -5.691830306366851E+00, -2.189429002826976E-01,  9.638431985985109E-03,  8.216034457557940E-03, -3.024223008942300E-03
A.D. 1964-Jul-01,  8.519443765746432E+00, -4.835574687530664E+00, -2.537212072134245E-01,  3.843114988381349E-03,  1.207274860547943E-02, -3.922351644916844E-03
A.D. 1965-Jan-01,  8.921250201785746E+00, -3.918431265423922E+00, -2.863656672079762E-01, -6.252843135353725E-03,  7.140160255654611E-03, -2.506768966516001E-04
A.D. 1965-Jul-01,  9.222657670711543E+00, -2.976248767936542E+00, -3.148198190596715E-01, -6.588533135904693E-03,  4.329124026144616E-03,  8.955269179344083E-04
A.D. 1966-Jan-01,  9.427858509807997E+00, -1.987729498723389E+00, -3.395731412098627E-01,  2.215847344173160E-03, -1.764039715450051E-03,  3.590008110579154E-03
A.D. 1966-Jul-01,  9.528050581676974E+00, -9.930941690981330E-01, -3.608834030997523E-01,  4.483731938624078E-03, -1.006648736573150E-03,  2.936362438225912E-03
A.D. 1967-Jan-01,  9.524058486965391E+00,  2.869390190502293E-02, -3.784455061291357E-01,  6.695473867989097E-03,  8.728476351731110E-03, -2.674493897418632E-03
A.D. 1967-Jul-01,  9.411528908686408E+00,  1.034062982850634E+00, -3.917668569781024E-01,  4.050326488043831E-03,  1.138693761699733E-02, -3.390596539700929E-03
A.D. 1968-Jan-01,  9.186874518282206E+00,  2.044789535086414E+00, -4.013282594709747E-01, -7.948616434329443E-03,  1.046943460139302E-02, -1.906037608913400E-03
A.D. 1968-Jul-01,  8.855913700744846E+00,  3.019184913253309E+00, -4.053386334120593E-01, -1.015403787769458E-02,  4.700631275828330E-03,  8.138001252569779E-04
A.D. 1969-Jan-01,  8.414093074130086E+00,  3.965976115151120E+00, -4.036702607828901E-01, -1.766187641781467E-03, -2.294480664963885E-03,  3.786458609283409E-03
A.D. 1969-Jul-01,  7.879117000057710E+00,  4.850150675538647E+00, -3.977964704782566E-01,  5.534876422668843E-04, -1.931380929074622E-03,  3.250182085644130E-03
A.D. 1970-Jan-01,  7.238678050648222E+00,  5.688117362207002E+00, -3.868010150874301E-01,  3.434138483474071E-03,  7.241587588389151E-03, -2.364932236681647E-03
A.D. 1970-Jul-01,  6.517296774736695E+00,  6.442422910619529E+00, -3.714835138225286E-01,  1.120639702124296E-03,  9.564641086466607E-03, -3.175068981531691E-03
A.D. 1971-Jan-01,  5.699889790476258E+00,  7.127531046108787E+00, -3.517705960067177E-01, -1.078916626013367E-02,  8.749395670351700E-03, -1.856822093919057E-03
A.D. 1971-Jul-01,  4.822507069670712E+00,  7.709190520230786E+00, -3.271638693374518E-01, -1.279648346701000E-02,  5.297980356783636E-03, -5.763408457919228E-04
A.D. 1972-Jan-01,  3.866176321970462E+00,  8.198105853378550E+00, -2.972439042456195E-01, -7.925922802562302E-03, -4.566105820311655E-03,  4.118919423543766E-03
A.D. 1972-Jul-01,  2.870741263674796E+00,  8.573649330231319E+00, -2.639022353110695E-01, -2.093765554567491E-03, -4.942936650322218E-03,  3.499561662553859E-03
A.D. 1973-Jan-01,  1.827419113032148E+00,  8.838498125238761E+00, -2.268166399589537E-01,  1.526265368651972E-03,  3.813303131635208E-03, -2.115604082878735E-03
A.D. 1973-Jul-01,  7.754226486069431E-01,  8.982967723294351E+00, -1.876278366606634E-01, -2.450106994885180E-04,  5.868488878786348E-03, -3.010226199069083E-03
A.D. 1974-Jan-01, -3.050167983022384E-01,  9.009684331550938E+00, -1.459248378738854E-01, -1.177852672524100E-02,  5.237097090822378E-03, -1.812195431004986E-03
A.D. 1974-Jul-01, -1.364560263098985E+00,  8.914925487720401E+00, -1.022410115309202E-01, -1.355283149055184E-02,  1.695308847051872E-03, -5.960856181381686E-04
A.D. 1975-Jan-01, -2.424460010093082E+00,  8.697148351193972E+00, -5.585563011498913E-02, -8.589965748300713E-03, -8.380360757822402E-03,  4.140019599811193E-03
A.D. 1975-Jul-01, -3.433960337742494E+00,  8.367667670307020E+00, -9.821182790990904E-03, -5.279145825619757E-03, -9.314022669802167E-03,  4.097237051529849E-03
A.D. 1976-Jan-01, -4.412963700208153E+00,  7.919639287116158E+00,  3.745484617362558E-02,  2.932629638555042E-03, -2.930836717933847E-03, -6.544198987535451E-04
A.D. 1976-Jul-01, -5.323852996386786E+00,  7.373067705996979E+00,  8.305039359308497E-02,  1.072525425239933E-03,  1.839447280329464E-03, -2.920201727732036E-03
A.D. 1977-Jan-01, -6.175235190036074E+00,  6.723808836042030E+00,  1.274329777791809E-01, -1.003415318558766E-02,  1.827553602424157E-03, -1.908539087672104E-03
A.D. 1977-Jul-01, -6.934176628241846E+00,  5.997291368012359E+00,  1.701628739424075E-01, -1.161671692090274E-02, -1.368236443630695E-03, -7.838674807540432E-04
A.D. 1978-Jan-01, -7.617351326951698E+00,  5.180345578321703E+00,  2.119804003511380E-01, -6.832199497881401E-03, -1.135244967572487E-02,  4.016722168480280E-03
A.D. 1978-Jul-01, -8.192789760238545E+00,  4.311685165415009E+00,  2.501668195992977E-01, -3.147158195294790E-03, -1.207399685906000E-02,  4.099214079798399E-03
A.D. 1979-Jan-01, -8.673617062022540E+00,  3.373675627761890E+00,  2.862023438831452E-01,  5.835734596862996E-03, -5.847926885685896E-03, -4.793238803525674E-04
A.D. 1979-Jul-01, -9.042085299344603E+00,  2.411045756515980E+00,  3.176517982763736E-01,  6.154624408754100E-03, -3.267716497507689E-03, -1.590614931244661E-03
A.D. 1980-Jan-01, -9.306325576548151E+00,  1.404403228397710E+00,  3.449783429364757E-01, -3.592230964939109E-03,  1.516460128432049E-03, -3.088983214062295E-03
A.D. 1980-Jul-01, -9.458808649095063E+00,  3.914124675024629E-01,  3.684239316779516E-01, -7.985620027165718E-03, -2.178759458056536E-03, -1.191757680538937E-03
A.D. 1981-Jan-01, -9.502308919271139E+00, -6.383119385415541E-01,  3.884691911350747E-01, -4.029351239406747E-03, -1.197323639585308E-02,  3.743241911337963E-03
A.D. 1981-Jul-01, -9.435678229219295E+00, -1.644098985282399E+00,  4.035404894677025E-01, -2.761593392782791E-04, -1.253241895022496E-02,  4.016841819792948E-03
A.D. 1982-Jan-01, -9.259400114467123E+00, -2.648694265945966E+00,  4.146458144614779E-01,  9.405585457101752E-03, -6.722405140420763E-03, -2.171625692168636E-04
A.D. 1982-Jul-01, -8.984915755488997E+00, -3.606691175758417E+00,  4.204792814075932E-01,  9.872662047193411E-03, -3.864941034313354E-03, -1.366812791629932E-03
A.D. 1983-Jan-01, -8.606625343369394E+00, -4.539759782325665E+00,  4.209934635127446E-01,  6.838568892337304E-04,  2.243722104957383E-03, -3.376701322827520E-03
A.D. 1983-Jul-01, -8.144179579871148E+00, -5.410248714750135E+00,  4.176177004326196E-01, -1.970446695533086E-03,  1.551084773599103E-03, -3.086426294429312E-03
A.D. 1984-Jan-01, -7.588808534189048E+00, -6.237495340087013E+00,  4.099091975144781E-01, -3.897376230972437E-03, -7.813450369611135E-03,  2.440523304649629E-03
A.D. 1984-Jul-01, -6.959595083990634E+00, -6.991882318141582E+00,  3.983934188756146E-01,  1.703709695718796E-03, -1.076335021637466E-02,  3.885198604501326E-03
A.D. 1985-Jan-01, -6.249832460509002E+00, -7.682453233946259E+00,  3.828698874881364E-01,  1.202615234297629E-02, -5.920362431031835E-03,  2.278231107845621E-04
A.D. 1985-Jul-01, -5.489383834155013E+00, -8.283057127771512E+00,  3.632058302946508E-01,  1.255246824140940E-02, -2.877757323369663E-03, -9.637709537751383E-04
A.D. 1986-Jan-01, -4.660232942235488E+00, -8.808429588985719E+00,  3.387606268551932E-01,  4.215957535890362E-03,  4.669496957107147E-03, -3.669873928419706E-03
A.D. 1986-Jul-01, -3.800162407079143E+00, -9.238924649107473E+00,  3.119159084540012E-01,  1.378870491177302E-03,  4.699237591168667E-03, -3.658664909254233E-03
A.D. 1987-Jan-01, -2.889720341717933E+00, -9.584190424789448E+00,  2.815545637804125E-01, -2.671857227602922E-03, -3.890158275068540E-03,  1.714360955054989E-03
A.D. 1987-Jul-01, -1.965294676656255E+00, -9.831500729371111E+00,  2.492246109669492E-01, -7.039235375931835E-04, -5.869824201524537E-03,  3.027815279848431E-03
A.D. 1988-Jan-01, -1.006138659506035E+00, -9.987362409235844E+00,  2.145797732095306E-01,  1.071187681286871E-02, -6.529205190489560E-03,  2.180927518047691E-03
A.D. 1988-Jul-01, -4.711263967527810E-02, -1.004340039231885E+01,  1.776489141838620E-01,  1.335643765674736E-02, -1.230303611469306E-03, -3.239703141537597E-04
A.D. 1989-Jan-01,  9.232980626078059E-01, -1.000028581509654E+01,  1.377393909502750E-01,  6.436407206190271E-03,  7.696926681396992E-03, -3.851941864973265E-03
A.D. 1989-Jul-01,  1.867446773649530E+00, -9.862238090075264E+00,  9.760079488082289E-02,  3.496570375588421E-03,  8.290147423249858E-03, -4.124855257398609E-03
A.D. 1990-Jan-01,  2.807514874067961E+00, -9.624757395681522E+00,  5.569710932030660E-02, -3.027828354421896E-03,  8.464793725457718E-04,  8.604070766299628E-04
A.D. 1990-Jul-01,  3.705926583724652E+00, -9.299302717690416E+00,  1.433092952895385E-02, -2.192603351232740E-03, -1.398440342535599E-03,  2.420243816179550E-03
A.D. 1991-Jan-01,  4.582674953377126E+00, -8.877899776033114E+00, -2.716784230013229E-02,  8.397518104321546E-03, -4.359510212683900E-03,  2.815441154079388E-03
A.D. 1991-Jul-01,  5.401107556727204E+00, -8.375599520342107E+00, -6.827929877894691E-02,  1.037433710942467E-02, -2.001468032928227E-03,  1.946287903534546E-03
A.D. 1992-Jan-01,  6.180558007410384E+00, -7.780812709992031E+00, -1.098074826953490E-01,  9.866242053934359E-03,  8.546956240961552E-03, -3.227071004850390E-03
A.D. 1992-Jul-01,  6.888369352254609E+00, -7.113807744587754E+00, -1.499375693198500E-01,  4.273087542932416E-03,  1.111737700047149E-02, -4.323931441516239E-03
A.D. 1993-Jan-01,  7.532168062801452E+00, -6.365969376254923E+00, -1.891223772505152E-01, -4.742426855212633E-03,  5.400428915407303E-03, -9.493919668231270E-05
A.D. 1993-Jul-01,  8.089644736833035E+00, -5.566790441053990E+00, -2.252320496268491E-01, -5.186520495525096E-03,  3.033042272485858E-03,  1.554701115408180E-03
A.D. 1994-Jan-01,  8.571434958634297E+00, -4.697069832542697E+00, -2.589019234820735E-01,  3.791831104254258E-03, -2.566421648671000E-03,  3.373181505573229E-03
A.D. 1994-Jul-01,  8.957043490491511E+00, -3.791527766475205E+00, -2.897607925631795E-01,  6.130289723848270E-03, -1.124770981388713E-03,  2.830448518976116E-03
A.D. 1995-Jan-01,  9.254133061823602E+00, -2.829985089452427E+00, -3.182484243747696E-01,  8.717039430915913E-03,  8.598729279315653E-03, -2.354204565132711E-03
A.D. 1995-Jul-01,  9.445565694255137E+00, -1.852787297215132E+00, -3.429519314411972E-01,  6.395204562050328E-03,  1.039663843761698E-02, -3.504776692383891E-03
A.D. 1996-Jan-01,  9.534871174890489E+00, -8.371765712205677E-01, -3.649540554782639E-01, -5.456513323202137E-03,  1.094989702204273E-02, -2.343152083099424E-03
A.D. 1996-Jul-01,  9.515435696305962E+00,  1.758157351737985E-01, -3.819816504205388E-01, -8.764772550048011E-03,  6.472495152822328E-03,  4.016910864486096E-04
A.D. 1997-Jan-01,  9.385504133346851E+00,  1.197043981096440E+00, -3.940886555438803E-01, -2.363458166680938E-03, -1.732974239014287E-03,  3.662028381274747E-03
A.D. 1997-Jul-01,  9.150787033626505E+00,  2.188477459184775E+00, -4.017322386576138E-01,  1.994645496272029E-04, -1.687814754278775E-03,  3.667221355428780E-03
A.D. 1998-Jan-01,  8.804447708811313E+00,  3.169971417456375E+00, -4.047258857748839E-01,  6.152276684719380E-03,  5.984698856187120E-03, -9.878161568062805E-04
A.D. 1998-Jul-01,  8.357716070092069E+00,  4.098769864914836E+00, -4.031486464850992E-01,  4.461739659697388E-03,  7.857955482097535E-03, -2.413583397289196E-03
A.D. 1999-Jan-01,  7.800713179761452E+00,  4.993841304473467E+00, -3.973277020280048E-01, -6.646489901383336E-03,  1.148448317601166E-02, -3.118533199934520E-03
A.D. 1999-Jul-01,  7.155819999742040E+00,  5.811617485618806E+00, -3.860967596185262E-01, -9.378582441763348E-03,  1.008332740480846E-02, -2.383492832692112E-03
A.D. 2000-Jan-01,  6.407800852276551E+00,  6.568965043169443E+00, -3.695392772942214E-01, -1.073192371435750E-02, -3.393314963189071E-04,  2.691454150998991E-03
A.D. 2000-Jul-01,  5.587053054733809E+00,  7.233003073452768E+00, -3.480491365547301E-01, -6.044740073449233E-03, -3.742164658679664E-03,  4.173157337773232E-03
A.D. 2001-Jan-01,  4.685424762624752E+00,  7.808932154944812E+00, -3.216854894366675E-01,  3.008852455584980E-03,  6.406001634303895E-04,  7.208832639596978E-04
A.D. 2001-Jul-01,  3.737103772769556E+00,  8.275171350816146E+00, -2.920292213510270E-01,  2.642774952638261E-03,  2.482411629804005E-03, -9.391281228760618E-04
A.D. 2002-Jan-01,  2.723991958070803E+00,  8.640079842998954E+00, -2.586939910737667E-01, -5.775473616433456E-03,  9.073129164941985E-03, -3.574232671742071E-03
A.D. 2002-Jul-01,  1.690279888242144E+00,  8.884256876450561E+00, -2.220275040655654E-01, -8.328740879545347E-03,  8.084825797391983E-03, -3.260196766915759E-03
A.D. 2003-Jan-01,  6.153679045342533E-01,  9.013397316711291E+00, -1.818223012569387E-01, -1.371078866873542E-02, -1.216152847343351E-03,  1.564035312342816E-03
A.D. 2003-Jul-01, -4.490466417456843E-01,  9.019682154324418E+00, -1.394829406490462E-01, -1.283346421875862E-02, -4.061634937480497E-03,  3.138787662887703E-03
A.D. 2004-Jan-01, -1.524893890810773E+00,  8.902979134301168E+00, -9.398294368717992E-02, -1.961132791088024E-03, -7.568610492182441E-03,  3.400114270386613E-03
A.D. 2004-Jul-01, -2.567374753542604E+00,  8.669152253561760E+00, -4.814503406843806E-02,  2.012852382500380E-03, -4.371154712609042E-03,  7.450147328408721E-04
A.D. 2005-Jan-01, -3.585666051621742E+00,  8.317030547441346E+00, -1.871441278180513E-03, -1.929380827947002E-03,  4.466324617874392E-03, -3.450032931912828E-03
A.D. 2005-Jul-01, -4.541365192494348E+00,  7.860934587558263E+00,  4.388123204937756E-02, -4.138510836927988E-03,  4.297576544116072E-03, -3.629129154365946E-03
A.D. 2006-Jan-01, -5.453479362234419E+00,  7.294127294372217E+00,  8.947622604898420E-02, -1.278745030227729E-02, -1.851316561137914E-03, -1.069124844120953E-05
A.D. 2006-Jul-01, -6.279354419388355E+00,  6.640979297973082E+00,  1.337302725463000E-01, -1.262812187628387E-02, -4.380850464271945E-03,  1.579911500342511E-03
A.D. 2007-Jan-01, -7.037760560754412E+00,  5.889826348334237E+00,  1.775530853092211E-01, -3.559460701798900E-03, -1.152083525185071E-02,  4.001626177386696E-03
A.D. 2007-Jul-01, -7.693572740531731E+00,  5.077306457641640E+00,  2.180683824067318E-01, -1.398409144776567E-04, -1.164330855349392E-02,  3.446247374679807E-03
A.D. 2008-Jan-01, -8.261373748218933E+00,  4.187054310552488E+00,  2.564087742010170E-01,  5.245306702186109E-03, -3.152700162551347E-03, -1.302724284597303E-03
A.D. 2008-Jul-01, -8.721439136683742E+00,  3.255896654188095E+00,  2.906545119769128E-01,  2.067743187107461E-03,  6.180050818253316E-04, -3.408207241711334E-03
A.D. 2009-Jan-01, -9.080270527441110E+00,  2.275859691059027E+00,  3.213066709100069E-01, -8.337101157641006E-03, -9.438599671004605E-04, -1.772379001889526E-03
A.D. 2009-Jul-01, -9.325437280707792E+00,  1.283545805729812E+00,  3.482878334411105E-01, -8.851978564465332E-03, -2.708365557574937E-03, -3.309154273538738E-04
A.D. 2010-Jan-01, -9.465415894925572E+00,  2.591586530002961E-01,  3.720354206900671E-01, -3.642230950392383E-03, -1.206380636322071E-02,  3.791999096651036E-03
A.D. 2010-Jul-01, -9.493210746583269E+00, -7.512726899097283E-01,  3.909968517651377E-01, -4.261752057288628E-04, -1.301281346663137E-02,  3.984575930471962E-03
A.D. 2011-Jan-01, -9.411872490192689E+00, -1.770566358921178E+00,  4.060285479391616E-01,  8.885017863602945E-03, -7.020238868782390E-03,  3.314302117416755E-04
A.D. 2011-Jul-01, -9.228213222834817E+00, -2.752626457165805E+00,  4.157774495295976E-01,  9.272055437052373E-03, -4.363473259542940E-03, -1.460963610798158E-03
A.D. 2012-Jan-01, -8.939056461105245E+00, -3.719330011774759E+00,  4.204875368195090E-01,  9.801033136021295E-04,  2.236499810426188E-03, -3.914798070497203E-03
A.D. 2012-Jul-01, -8.557792819971432E+00, -4.636101255480783E+00,  4.208968124700442E-01, -3.439637972367585E-03,  5.065916872032965E-04, -2.043891108386838E-03
A.D. 2013-Jan-01, -8.081791721300657E+00, -5.513852179056232E+00,  4.172306370083910E-01, -3.179085913961835E-03, -9.248141176393778E-03,  2.907678767086417E-03
A.D. 2013-Jul-01, -7.527957849688409E+00, -6.320630553792432E+00,  4.094081345767811E-01, -8.667564663002641E-04, -1.061217559555647E-02,  3.644267845942988E-03
A.D. 2014-Jan-01, -6.885919763210093E+00, -7.076349864829711E+00,  3.976637353058716E-01,  1.041638392751482E-02, -8.198452425286573E-03,  1.772257449500210E-03
A.D. 2014-Jul-01, -6.184279742813213E+00, -7.747182299308774E+00,  3.814334433624950E-01,  1.208040941761777E-02, -5.568319187662723E-03, -2.725928054748989E-05
A.D. 2015-Jan-01, -5.407009419953226E+00, -8.349630625823265E+00,  3.605760540138105E-01,  7.129236989321119E-03,  3.842237125367693E-03, -4.101541391710128E-03
A.D. 2015-Jul-01, -4.589803557982351E+00, -8.860095237865247E+00,  3.366599339314671E-01,  4.582098190859564E-03,  4.665538489570136E-03, -3.761481420355337E-03
A.D. 2016-Jan-01, -3.714341265691825E+00, -9.289889628620310E+00,  3.087628582816314E-01, -3.391014911525103E-03, -1.484501359006193E-03,  1.383969017447934E-04
A.D. 2016-Jul-01, -2.811114563285102E+00, -9.625102830920005E+00,  2.788131276357379E-01, -1.595173583382311E-03, -5.756847027047313E-03,  2.675940113399202E-03
A.D. 2017-Jan-01, -1.869552024047419E+00, -9.870271831312669E+00,  2.463199070832087E-01,  9.643460081499950E-03, -7.140888125253189E-03,  2.817425026514948E-03
A.D. 2017-Jul-01, -9.243277227125459E-01, -1.001508940919732E+01,  2.113317963743353E-01,  1.202122639576738E-02, -5.244887895140448E-03,  1.363851267413207E-03
A.D. 2018-Jan-01,  4.699540139258992E-02, -1.006390459104382E+01,  1.734211732343738E-01,  1.081752840650765E-02,  5.272218669539466E-03, -3.576816635089879E-03
A.D. 2018-Jul-01,  1.000962599570965E+00, -1.001495444996267E+01,  1.343566888785421E-01,  8.067895566391587E-03,  7.252098457457955E-03, -3.855872327220671E-03
A.D. 2019-Jan-01,  1.960057967787449E+00, -9.866157573293689E+00,  9.294205972587227E-02, -2.474082865727427E-03,  4.309154297705183E-03, -1.387578492914098E-03
A.D. 2019-Jul-01,  2.885092327083426E+00, -9.625864262759327E+00,  5.196039888085850E-02, -3.069707971500973E-03,  2.656822623741537E-03,  1.331095885356883E-04
A.D. 2020-Jan-01,  3.795997442018052E+00, -9.287916785352639E+00,  1.034014779429759E-02,  3.784011252324504E-03, -4.908723740483661E-03,  3.762540159600940E-03
A.D. 2020-Jul-01,  4.661361417862464E+00, -8.862290106364016E+00, -3.111680937158149E-02,  9.283973971256158E-03, -3.913407468551281E-03,  2.469251884441574E-03
A.D. 2021-Jan-01,  5.490936593463397E+00, -8.343105861065188E+00, -7.298005701162937E-02,  1.156384537917286E-02,  6.263169296313631E-03, -2.654840114578469E-03
A.D. 2021-Jul-01,  6.251606804546642E+00, -7.749258411704794E+00, -1.137928899958438E-01,  9.158056084444685E-03,  9.045235504746396E-03, -3.478263501195383E-03
A.D. 2022-Jan-01,  6.960897766098439E+00, -7.065867034920975E+00, -1.546197220773657E-01, -2.503474230096418E-03,  9.144600973536716E-03, -2.575072782229212E-03
A.D. 2022-Jul-01,  7.588371885316373E+00, -6.323662460382952E+00, -1.925541602803445E-01, -4.178721257963136E-03,  7.447354606307273E-03, -9.980042507262148E-04
A.D. 2023-Jan-01,  8.146247522000843E+00, -5.504640383748210E+00, -2.286789744460694E-01, -6.201636824288324E-04, -1.748745624046006E-03,  3.692548059169948E-03
A.D. 2023-Jul-01,  8.612490955049774E+00, -4.642119854820562E+00, -2.620500819488951E-01,  1.386200742373015E-03, -2.522230652867991E-03,  3.552605719263381E-03
A.D. 2024-Jan-01,  8.995860482754857E+00, -3.717234644742200E+00, -2.927814848315656E-01,  9.816532436099489E-03,  3.694588663059978E-03, -1.201383124431280E-04
A.D. 2024-Jul-01,  9.278734513333559E+00, -2.761527844047606E+00, -3.208731511124038E-01,  8.041085281829391E-03,  9.395710009232859E-03, -2.777716739288326E-03
A.D. 2025-Jan-01,  9.462113365514522E+00, -1.764120383578990E+00, -3.462575101247863E-01, -3.600540898486027E-03,  1.195915368040934E-02, -3.321834757707991E-03
A.D. 2025-Jul-01,  9.538317193544684E+00, -7.649779970398103E-01, -3.668087488966121E-01, -6.244040177488731E-03,  1.025619771668389E-02, -1.808216806197761E-03
A.D. 2026-Jan-01,  9.506380328761832E+00,  2.584537865892336E-01, -3.832369062819914E-01, -5.747423743027333E-03,  2.215917078857405E-04,  3.452466019057534E-03
A.D. 2026-Jul-01,  9.368863950282782E+00,  1.261897642401267E+00, -3.950721757986222E-01, -4.028899558139638E-03, -1.318853807463955E-03,  3.562474146727213E-03
A.D. 2027-Jan-01,  9.120239073277423E+00,  2.265637502975447E+00, -4.019283104899555E-01,  5.811907762281731E-03,  2.367729219475013E-03,  8.813553924229973E-04
A.D. 2027-Jul-01,  8.768654062975846E+00,  3.227556628646468E+00, -4.047401475198890E-01,  6.159828625946595E-03,  4.818130690025086E-03, -5.471107325609661E-04
A.D. 2028-Jan-01,  8.305844410743235E+00,  4.167023992034485E+00, -4.031890371225547E-01, -2.118075340511861E-03,  1.216659888727107E-02, -4.065743209869423E-03
A.D. 2028-Jul-01,  7.745169877148672E+00,  5.045130179083722E+00, -3.965400851079370E-01, -8.554087159583305E-03,  1.043285822523022E-02, -2.338732967249468E-03
A.D. 2029-Jan-01,  7.079813937505042E+00,  5.868668968128752E+00, -3.844261859722415E-01, -1.044678525162055E-02,  1.025507809752809E-04,  3.135001728475830E-03
A.D. 2029-Jul-01,  6.338269086480005E+00,  6.604977682025944E+00, -3.675639092907392E-01, -8.737093279272622E-03, -2.207949982539147E-03,  3.452736175199003E-03
A.D. 2030-Jan-01,  5.503560538773828E+00,  7.266959407326119E+00, -3.450446869883540E-01,  2.032336563428491E-03, -8.450677020698644E-04,  1.698010094874203E-03
A.D. 2030-Jul-01,  4.611905188436888E+00,  7.826253334389587E+00, -3.192812484757451E-01,  3.118018728683995E-03,  9.612076962018733E-04,  4.072953448846621E-04
A.D. 2031-Jan-01,  3.645793531887630E+00,  8.292428266886914E+00, -2.893149063754106E-01, -3.244601864411802E-03,  9.070162636577405E-03, -3.860926238625219E-03
A.D. 2031-Jul-01,  2.646267470757811E+00,  8.642336354067313E+00, -2.558081350152260E-01, -6.840142715514808E-03,  8.971402785321459E-03, -3.345996433315911E-03
A.D. 2032-Jan-01,  1.593387864756417E+00,  8.882647827464060E+00, -2.184819146641735E-01, -1.413472587201501E-02,  6.812099140354594E-04,  1.356525994009069E-03
A.D. 2032-Jul-01,  5.310217905079954E-01,  9.000535817756489E+00, -1.779861728342880E-01, -1.122992759656619E-02, -5.002391530309567E-03,  3.282132019813511E-03
A.D. 2033-Jan-01, -5.493789673024942E-01,  8.996519384107193E+00, -1.340364765089861E-01,  2.444683939024420E-04, -5.373863755987692E-03,  2.272670504440048E-03
A.D. 2033-Jul-01, -1.604911403292055E+00,  8.874213951260490E+00, -8.984654531861076E-02,  2.047522509121436E-03, -3.916597062678264E-03,  1.121508244976949E-03
A.D. 2034-Jan-01, -2.655232848404999E+00,  8.630696907356732E+00, -4.408964071573542E-02, -2.475064047025751E-03,  4.786574387868548E-03, -3.656628072011200E-03
A.D. 2034-Jul-01, -3.655087984208452E+00,  8.276760206645509E+00,  1.677600733353097E-03, -5.569232888725232E-03,  5.175937079091191E-03, -3.460693885252130E-03
A.D. 2035-Jan-01, -4.624076344908327E+00,  7.806585122185383E+00,  4.792492438035219E-02, -1.346748127152109E-02, -2.196052750234833E-03,  9.246208428583266E-04
A.D. 2035-Jul-01, -5.516506485411823E+00,  7.240751833213672E+00,  9.336378285474299E-02, -1.228818510027177E-02, -5.792710174137415E-03,  1.991405878831301E-03
A.D. 2036-Jan-01, -6.351499765373344E+00,  6.568622790966280E+00,  1.390754709372627E-01, -1.379136028675962E-03, -1.084604500110437E-02,  3.651012254521646E-03
A.D. 2036-Jul-01, -7.094413598894843E+00,  5.819436515732082E+00,  1.818720090225614E-01,  3.595265016338278E-03, -7.910647669339901E-03,  1.527444256941204E-03
A.D. 2037-Jan-01, -7.753079032457382E+00,  4.987721442687750E+00,  2.222673084252972E-01,  4.495372754087288E-04,  1.414984727387889E-03, -3.566677112936322E-03
A.D. 2037-Jul-01, -8.305958516049795E+00,  4.107145615946115E+00,  2.593664738081665E-01, -2.219149356177961E-03,  2.409844086850540E-03, -3.620308450872575E-03
A.D. 2038-Jan-01, -8.765458735834008E+00,  3.161166999697463E+00,  2.935053521192504E-01, -1.047770973497906E-02, -3.992040660216294E-03,  5.457524744622602E-04
A.D. 2038-Jul-01, -9.110990541240515E+00,  2.191016980065340E+00,  3.241443577330946E-01, -9.341935278028858E-03, -7.399809701751782E-03,  1.678909569071996E-03
A.D. 2039-Jan-01, -9.352271473299473E+00,  1.176895047575864E+00,  3.521179984740600E-01,  1.403607779255293E-03, -1.272414992128407E-02,  3.659474237849273E-03
A.D. 2039-Jul-01, -9.479289192112656E+00,  1.663772450482002E-01,  3.748133420795803E-01,  4.589371472465606E-03, -1.156191903615719E-02,  2.850200693703787E-03
A.D. 2040-Jan-01, -9.495928814624433E+00, -8.626927629183405E-01,  3.934051389508353E-01,  6.582851544020938E-03, -1.536815773663628E-03, -2.874837898379096E-03
A.D. 2040-Jul-01, -9.405353120721156E+00, -1.869717056475345E+00,  4.069159545385986E-01,  1.802964625020998E-03,  1.892450717916808E-03, -3.826253680789089E-03
A.D. 2041-Jan-01, -9.208500987286927E+00, -2.866103573532347E+00,  4.157597095352099E-01, -6.812713735839805E-03, -3.700891603699296E-03,  2.219750759422796E-04
A.D. 2041-Jul-01, -8.913636059796941E+00, -3.816132452706754E+00,  4.205183160603565E-01, -5.946443628401733E-03, -6.838498462410339E-03,  1.409548816290097E-03
A.D. 2042-Jan-01, -8.516577537385285E+00, -4.741453785298832E+00,  4.215013766066620E-01,  4.461175861929012E-03, -1.220062357662450E-02,  3.561713399576057E-03
A.D. 2042-Jul-01, -8.034778162513398E+00, -5.600675903967460E+00,  4.173245898925091E-01,  7.621644974860068E-03, -1.064389423069644E-02,  2.825353966244190E-03
A.D. 2043-Jan-01, -7.458170575635386E+00, -6.414660123143242E+00,  4.085548188924759E-01,  9.884877730122556E-03, -3.547396646470716E-04, -2.928417720349019E-03
A.D. 2043-Jul-01, -6.815689075679058E+00, -7.148733929901416E+00,  3.955670927422510E-01,  8.151242870205440E-03,  2.369748382151570E-03, -3.655742133402711E-03
A.D. 2044-Jan-01, -6.092932396574113E+00, -7.819940855255703E+00,  3.776533712698263E-01, -2.713350623092854E-03,  9.391588167326853E-04, -1.504000593689823E-03
A.D. 2044-Jul-01, -5.317153863975904E+00, -8.405866230263229E+00,  3.568802855594874E-01, -3.525664644128602E-03, -4.474101391273193E-03,  1.186756507844359E-03
A.D. 2045-Jan-01, -4.479083366962436E+00, -8.914391685434007E+00,  3.330670571767768E-01,  6.403926698520054E-03, -9.931479142677918E-03,  3.459415581454873E-03
A.D. 2045-Jul-01, -3.609803750364463E+00, -9.325936703528658E+00,  3.057306425861965E-01,  9.410748665640834E-03, -8.139393972438617E-03,  2.800358264997919E-03
A.D. 2046-Jan-01, -2.688982073827438E+00, -9.651499826233531E+00,  2.747982940200441E-01,  1.178347284493548E-02,  2.236026115275947E-03, -2.940194483500337E-03
A.D. 2046-Jul-01, -1.758775270322339E+00, -9.877293193192049E+00,  2.415652010081036E-01,  9.889737496923208E-03,  5.024398959837638E-03, -3.732372065669708E-03
A.D. 2047-Jan-01, -7.968060502654000E-01, -1.000853074845669E+01,  2.047388443486493E-01, -1.344004430124919E-03,  4.128289591688721E-03, -1.710907243014218E-03
A.D. 2047-Jul-01,  1.566225774013308E-01, -1.004245419923926E+01,  1.672727802530268E-01, -2.862786832238270E-03,  1.686494395338912E-03, -5.191389861655570E-04
A.D. 2048-Jan-01,  1.123139139195239E+00, -9.979665986022574E+00,  1.281767302984626E-01,  3.245181353426905E-03, -6.585531415453137E-03,  3.676503614995801E-03
A.D. 2048-Jul-01,  2.069502929998810E+00, -9.820917641250846E+00,  8.808688715803627E-02,  9.339840560573244E-03, -5.099515538124769E-03,  2.862895592772721E-03
A.D. 2049-Jan-01,  3.007360371710200E+00, -9.563551489995708E+00,  4.635048586257336E-02,  1.198930021566233E-02,  5.128237319017136E-03, -2.825595522980577E-03
A.D. 2049-Jul-01,  3.899345716078395E+00, -9.217235790686720E+00,  4.710203375324596E-03,  9.952049180551056E-03,  7.818274880259270E-03, -3.681315844637744E-03
A.D. 2050-Jan-01,  4.767030722348522E+00, -8.772893261334461E+00, -3.838808593708611E-02, -1.666054496166629E-03,  7.556657922312961E-03, -1.938489324647053E-03
A.D. 2050-Jul-01,  5.573600145190505E+00, -8.251232928647260E+00, -7.968052968152858E-02, -3.733989902782348E-03,  5.275752112280291E-03, -8.182935277509821E-04
A.D. 2051-Jan-01,  6.336695077271764E+00, -7.638992177704746E+00, -1.202705753403726E-01,  1.322842974858830E-03, -3.441192826193235E-03,  3.584912701847590E-03
A.D. 2051-Jul-01,  7.025628828828856E+00, -6.960451965972740E+00, -1.593068858117144E-01,  4.350282948302764E-03, -3.159287041484641E-03,  3.637681868538662E-03
A.D. 2052-Jan-01,  7.655571231507089E+00, -6.199913225752137E+00, -1.971593797071396E-01,  1.146897069286555E-02,  4.477622115260252E-03, -1.240217920578793E-03
A.D. 2052-Jul-01,  8.199509639421256E+00, -5.382461888593236E+00, -2.331405659472292E-01,  8.484870637378855E-03,  9.730880163916477E-03, -3.441504974192849E-03
A.D. 2053-Jan-01,  8.662421024401509E+00, -4.498004600407569E+00, -2.677288123688817E-01, -3.437544958605607E-03,  1.033472395378222E-02, -2.200620015123001E-03
A.D. 2053-Jul-01,  9.026664272729537E+00, -3.581903400047491E+00, -2.982278953770251E-01, -6.023451918188191E-03,  8.183031850680757E-03, -1.200517843433099E-03
A.D. 2054-Jan-01,  9.298301541911634E+00, -2.612366773887742E+00, -3.254753907910580E-01, -2.384906266353722E-03, -1.219886292396807E-03,  3.507959752832600E-03
A.D. 2054-Jul-01,  9.466397929717209E+00, -1.630161097774768E+00, -3.489731685225095E-01,  4.272069320801505E-04, -1.623933719442847E-03,  3.846570879079201E-03
A.D. 2055-Jan-01,  9.532858035086575E+00, -6.139199131950845E-01, -3.687015136290158E-01,  8.390696881136120E-03,  4.691432968252513E-03, -5.783470150121897E-04
A.D. 2055-Jul-01,  9.490882441713206E+00,  3.940804047523868E-01, -3.844292770077534E-01,  7.311309878697267E-03,  7.288287658302855E-03, -1.700036333759855E-03
A.D. 2056-Jan-01,  9.338898604745374E+00,  1.415733416406869E+00, -3.968042978253242E-01, -3.257946736073318E-03,  1.264605632732032E-02, -3.329287990425345E-03
A.D. 2056-Jul-01,  9.078069122891474E+00,  2.409365653336963E+00, -4.038998344009750E-01, -8.905189291733548E-03,  9.489109233585466E-03, -1.678630060185677E-03
A.D. 2057-Jan-01,  8.704251093848734E+00,  3.384373619173672E+00, -4.056220394109674E-01, -7.050433776061751E-03, -6.817614194974049E-04,  3.375248308136941E-03
A.D. 2057-Jul-01,  8.233471053173282E+00,  4.302899290126571E+00, -4.025466094641141E-01, -4.453173645107156E-03, -2.023837159974070E-03,  4.066049473606522E-03
A.D. 2058-Jan-01,  7.653990325924425E+00,  5.182638661884775E+00, -3.940942346250894E-01,  4.692139497256109E-03,  2.365920729991198E-03,  3.420163763820546E-04
A.D. 2058-Jul-01,  6.988619255479533E+00,  5.985202967989098E+00, -3.813873038348267E-01,  4.140137540921663E-03,  4.629110500944735E-03, -8.890740282473389E-04
A.D. 2059-Jan-01,  6.223675346014288E+00,  6.725797763105215E+00, -3.644129553495398E-01, -5.011159603281769E-03,  1.115171121696880E-02, -3.432648836945576E-03
A.D. 2059-Jul-01,  5.390654048746156E+00,  7.367808652204237E+00, -3.424976608420272E-01, -8.229277522429336E-03,  1.010686932417250E-02, -3.350019152797420E-03
A.D. 2060-Jan-01,  4.471799870105894E+00,  7.924118177386622E+00, -3.157246745239750E-01, -1.272435616726174E-02,  3.733463628880068E-04,  2.039252237599458E-03
A.D. 2060-Jul-01,  3.504932917873605E+00,  8.368865384413525E+00, -2.845841632984648E-01, -8.752790849980202E-03, -4.339303546248431E-03,  4.140160700423618E-03
A.D. 2061-Jan-01,  2.481719574724926E+00,  8.705527974646332E+00, -2.489724518590591E-01,  1.708685303430268E-03, -2.365322593898943E-03,  1.418644170300330E-03
A.D. 2061-Jul-01,  1.442109211654058E+00,  8.922742428148872E+00, -2.111646008154365E-01,  2.202013281511671E-03, -3.544676199877051E-04,  8.935156376375664E-05
A.D. 2062-Jan-01,  3.668061459484750E-01,  9.024113279954255E+00, -1.706240373891349E-01, -4.541345466131531E-03,  7.499374327579032E-03, -3.459466764667774E-03
A.D. 2062-Jul-01, -6.972545148133124E-01,  9.003168538516382E+00, -1.280216164512841E-01, -7.254823295343786E-03,  6.766975142155686E-03, -3.646116883628636E-03
A.D. 2063-Jan-01, -1.770703194843369E+00,  8.860818815295232E+00, -8.316648684582187E-02, -1.379754605357623E-02, -1.719948580524603E-03,  1.251023557441351E-03
A.D. 2063-Jul-01, -2.802198634283456E+00,  8.601948784687753E+00, -3.752598605135902E-02, -1.297359290378372E-02, -4.908249785086752E-03,  2.808840707754040E-03
A.D. 2064-Jan-01, -3.813002493638077E+00,  8.222072690541069E+00,  1.004453592291696E-02, -2.126067970970401E-03, -9.349315635878879E-03,  3.411557156261300E-03
A.D. 2064-Jul-01, -4.760961326260274E+00,  7.738084398322089E+00,  5.654692987173410E-02,  2.416389834284874E-03, -6.024531630530033E-03,  1.148027778805788E-03
A.D. 2065-Jan-01, -5.654931320063544E+00,  7.147176401155685E+00,  1.020303650294559E-01, -1.018360944973147E-03,  3.145554262986805E-03, -3.318783743569141E-03
A.D. 2065-Jul-01, -6.462615570217788E+00,  6.473502031283156E+00,  1.457240100042851E-01, -3.204504612968269E-03,  3.116247524840483E-03, -3.811920626005131E-03
A.D. 2066-Jan-01, -7.200757545463491E+00,  5.705948218879707E+00,  1.878761875301568E-01, -1.173972709538005E-02, -2.882646753389547E-03,  1.206135343168960E-04
A.D. 2066-Jul-01, -7.835458232285642E+00,  4.877834605465426E+00,  2.275042822624767E-01, -1.151254195242517E-02, -5.591952804098392E-03,  1.626415682016373E-03
A.D. 2067-Jan-01, -8.382261741604204E+00,  3.973708385255840E+00,  2.655817275902255E-01, -2.020563556239534E-03, -1.241771752082157E-02,  3.793279932440431E-03
A.D. 2067-Jul-01, -8.816458497113684E+00,  3.036558311836591E+00,  2.993966232433111E-01,  1.649529989496225E-03, -1.189277812695054E-02,  3.388226795473462E-03
A.D. 2068-Jan-01, -9.148653970349603E+00,  2.046958031461374E+00,  3.299299411396094E-01,  6.290831384877093E-03, -2.873445810771941E-03, -1.721894749639786E-03
A.D. 2068-Jul-01, -9.369059101297943E+00,  1.044902808481745E+00,  3.558147079316065E-01,  2.719679787520676E-03,  6.336064684735984E-04, -3.705115997858527E-03
A.D. 2069-Jan-01, -9.482177402480822E+00,  2.079733627099044E-02,  3.773664446719254E-01, -7.418924730558414E-03, -1.756125549733095E-03, -1.280175853412496E-03
A.D. 2069-Jul-01, -9.485143818792126E+00, -9.881785669989588E-01,  3.948758752794641E-01, -7.886983739564347E-03, -3.667513757355155E-03,  3.838360520312630E-05
A.D. 2070-Jan-01, -9.381288955181848E+00, -2.003163018221799E+00,  4.087440930782827E-01, -1.344435225090167E-03, -1.239860394571277E-02,  3.702468192701470E-03
A.D. 2070-Jul-01, -9.174433693701005E+00, -2.979311585763629E+00,  4.176561174348483E-01,  2.258911846303088E-03, -1.265224006061381E-02,  3.940523467982660E-03
A.D. 2071-Jan-01, -8.862056401119558E+00, -3.939392171372577E+00,  4.222024692274042E-01,  1.032902345862422E-02, -5.428678151491883E-03, -4.180164243490287E-04
A.D. 2071-Jul-01, -8.461051409574969E+00, -4.840977513904639E+00,  4.217877826452909E-01,  1.004520048533405E-02, -2.796388117394283E-03, -2.070968808843008E-03
A.D. 2072-Jan-01, -7.962912067039227E+00, -5.704652926910657E+00,  4.161492398818729E-01,  6.803610851535227E-04,  2.696165855428223E-03, -3.551851975821621E-03
A.D. 2072-Jul-01, -7.388244796019901E+00, -6.500454937197692E+00,  4.066404185594328E-01, -3.388625928209770E-03,  3.057125985550419E-04, -1.648889110001003E-03
A.D. 2073-Jan-01, -6.731568026498208E+00, -7.238251208367002E+00,  3.933571108285030E-01, -1.236367288186016E-03, -9.346728725762178E-03,  3.078949069671191E-03
A.D. 2073-Jul-01, -6.016034365091190E+00, -7.891529729710085E+00,  3.763069647041869E-01,  1.448611980037867E-03, -1.028952417017456E-02,  3.939048844046544E-03
A.D. 2074-Jan-01, -5.226757703368414E+00, -8.476864983803402E+00,  3.555227506999326E-01,  1.191982470659417E-02, -6.284330422944613E-03,  1.082067542316999E-03
A.D. 2074-Jul-01, -4.398576370419590E+00, -8.967974130483608E+00,  3.310282062861669E-01,  1.283183785563442E-02, -3.394699290167510E-03, -6.877938576015483E-04
A.D. 2075-Jan-01, -3.511898512223250E+00, -9.377083745381084E+00,  3.022068953988433E-01,  6.304439987948877E-03,  5.371725639430817E-03, -4.042578437109606E-03
A.D. 2075-Jul-01, -2.606394353345330E+00, -9.689070926484437E+00,  2.712307872626948E-01,  3.820990787941691E-03,  5.689056618116092E-03, -3.826397203865563E-03
A.D. 2076-Jan-01, -1.661444435636039E+00, -9.910343694623714E+00,  2.369568194626687E-01, -2.949170024153503E-03, -1.430087646951614E-03,  5.999652048691734E-04
A.D. 2076-Jul-01, -7.096620742313402E-01, -1.003430365362960E+01,  2.013317135026635E-01, -6.613893371648528E-04, -5.351005130136064E-03,  3.165837006661733E-03
A.D. 2077-Jan-01,  2.603088889955152E-01, -1.006251740398000E+01,  1.638304043689683E-01,  1.044759286547102E-02, -5.614553161936546E-03,  2.440873224774889E-03
A.D. 2077-Jul-01,  1.212756648983923E+00, -9.992453043157296E+00,  1.247905105996842E-01,  1.242609025147201E-02, -3.360864251602303E-03,  9.677925770373964E-04
A.D. 2078-Jan-01,  2.170415779862524E+00, -9.823056842713674E+00,  8.346262318137460E-02,  1.009050529354829E-02,  7.070652324185871E-03, -3.640373670779119E-03
A.D. 2078-Jul-01,  3.090439759913395E+00, -9.561708797957598E+00,  4.202727093109387E-02,  7.269446426522028E-03,  8.478041569416376E-03, -4.062778135945906E-03
A.D. 2079-Jan-01,  3.994314085094065E+00, -9.200862257015892E+00, -8.612213104065268E-04, -2.959908946551599E-03,  5.004753940266885E-03, -1.192147017385571E-03
A.D. 2079-Jul-01,  4.845139139555845E+00, -8.757602932663083E+00, -4.247193255214718E-02, -3.605431208282854E-03,  3.624564712708503E-03,  3.295802081809780E-04
A.D. 2080-Jan-01,  5.660650005166016E+00, -8.220676059939972E+00, -8.376495676736535E-02,  3.223230474506599E-03, -3.920367518662199E-03,  3.598998843662352E-03
A.D. 2080-Jul-01,  6.412430439698314E+00, -7.607413393517785E+00, -1.239091712331762E-01,  8.621887420431467E-03, -2.856136806958640E-03,  2.515330271011913E-03
A.D. 2081-Jan-01,  7.108394561882096E+00, -6.909630278822934E+00, -1.635859817749659E-01,  1.095105214072174E-02,  7.170416837887301E-03, -2.404704149694833E-03
A.D. 2081-Jul-01,  7.720128543049021E+00, -6.152827026971991E+00, -2.012416182005783E-01,  8.570149815217955E-03,  9.506264064255818E-03, -3.526466054121938E-03
A.D. 2082-Jan-01,  8.261296658798747E+00, -5.318402260142886E+00, -2.379382788107680E-01, -3.012575924882226E-03,  1.027882288330115E-02, -2.799407826427919E-03
A.D. 2082-Jul-01,  8.707945275914764E+00, -4.443883384864802E+00, -2.709791908796355E-01, -4.842205661496253E-03,  8.878073344980435E-03, -1.288369048561205E-03
A.D. 2083-Jan-01,  9.067608264005614E+00, -3.508263190259286E+00, -3.012624571868792E-01, -2.648222497726729E-03, -7.584935754243044E-04,  3.359044704687988E-03
A.D. 2083-Jul-01,  9.326368995917587E+00, -2.550697214899186E+00, -3.279236240442259E-01, -9.336154632263355E-04, -1.772280248282648E-03,  3.752258710418672E-03
A.D. 2084-Jan-01,  9.487653733937238E+00, -1.550680898438914E+00, -3.510309566088001E-01,  8.262198125700698E-03,  2.893604039305444E-03,  7.501227878007434E-04
A.D. 2084-Jul-01,  9.542222033180069E+00, -5.433225984537293E-01, -3.707286195482409E-01,  7.545669987822681E-03,  8.149626706443217E-03, -2.325886672878654E-03
A.D. 2085-Jan-01,  9.488358526653849E+00,  4.822132109862977E-01, -3.869752187759746E-01, -3.147658582604001E-03,  1.268906497898677E-02, -3.772899649216154E-03
A.D. 2085-Jul-01,  9.326731848105533E+00,  1.484319433874175E+00, -3.980772443035522E-01, -6.080659985046864E-03,  1.149426982649016E-02, -2.472253621246158E-03
A.D. 2086-Jan-01,  9.051277313338211E+00,  2.485107561541581E+00, -4.044808843150661E-01, -8.601066674352242E-03,  1.482017497965968E-03,  2.612122629113739E-03
A.D. 2086-Jul-01,  8.675318063515213E+00,  3.439670846926235E+00, -4.058426748803268E-01, -7.509762275581277E-03, -3.936089404949667E-04,  3.402065452079639E-03
A.D. 2087-Jan-01,  8.188022312436456E+00,  4.366493734656955E+00, -4.017049760404168E-01,  3.094828481196644E-03, -2.752057887008191E-05,  2.285034185502927E-03
A.D. 2087-Jul-01,  7.609434550751503E+00,  5.226213986444421E+00, -3.934489895658445E-01,  4.309149970462599E-03,  1.418937677209952E-03,  7.275073729503621E-04
A.D. 2088-Jan-01,  6.926936635483667E+00,  6.034913836966893E+00, -3.804768408828051E-01, -1.670082267431148E-04,  1.053178577552794E-02, -3.709656933158778E-03
A.D. 2088-Jul-01,  6.162999136546042E+00,  6.758760875565287E+00, -3.629949037559556E-01, -6.685146535026205E-03,  1.084440999775448E-02, -3.152410128030287E-03
A.D. 2089-Jan-01,  5.309379613742355E+00,  7.402797835747760E+00, -3.404078207114165E-01, -1.298638852945947E-02,  1.921341898087650E-03,  1.526667432491139E-03
A.D. 2089-Jul-01,  4.402557076103769E+00,  7.940249422633152E+00, -3.134000126690913E-01, -1.221739133574457E-02, -7.020578061909955E-04,  2.629776374843323E-03
A.D. 2090-Jan-01,  3.422493935795217E+00,  8.380177163838553E+00, -2.811465370299857E-01, -1.638117380873752E-03, -4.307811085395907E-03,  3.420888550241408E-03
A.D. 2090-Jul-01,  2.414267443149154E+00,  8.704243254435749E+00, -2.463970351992953E-01,  4.919348377540858E-04, -3.912965329655044E-03,  2.183151032380312E-03
A.D. 2091-Jan-01,  1.358378367202245E+00,  8.917070602745504E+00, -2.079342014282899E-01,  1.624456397919884E-04,  5.516972111734238E-03, -2.903496403077765E-03
A.D. 2091-Jul-01,  3.002530061739461E-01,  9.008593702768234E+00, -1.675306465664510E-01, -2.443964860400099E-03,  6.775897297052234E-03, -3.383721324096888E-03
A.D. 2092-Jan-01, -7.803058349493478E-01,  8.980935092788323E+00, -1.245864536853973E-01, -1.317453470114217E-02,  3.405559059378105E-03, -1.285919124982579E-03
A.D. 2092-Jul-01, -1.839182286707685E+00,  8.831968395002155E+00, -7.973334547344622E-02, -1.366830868525178E-02, -2.361302502832509E-03,  1.673315290349684E-03
A.D. 2093-Jan-01, -2.885066091051407E+00,  8.560331855283746E+00, -3.261479772646975E-02, -4.079840438441105E-03, -8.887250533451883E-03,  4.082796015215777E-03
A.D. 2093-Jul-01, -3.874978956350659E+00,  8.180757265449945E+00,  1.360124839136778E-02, -1.263981128847480E-03, -9.123462596827959E-03,  3.135183084260581E-03
A.D. 2094-Jan-01, -4.828257226190396E+00,  7.685248232332368E+00,  6.043935219142814E-02,  2.234030143731197E-03, -1.039436836578371E-04, -2.037481789595849E-03
A.D. 2094-Jul-01, -5.704572165641944E+00,  7.098101991405630E+00,  1.053394482081684E-01,  8.758096104873315E-04,  1.894197788624896E-03, -2.946960558618095E-03
A.D. 2095-Jan-01, -6.521117213524618E+00,  6.408995458706006E+00,  1.491020137777784E-01, -9.973737334072372E-03,  1.549200273301774E-03, -2.307382261089752E-03
A.D. 2095-Jul-01, -7.241695890070806E+00,  5.647851144452330E+00,  1.909102711522432E-01, -1.109612996375488E-02, -1.099984099782523E-03, -6.828184082215888E-04
A.D. 2096-Jan-01, -7.882768974198783E+00,  4.800639925211103E+00,  2.314098724648168E-01, -6.936767481434953E-03, -1.113227336349498E-02,  4.136675741341294E-03
A.D. 2096-Jul-01, -8.416753581715996E+00,  3.901906136267574E+00,  2.685947564448658E-01, -6.321567186378343E-04, -1.237883330090682E-02,  3.576689374166822E-03
A.D. 2097-Jan-01, -8.850087541796670E+00,  2.944202170080552E+00,  3.028191541697298E-01,  5.814705349345922E-03, -4.121908297208147E-03, -1.299220386275999E-03
A.D. 2097-Jul-01, -9.170842350982801E+00,  1.967346870106235E+00,  3.322958118922372E-01,  5.496869184838533E-03, -1.519778551124599E-03, -2.418337217546867E-03
A.D. 2098-Jan-01, -9.386481296370166E+00,  9.517075942788885E-01,  3.576935733888379E-01, -4.968034398415279E-03,  9.142962627741742E-04, -3.063362712046215E-03
A.D. 2098-Jul-01, -9.489987310475730E+00, -5.961205848870992E-02,  3.791386116214005E-01, -6.764908550509345E-03, -9.406162694358429E-04, -1.600047094810375E-03
A.D. 2099-Jan-01, -9.486063634675043E+00, -1.087574785975085E+00,  3.968490983475281E-01, -5.005866973109036E-03, -1.097465195728584E-02,  3.678918831534214E-03
A.D. 2099-Jul-01, -9.373957087428545E+00, -2.086719536918610E+00,  4.097823674623684E-01, -1.852801378562426E-03, -1.226448204857008E-02,  3.633979072151312E-03
A.D. 2100-Jan-01, -9.153509139058587E+00, -3.080007132531688E+00,  4.188516127943016E-01,  9.078955103771141E-03, -8.159028305718652E-03
