julian, epoch, x, y, z, vx, vy, vz, LT, RG, RR
2433282.500000000, A.D. 1950-Jan-01, -1.239863409900903E+00,  1.890882652221429E+01,  8.579035714450405E-02, -8.239685742724000E-03, -4.697578965290147E-05, -1.985927262726009E-03,  1.094439148007245E-01,  1.894962642660231E+01,  4.832525026565690E-04

2433463.500000000, A.D. 1950-Jul-01, -1.957797801736782E+00,  1.881553073647571E+01,  9.501615856552756E-02, -8.575640478928441E-03, -7.347774169616834E-04, -8.945922198877656E-04,  1.092575118090099E-01,  1.891735174907250E+01,  1.521958425679271E-04

2433647.500000000, A.D. 1951-Jan-01, -2.683212135423818E+00,  1.868766640021324E+01,  1.041469333018599E-01, -5.729882998555660E-03, -5.793471624176808E-04,  2.720269359758991E-03,  1.090394840386631E-01,  1.887960141086301E+01,  2.558927331964507E-04

2433828.500000000, A.D. 1951-Jul-01, -3.388143664081007E+00,  1.853900544087394E+01,  1.125775533824932E-01, -4.100353017964652E-03, -4.950869685358562E-06,  3.371444880768563E-03,  1.088477472174583E-01,  1.884640320938538E+01,  7.524167745311528E-04

2434012.500000000, A.D. 1952-Jan-01, -4.097626654890419E+00,  1.836633476001709E+01,  1.215503780502677E-01, -1.121673305816265E-03,  1.256645963054537E-04,  2.946731247392142E-03,  1.086853071502840E-01,  1.881827758362291E+01,  3.859212270666827E-04

2434194.500000000, A.D. 1952-Jul-01, -4.800794280417829E+00,  1.816842540466687E+01,  1.290988676316447E-01, -7.301789230977543E-03,  7.229678702945439E-04,  2.802627262777960E-03,  1.085361082615881E-01,  1.879244459684425E+01,  2.583559129528154E-03

2434378.500000000, A.D. 1953-Jan-01, -5.509639648747007E+00,  1.793598651379340E+01,  1.389926332868598E-01, -3.200906557254551E-03, -1.833551646480784E-03,  3.717824171196368E-03,  1.083698813230296E-01,  1.876366329462698E+01, -7.852392958045695E-04

2434559.500000000, A.D. 1953-Jul-01, -6.193194339688993E+00,  1.767745832577992E+01,  1.471673432812223E-01, -1.191769451238916E-03, -2.654957574121235E-03,  3.038217858752271E-03,  1.081842380152515E-01,  1.873152015229331E+01, -2.087653072740336E-03

2434743.500000000, A.D. 1954-Jan-01, -6.871892449080792E+00,  1.738726774447960E+01,  1.545668253676509E-01,  1.063559685902203E-03, -2.590069316086202E-03, -7.176246584199182E-04,  1.079827143185768E-01,  1.869662740585741E+01, -2.805522957529466E-03

2434924.500000000, A.D. 1954-Jul-01, -7.531938486675826E+00,  1.708127933690799E+01,  1.616385612148856E-01,  1.613531712527165E-04, -2.058922127463135E-03, -1.816779460179239E-03,  1.078223423027805E-01,  1.866885985209113E+01, -1.964661369854570E-03

2435108.500000000, A.D. 1955-Jan-01, -8.195670383823817E+00,  1.674796238966806E+01,  1.685882607177020E-01, -4.784316233946175E-03, -1.841259264150489E-03, -3.631661156399574E-03,  1.076931587389295E-01,  1.864649241138061E+01,  4.162221157030901E-04

2435289.500000000, A.D. 1955-Jul-01, -8.838829572578469E+00,  1.638898231795858E+01,  1.757611231816339E-01, -6.024452426034738E-03, -2.455228834870063E-03, -3.417933554152597E-03,  1.075479274667638E-01,  1.862134639610865E+01,  6.664215463365027E-04

2435473.500000000, A.D. 1956-Jan-01, -9.479041437922104E+00,  1.599244047105524E+01,  1.822553556080891E-01, -6.817068227761834E-03, -2.262945827829982E-03, -5.024963209342936E-04,  1.073755061213940E-01,  1.859149256559940E+01,  1.524227440569969E-03

2435655.500000000, A.D. 1956-Jul-01, -1.008936951758392E+01,  1.557743951695152E+01,  1.891029999085058E-01, -2.126755386944322E-03, -3.104554525744958E-03, -3.937454651285556E-03,  1.071958232316332E-01,  1.856038143765393E+01, -1.489623150198217E-03

2435839.500000000, A.D. 1957-Jan-01, -1.068932096007396E+01,  1.514040228215325E+01,  1.939468644668989E-01, -6.197364734850514E-03, -6.011614339512862E-04, -1.922785742895724E-03,  1.070468569522188E-01,  1.853458872592387E+01,  3.062969315614860E-03

2436020.500000000, A.D. 1957-Jul-01, -1.126870384355051E+01,  1.468758435595323E+01,  1.998506583537069E-01, -7.417593456524878E-03, -6.497394267984539E-04, -6.499391210164867E-04,  1.069249149019802E-01,  1.851347511442777E+01,  3.992425518973433E-03

2436204.500000000, A.D. 1958-Jan-01, -1.184602074006838E+01,  1.420208704351398E+01,  2.065717687252036E-01, -6.278341603203935E-03, -2.455007338674222E-03,  3.111769521778863E-03,  1.068190126244730E-01,  1.849513870348941E+01,  2.170837499849361E-03

2436385.500000000, A.D. 1958-Jul-01, -1.239039567919335E+01,  1.369797652016481E+01,  2.121427966863826E-01, -4.354484027809954E-03, -3.365530862043996E-03,  3.621986982447733E-03,  1.066832932603005E-01,  1.847163962403299E+01,  4.667260720009665E-04

2436569.500000000, A.D. 1959-Jan-01, -1.291781056704873E+01,  1.316187570569075E+01,  2.173127387109874E-01,  8.718684950835814E-04, -3.596564420913132E-03,  2.712515931290366E-03,  1.065191024028103E-01,  1.844321085832438E+01, -3.145368890169507E-03

2436750.500000000, A.D. 1959-Jul-01, -1.341635417153545E+01,  1.262034866314496E+01,  2.215633951061530E-01,  1.506644978785566E-03, -3.029389822327688E-03,  1.774998754874931E-03,  1.063888806923804E-01,  1.842066366810577E+01, -3.151480572906045E-03

2436934.500000000, A.D. 1960-Jan-01, -1.390382914409666E+01,  1.205553863385701E+01,  2.258275161597640E-01, -2.150756660918853E-04, -3.075694012855520E-03, -2.041911543985535E-03,  1.062920523233691E-01,  1.840389835572088E+01, -1.877313807537107E-03

2437116.500000000, A.D. 1960-Jul-01, -1.437117272904368E+01,  1.147387048270594E+01,  2.300460108040230E-01, -1.245601848826897E-03, -3.764469310082238E-03,  3.184512406276965E-03,  1.062182406110364E-01,  1.839111825390197E+01, -1.335410346690955E-03

2437300.500000000, A.D. 1961-Jan-01, -1.481800493365409E+01,  1.086030056211744E+01,  2.341445230909669E-01,  1.536371815029982E-03, -5.270033011100717E-03, -7.797026447460807E-04,  1.061147131601850E-01,  1.837319303145261E+01, -4.364111919714774E-03

2437481.500000000, A.D. 1961-Jul-01, -1.522907094298195E+01,  1.024215208390742E+01,  2.367500795594927E-01,  1.990813537497106E-03, -4.806993148190649E-03, -2.058297809902421E-03,  1.060059112831142E-01,  1.835435457041292E+01, -4.360790642354507E-03

2437665.500000000, A.D. 1962-Jan-01, -1.561815852218547E+01,  9.602074276675582E+00,  2.379276692170419E-01, -1.734230686219641E-03, -2.798095096885420E-03, -3.880153793919887E-03,  1.058958753622873E-01,  1.833530244132036E+01, -3.846258509924908E-05

2437846.500000000, A.D. 1962-Jul-01, -1.598254293155378E+01,  8.959959786465600E+00,  2.399911059392238E-01, -3.748876438040043E-03, -2.530466744287893E-03, -3.467466045037722E-03,  1.058323594276177E-01,  1.832430499814305E+01,  1.987062392761522E-03

2438030.500000000, A.D. 1963-Jan-01, -1.633440118632043E+01,  8.292669459426874E+00,  2.422252467558603E-01, -6.732918351927665E-03, -3.395325090395166E-03, -9.757875783459898E-05,  1.058102230818334E-01,  1.832047220868347E+01,  4.464854609790844E-03

2438211.500000000, A.D. 1963-Jul-01, -1.665193806577937E+01,  7.617491418491546E+00,  2.441064418403118E-01, -5.876709436599801E-03, -4.115835705464515E-03,  1.101810741789668E-03,  1.057681451307073E-01,  1.831318663729205E+01,  3.646291539798215E-03

2438395.500000000, A.D. 1964-Jan-01, -1.694367456144459E+01,  6.914901781229070E+00,  2.455562361100643E-01, -1.149107407271989E-03, -3.842394517408050E-03,  3.633767632964395E-03,  1.057037050391127E-01,  1.830202918130342E+01, -3.391637278744849E-04

2438577.500000000, A.D. 1964-Jul-01, -1.720089285054648E+01,  6.214705296547769E+00,  2.450757970432240E-01, -4.217685761094654E-03, -2.777664625973958E-03, -5.191799569422434E-04,  1.056388466367869E-01,  1.829079929705687E+01,  3.015633950885344E-03

2438761.500000000, A.D. 1965-Jan-01, -1.743835572018062E+01,  5.503122805215556E+00,  2.459045998533202E-01, -3.837802954876584E-03, -2.216757111054870E-03,  3.320705053190131E-03,  1.056211216479563E-01,  1.828773031037665E+01,  3.037143604170967E-03

2438942.500000000, A.D. 1965-Jul-01, -1.764807208057838E+01,  4.789692827412268E+00,  2.466318759092170E-01, -2.999728266279959E-03, -3.075948628228031E-03,  3.852802379327971E-03,  1.056235459523484E-01,  1.828815006567010E+01,  2.141102042637418E-03

2439126.500000000, A.D. 1966-Jan-01, -1.783451867670600E+01,  4.050515314096280E+00,  2.476493381895317E-01,  1.862620019451086E-03, -5.165533355393392E-03,  2.441447481641995E-03,  1.056364345135355E-01,  1.829038165086255E+01, -2.927078376761213E-03

2439307.500000000, A.D. 1966-Jul-01, -1.798334474815217E+01,  3.316526039362085E+00,  2.468076871130224E-01,  3.529556673586822E-03, -5.265582415723731E-03,  1.253435135025489E-03,  1.056242588060458E-01,  1.828827349246170E+01, -4.408689440805885E-03

2439491.500000000, A.D. 1967-Jan-01, -1.809912292620874E+01,  2.567308787524057E+00,  2.446472796838130E-01,  3.086237979070586E-03, -4.322805120681354E-03, -2.614641318447515E-03,  1.055876554741541E-01,  1.828193582200664E+01, -3.697411569531454E-03

2439672.500000000, A.D. 1967-Jul-01, -1.818914613151983E+01,  1.830104444890003E+00,  2.427595167394088E-01,  1.440504902562350E-03, -3.931065063224470E-03, -3.273837101078915E-03,  1.055914580705911E-01,  1.828259422116994E+01, -1.870115833681166E-03

2439856.500000000, A.D. 1968-Jan-01, -1.825708216507128E+01,  1.079120971788420E+00,  2.405718667313362E-01, -3.596506161629043E-03, -4.266487158941470E-03, -3.028967613177870E-03,  1.056372815805016E-01,  1.829052831596124E+01,  3.298372102535155E-03

2440038.500000000, A.D. 1968-Jul-01, -1.829486088515468E+01,  3.277796086825572E-01,  2.398375055187475E-01,  2.198271277215390E-03, -6.152877216792385E-03, -2.211840029242588E-03,  1.056883396156342E-01,  1.829936874069935E+01, -2.336929633588259E-03

2440222.500000000, A.D. 1969-Jan-01, -1.829694930696135E+01, -4.373496890073450E-01,  2.359019961237395E-01,  2.376557590281736E-04, -5.415734941339920E-03, -3.872322353935896E-03,  1.057133303900539E-01,  1.830369575915649E+01, -1.580715716707301E-04

2440403.500000000, A.D. 1969-Jul-01, -1.826744792862798E+01, -1.183488927172482E+00,  2.320704538155236E-01, -5.746093065127943E-04, -4.142283301697335E-03, -3.480571697274961E-03,  1.057336614306053E-01,  1.830721596970464E+01,  7.970220145771900E-04

2440587.500000000, A.D. 1970-Jan-01, -1.820848502464553E+01, -1.933628768043652E+00,  2.278327097379903E-01, -3.620269343766500E-03, -2.062156025944227E-03,  7.764041149532765E-05,  1.057629334388349E-01,  1.831228426081719E+01,  3.818461551630133E-03

2440768.500000000, A.D. 1970-Jul-01, -1.812630514248398E+01, -2.670899495789573E+00,  2.243979945114844E-01, -3.915724213188303E-03, -2.363675292055634E-03,  1.354683553000189E-03,  1.058271340339229E-01,  1.832340024927117E+01,  4.234734727437018E-03

2440952.500000000, A.D. 1971-Jan-01, -1.801748643278946E+01, -3.420493105984387E+00,  2.215183405561927E-01, -1.907734386185951E-04, -4.193719677929393E-03,  3.763851398880619E-03,  1.059266372209187E-01,  1.834062869203348E+01,  1.014992970928079E-03

2441133.500000000, A.D. 1971-Jul-01, -1.787531068681883E+01, -4.154430792922965E+00,  2.171586222486920E-01,  2.086010056812973E-03, -4.622449620642737E-03,  3.627823541121242E-03,  1.059981786040447E-01,  1.835301569853584E+01, -9.424400840051505E-04

2441317.500000000, A.D. 1972-Jan-01, -1.769509219290791E+01, -4.892874258299832E+00,  2.120172429663051E-01,  5.719860848598506E-03, -4.461238102614774E-03,  9.393977453517234E-04,  1.060403815653144E-01,  1.836032291476265E+01, -4.312888167693221E-03

2441499.500000000, A.D. 1972-Jul-01, -1.749241558862206E+01, -5.608649946363548E+00,  2.054485778396203E-01,  7.083959234436601E-04, -1.956006154883907E-03,  3.684709645410669E-03,  1.061004950655181E-01,  1.837073124467418E+01, -3.614356517663108E-05

2441683.500000000, A.D. 1973-Jan-01, -1.726532268643334E+01, -6.321108533767837E+00,  2.012544342044191E-01,  3.132489205630529E-03, -4.150646588984394E-03,  2.587148667349523E-03,  1.061954787503948E-01,  1.838717715990220E+01, -1.486148417117437E-03

2441864.500000000, A.D. 1973-Jul-01, -1.701494555039355E+01, -7.018011527396164E+00,  1.959312727178318E-01,  4.056224978949044E-03, -5.360389503304369E-03,  1.455208677648859E-03,  1.063070789042080E-01,  1.840650012754059E+01, -1.690275214059180E-03

2442048.500000000, A.D. 1974-Jan-01, -1.673016669227430E+01, -7.720858486545899E+00,  1.893933067180917E-01,  4.968078851679087E-03, -5.806141166222259E-03, -2.701819233198271E-03,  1.064241715117675E-01,  1.842677408406533E+01, -2.105637119843226E-03

2442229.500000000, A.D. 1974-Jul-01, -1.642064860525938E+01, -8.395240922933963E+00,  1.822346162231566E-01,  4.585511958902203E-03, -4.688399592756871E-03, -3.536741817772739E-03,  1.065189385402739E-01,  1.844318248640570E+01, -1.983462086490455E-03

2442413.500000000, A.D. 1975-Jan-01, -1.607874235133568E+01, -9.061343968247147E+00,  1.739643127901774E-01, -1.569035191487696E-04, -2.148372143353096E-03, -3.184743502980983E-03,  1.065992620194790E-01,  1.845709006570779E+01,  1.161392095390559E-03

2442594.500000000, A.D. 1975-Jul-01, -1.572401209716303E+01, -9.702910459642656E+00,  1.669839058211587E-01, -1.769546571067045E-03, -2.002852712132351E-03, -2.187392515708183E-03,  1.067172814374871E-01,  1.847752449448723E+01,  2.537819007507078E-03

2442778.500000000, A.D. 1976-Jan-01, -1.534504896094547E+01, -1.034291942789442E+01,  1.603375452718690E-01, -1.960893664073048E-03, -3.166115895832215E-03,  1.805381712338349E-03,  1.068817706469943E-01,  1.850600491824623E+01,  3.411128530619371E-03

2442960.500000000, A.D. 1976-Jul-01, -1.493969017267594E+01, -1.096553149509259E+01,  1.531381305641355E-01,  5.317858050827081E-04, -4.179671607506498E-03, -3.388739330080537E-03,  1.070359026800365E-01,  1.853269205249066E+01,  2.016364388577553E-03

2443144.500000000, A.D. 1977-Jan-01, -1.450164391207213E+01, -1.157653285535478E+01,  1.440700593998594E-01, -1.897017124502455E-04, -2.050402326723670E-03,  1.733170954211599E-04,  1.071719824589258E-01,  1.855625353582083E+01,  1.428763965664138E-03

2443325.500000000, A.D. 1977-Jul-01, -1.405061754359792E+01, -1.215465836514336E+01,  1.358875921642000E-01, -2.831109009391926E-04, -1.263832795552836E-03,  1.519349503636141E-03,  1.073025464866713E-01,  1.857885999644529E+01,  1.052045152478329E-03

2443509.500000000, A.D. 1978-Jan-01, -1.357533405852296E+01, -1.271973008220473E+01,  1.287521234249625E-01,  1.580119335318505E-03, -2.235642704950130E-03,  3.939155938993701E-03,  1.074460339121651E-01,  1.860370407402580E+01,  4.027853055373674E-04

2443690.500000000, A.D. 1978-Jul-01, -1.308865146626720E+01, -1.326263823558715E+01,  1.211473376138634E-01,  2.838230720636696E-03, -3.315778591937880E-03,  3.749916354297350E-03,  1.076208676947158E-01,  1.863397560508459E+01,  3.907728435321908E-04

2443874.500000000, A.D. 1979-Jan-01, -1.257231184031109E+01, -1.380082075580138E+01,  1.132498804448710E-01,  6.953874348839182E-03, -4.614737165406369E-03,  5.146119029381678E-04,  1.078242256939640E-01,  1.866918595116578E+01, -1.268445056067172E-03

2444055.500000000, A.D. 1979-Jul-01, -1.204023979760241E+01, -1.430679236445718E+01,  1.041455166477477E-01,  7.745305741142894E-03, -3.926881303331665E-03, -8.268273037635678E-04,  1.079979504005386E-01,  1.869926545167208E+01, -1.987263801096424E-03

2444239.500000000, A.D. 1980-Jan-01, -1.147670928620317E+01, -1.479460362653342E+01,  9.383994414554127E-02,  4.661582966022008E-03, -2.025515366875444E-03, -3.750028546125406E-03,  1.081432392998231E-01,  1.872442144477034E+01, -1.275598184004784E-03

2444421.500000000, A.D. 1980-Jul-01, -1.090993889903652E+01, -1.525215499532178E+01,  8.555037866930404E-02,  6.201440573347309E-03, -2.060433975684291E-03,  9.825041357901334E-04,  1.083063409210717E-01,  1.875266161507000E+01, -1.927578416738009E-03

2444605.500000000, A.D. 1981-Jan-01, -1.032423767902261E+01, -1.569589943444335E+01,  7.679562874097019E-02,  4.796670945475416E-03, -3.684831970375452E-03, -2.855651976521361E-03,  1.085055346241371E-01,  1.878715093561828E+01,  4.309051207085426E-04

2444786.500000000, A.D. 1981-Jul-01, -9.728727224357396E+00, -1.611334815544291E+01,  6.740731927856666E-02,  4.598243776229895E-03, -3.956341183562804E-03, -3.623008153338444E-03,  1.087106388113193E-01,  1.882266362476789E+01,  9.972353865148199E-04

2444970.500000000, A.D. 1982-Jan-01, -9.102857536128237E+00, -1.651544755077280E+01,  5.632184485154876E-02,  2.011538322994809E-03, -2.218247104775779E-03, -3.103620517821556E-03,  1.089148826151930E-01,  1.885802734316560E+01,  9.624440015561251E-04

2445151.500000000, A.D. 1982-Jul-01, -8.474093849262667E+00, -1.688048750849126E+01,  4.626693795682473E-02,  1.022841653541661E-03, -1.002327716051418E-03, -2.078049586858767E-03,  1.090890179134470E-01,  1.888817793541740E+01,  4.318033937288220E-04

2445335.500000000, A.D. 1983-Jan-01, -7.825922289170457E+00, -1.722084634522554E+01,  3.672285778955560E-02, -3.743742658938599E-04, -1.918686117000307E-04,  2.114766064682505E-03,  1.092480103597671E-01,  1.891570662413347E+01,  3.336710687777019E-04

2445516.500000000, A.D. 1983-Jul-01, -7.179932061421995E+00, -1.753538344149910E+01,  2.776492219389496E-02,  1.470198916927105E-04, -8.213481077564449E-04,  3.059752532494942E-03,  1.094368323405252E-01,  1.894840013663266E+01,  7.088733016280925E-04

2445700.500000000, A.D. 1984-Jan-01, -6.513853479613342E+00, -1.783514782870693E+01,  1.928486939098056E-02,  5.276235599982446E-03, -2.315044388097017E-03,  3.386955705077035E-03,  1.096623502770985E-01,  1.898744735692209E+01,  3.679194015188092E-04

2445882.500000000, A.D. 1984-Jul-01, -5.838107626064847E+00, -1.810569885114620E+01,  8.032014037685282E-03,  1.366850577006241E-03, -1.114765532786833E-03,  1.549075276450534E-03,  1.098715359607827E-01,  1.902366673528431E+01,  6.421596116732006E-04

2446066.500000000, A.D. 1985-Jan-01, -5.143288300457091E+00, -1.834620966653290E+01, -1.790054097064493E-03,  4.476910845484725E-03,  4.833299241482198E-04,  3.695339851175608E-03,  1.100439847269383E-01,  1.905352531355544E+01, -1.674227190694705E-03

2446247.500000000, A.D. 1985-Jul-01, -4.457907099943954E+00, -1.855458577740658E+01, -1.114603418353903E-02,  4.829656838476652E-03,  5.012005604227547E-04,  3.601257928757495E-03,  1.102119198154108E-01,  1.908260237276214E+01, -1.617697075144555E-03

2446431.500000000, A.D. 1986-Jan-01, -3.760547439888269E+00, -1.874027371906151E+01, -1.960713779288004E-02,  6.506875686248916E-03, -1.897781776259227E-03,  6.118526644237977E-04,  1.103924966248828E-01,  1.911386827810765E+01,  5.798689413248949E-04

2446612.500000000, A.D. 1986-Jul-01, -3.067143857931570E+00, -1.890195887841044E+01, -2.897904061746559E-02,  7.039940902073831E-03, -2.756132631809565E-03, -7.216978446688650E-04,  1.105966159582854E-01,  1.914921044511136E+01,  1.594045267326386E-03

2446796.500000000, A.D. 1987-Jan-01, -2.352903969166265E+00, -1.904330890955932E+01, -3.977877533716863E-02,  5.793895338989405E-03, -2.150257736004752E-03, -3.809681801958767E-03,  1.108215501834424E-01,  1.918815659890202E+01,  1.431460458267470E-03

2446977.500000000, A.D. 1987-Jul-01, -1.646405519313254E+00, -1.914976146631838E+01, -5.004218444436442E-02,  4.588438060173867E-03, -8.285926670571969E-04, -3.934070130408433E-03,  1.110081847191899E-01,  1.922047136703836E+01,  4.427462511281194E-04

2447161.500000000, A.D. 1988-Jan-01, -9.279719996007926E-01, -1.922497282869469E+01, -6.051285598634554E-02, -1.614567680500313E-05,  1.241905570033786E-03, -1.502002631104379E-03,  1.111640066997368E-01,  1.924745110662271E+01, -1.234954566354430E-03

2447343.500000000, A.D. 1988-Jul-01, -2.216473738026810E-01, -1.927587208480898E+01, -6.830308685099991E-02,  3.850574434553865E-03, -1.117923653822297E-03, -3.458529869632167E-03,  1.113362111122142E-01,  1.927726737636600E+01,  1.085823602381263E-03

2447527.500000000, A.D. 1989-Jan-01,  4.903886582399306E-01, -1.930794180932050E+01, -7.807831092144758E-02,  1.060403521285192E-03, -1.036623173597266E-03, -2.815359634284376E-03,  1.115502446702453E-01,  1.931432613815127E+01,  1.074585162869837E-03

2447708.500000000, A.D. 1989-Jul-01,  1.196109375424476E+00, -1.931298990845696E+01, -8.763736231579965E-02,  1.245353823798264E-03, -1.827148151315297E-04, -1.901520437381926E-03,  1.117573896145842E-01,  1.935019217344914E+01,  2.679556334206762E-04

2447892.500000000, A.D. 1990-Jan-01,  1.916612024288127E+00, -1.928855015740594E+01, -9.755887390527904E-02,  1.871765613114511E-03,  2.197379141013392E-03,  2.109459047782137E-03,  1.119514004803619E-01,  1.938378411353904E+01, -2.012125471287042E-03

2448073.500000000, A.D. 1990-Jul-01,  2.618745510376358E+00, -1.923519902194540E+01, -1.063420860478842E-01,  1.957185317539842E-03,  2.601278494939608E-03,  3.120029238133763E-03,  1.121197579114426E-01,  1.941293429910148E+01, -2.330535354369150E-03

2448257.500000000, A.D. 1991-Jan-01,  3.323181366250504E+00, -1.915362959089380E+01, -1.136436739545167E-01,  4.621527476198314E-03,  4.637930111306400E-04,  3.443517390109066E-03,  1.122767263718941E-01,  1.944011254552779E+01,  3.129364847394696E-04

2448438.500000000, A.D. 1991-Jul-01,  4.012968244312389E+00, -1.905442072960234E+01, -1.216376743973258E-01,  5.848318969524964E-03, -6.942382484276115E-04,  2.594292307488368E-03,  1.124654717454775E-01,  1.947279279390586E+01,  1.868343317853797E-03

2448622.500000000, A.D. 1992-Jan-01,  4.713200521771900E+00, -1.893347842644674E+01, -1.302596828604716E-01,  7.996809838844505E-03, -1.241924636973185E-03, -1.551677545381208E-03,  1.126903875156449E-01,  1.951173575231414E+01,  3.147164528611308E-03

2448804.500000000, A.D. 1992-Jul-01,  5.402513574666861E+00, -1.878297666017605E+01, -1.396269962892054E-01,  6.493913006938763E-03,  1.126417729924028E-03,  3.319100892778255E-03,  1.128824815333082E-01,  1.954499580044137E+01,  6.887972395254947E-04

2448988.500000000, A.D. 1993-Jan-01,  6.092793481517034E+00, -1.859921809950353E+01, -1.475612035739016E-01,  7.101278485719007E-03,  1.085058177399561E-03,  1.902801876230725E-04,  1.130401617014460E-01,  1.957229727523359E+01,  1.178058522123309E-03

2449169.500000000, A.D. 1993-Jul-01,  6.758253978699163E+00, -1.839690246597134E+01, -1.551234476214567E-01,  6.185766676434560E-03,  5.912542183034600E-04, -9.918044008733081E-04,  1.131978137730317E-01,  1.959959388525863E+01,  1.585828174072655E-03

2449353.500000000, A.D. 1994-Jan-01,  7.422636542015997E+00, -1.817195647045580E+01, -1.629414114293720E-01,  3.720902892452334E-03, -1.843346008408308E-04, -3.797758615295912E-03,  1.133741876213045E-01,  1.963013207043117E+01,  1.609130399989138E-03

2449534.500000000, A.D. 1994-Jul-01,  8.072181559593609E+00, -1.792845307934139E+01, -1.708286070576167E-01,  3.373716627804496E-03,  2.490664936787334E-04, -3.938708404100646E-03,  1.135618372487129E-01,  1.966262259624026E+01,  1.192146172782838E-03

2449718.500000000, A.D. 1995-Jan-01,  8.727681968876016E+00, -1.765594409042171E+01, -1.797580042984241E-01,  1.005190514180255E-03,  2.761055452830148E-03, -1.401513766782771E-03,  1.137552968634270E-01,  1.969611909016723E+01, -2.016850328750522E-03

2449899.500000000, A.D. 1995-Jul-01,  9.358520016800952E+00, -1.735977155434968E+01, -1.871164169323723E-01,  1.040740588423086E-04,  3.614370303777782E-03, -5.899980704295674E-05,  1.139078904085009E-01,  1.972253984347751E+01, -3.131423451601411E-03

2450083.500000000, A.D. 1996-Jan-01,  9.981994749835577E+00, -1.703235727840626E+01, -1.930864309555216E-01,  6.307456250102913E-04,  2.793573158551966E-03,  3.530048219553187E-03,  1.140249829097643E-01,  1.974281378159767E+01, -2.125666659198301E-03

2450265.500000000, A.D. 1996-Jul-01,  1.058559179626200E+01, -1.669349469334630E+01, -1.995574143511835E-01, -1.065242509191753E-03,  1.791262422500668E-03, -1.493980286595063E-03,  1.141694994527094E-01,  1.976783604534125E+01, -2.068031987612786E-03

2450449.500000000, A.D. 1997-Jan-01,  1.118417319784993E+01, -1.633433996921356E+01, -2.060040394707617E-01,  1.047460974541930E-03,  1.865124337287867E-03,  2.283828404370553E-03,  1.143405067298139E-01,  1.979744503752014E+01, -9.708862882649331E-04

2450630.500000000, A.D. 1997-Jul-01,  1.176327510400139E+01, -1.595548372181393E+01, -2.123224912224577E-01,  2.316254769864915E-03,  2.682661587674256E-03,  3.090053077680816E-03,  1.144947795439034E-01,  1.982415654724728E+01, -8.178158275343983E-04

2450814.500000000, A.D. 1998-Jan-01,  1.233831475237014E+01, -1.554355635603027E+01, -2.177722899460917E-01,  5.117977905330311E-03,  3.356388563332432E-03,  3.288846867093534E-03,  1.146238271318455E-01,  1.984650044445902E+01,  5.170074099428441E-04

2450995.500000000, A.D. 1998-Jul-01,  1.288229057027782E+01, -1.511963120830243E+01, -2.228036071608567E-01,  5.118153955253412E-03,  2.962522173682948E-03,  2.561964016584792E-03,  1.147289380636865E-01,  1.986469983814267E+01,  1.035529812470522E-03

2451179.500000000, A.D. 1999-Jan-01,  1.341404470560216E+01, -1.467299636135852E+01, -2.271818761170741E-01,  5.542690392268260E-03,  1.004285507144325E-03, -1.458579900285135E-03,  1.148275635324245E-01,  1.988177630869963E+01,  3.015091866368473E-03

2451360.500000000, A.D. 1999-Jul-01,  1.392443087195805E+01, -1.421885982807658E+01, -2.322115975079613E-01,  5.595434778747219E-03,  7.344100526388900E-04, -2.644449668113396E-03,  1.149487286054437E-01,  1.990275539076049E+01,  3.420875236902227E-03

2451544.500000000, A.D. 2000-Jan-01,  1.443147306406968E+01, -1.374045057398465E+01, -2.385210306938143E-01,  2.724881313592866E-03,  2.387713477881905E-03, -3.852799040808888E-03,  1.150943996229659E-01,  1.992797754558066E+01,  3.730818058929211E-04

2451726.500000000, A.D. 2000-Jul-01,  1.491322715159894E+01, -1.324299941503557E+01, -2.422483369969579E-01,  6.660422302759085E-03,  3.112237836089044E-03, -1.343779911036021E-03,  1.151980754158637E-01,  1.994592845265916E+01,  2.929848839640785E-03

2451910.500000000, A.D. 2001-Jan-01,  1.537628141146323E+01, -1.272050184203798E+01, -2.466013159740513E-01,  1.821927088581055E-03,  2.721473820518822E-03, -3.664200459869486E-03,  1.152649364897300E-01,  1.995750508873394E+01, -2.856295133603143E-04

2452091.500000000, A.D. 2001-Jul-01,  1.581046004755974E+01, -1.219705444707039E+01, -2.501424908307184E-01,  3.725347138135990E-04,  2.028352804446274E-03, -3.613207681565388E-03,  1.153371669269174E-01,  1.997001140124866E+01, -8.986558522516694E-04

2452275.500000000, A.D. 2002-Jan-01,  1.623247966665057E+01, -1.165624509431592E+01, -2.541001279321426E-01, -1.075813019727762E-03,  2.337432421665456E-03, -1.012314843170050E-03,  1.154274600219357E-01,  1.998564516601861E+01, -2.224174824768991E-03

2452456.500000000, A.D. 2002-Jul-01,  1.663338450495487E+01, -1.110707795883451E+01, -2.576152879593384E-01, -5.788610903184517E-04,  3.336150072305202E-03,  2.006450784073349E-04,  1.155252414584004E-01,  2.000257549691765E+01, -2.336448487473164E-03

2452640.500000000, A.D. 2003-Jan-01,  1.702338936866042E+01, -1.052987203270721E+01, -2.605625409865536E-01,  1.212900814569674E-03,  5.158994939431358E-03,  3.498598160625992E-03,  1.156174360441674E-01,  2.001853849460483E+01, -1.727772351291106E-03

2452821.500000000, A.D. 2003-Jul-01,  1.738112171001246E+01, -9.948464095900874E+00, -2.626242676942373E-01,  1.443143501849709E-03,  5.060592187822624E-03,  3.859137778040518E-03,  1.156754719559538E-01,  2.002858710123301E+01, -1.311883356223263E-03

2453005.500000000, A.D. 2004-Jan-01,  1.771801309661931E+01, -9.346891412234804E+00, -2.632134598970823E-01,  4.154721238297646E-03,  2.521174251215333E-03,  1.928172511491771E-03,  1.157068052408669E-01,  2.003401229133977E+01,  2.472831786117805E-03

2453187.500000000, A.D. 2004-Jul-01,  1.803237329546233E+01, -8.746929236930519E+00, -2.659635760615060E-01,  1.440112494705156E-04,  3.260954800816028E-03,  3.373817012787031E-03,  1.157621926854356E-01,  2.004360233008439E+01, -1.338271847261969E-03

2453371.500000000, A.D. 2005-Jan-01,  1.833574838706332E+01, -8.130197313805487E+00, -2.673135292548075E-01,  5.137026440147619E-03,  3.447731240607248E-03,  2.848028828273425E-03,  1.158522383230481E-01,  2.005919324893271E+01,  3.260309203068499E-03

2453552.500000000, A.D. 2005-Jul-01,  1.861158165743502E+01, -7.507721859861681E+00, -2.687146165563432E-01,  5.487007688781236E-03,  3.941159111175753E-03,  2.023790029306456E-03,  1.159181300932694E-01,  2.007060205528393E+01,  3.586785442835810E-03

2453736.500000000, A.D. 2006-Jan-01,  1.886664907172569E+01, -6.860574126978420E+00, -2.693823107693050E-01,  3.706914889714628E-03,  3.133236996329791E-03, -1.703047457338689E-03,  1.159557377642009E-01,  2.007711362165311E+01,  2.435610490292689E-03

2453917.500000000, A.D. 2006-Jul-01,  1.909081568365567E+01, -6.220482888541659E+00, -2.696479141767875E-01,  2.423954282396319E-03,  2.311117652241619E-03, -2.649269203949289E-03,  1.159752786809596E-01,  2.008049702650741E+01,  1.624131439254049E-03

2454101.500000000, A.D. 2007-Jan-01,  1.929436730123620E+01, -5.568233751512946E+00, -2.703549326770091E-01, -3.715887053086401E-04,  2.146861891016122E-03, -3.593086462323068E-03,  1.159931912615811E-01,  2.008359849369936E+01, -9.038414686331908E-04

2454282.500000000, A.D. 2007-Jul-01,  1.947721723721667E+01, -4.918139535301751E+00, -2.708166266463175E-01, -6.738991252314599E-04,  3.029393251252636E-03, -3.081274605904502E-03,  1.160323667285276E-01,  2.009038151553366E+01, -1.353393809843788E-03

2454466.500000000, A.D. 2008-Jan-01,  1.964355790488981E+01, -4.246865511681476E+00, -2.715009210382242E-01, -2.020270725911878E-03,  5.716253932965030E-03,  6.983851886443527E-04,  1.160834569444362E-01,  2.009922751220039E+01, -3.191718629730556E-03

2454648.500000000, A.D. 2008-Jul-01,  1.978049331854232E+01, -3.573543602337332E+00, -2.701177992159009E-01, -8.398984194615919E-04,  4.515689032755089E-03, -3.591279554828705E-03,  1.161024416068472E-01,  2.010251460460001E+01, -1.580924019852194E-03

2454832.500000000, A.D. 2009-Jan-01,  1.988608998838234E+01, -2.889779948645671E+00, -2.688498277475673E-01, -4.171234881193483E-03,  4.296540326542906E-03, -6.738985497293435E-04,  1.160691944178155E-01,  2.009675803226766E+01, -4.736307748366204E-03

2455013.500000000, A.D. 2009-Jul-01,  1.996933751786364E+01, -2.218716635979972E+00, -2.672370710431720E-01, -3.678995399560564E-03,  3.823743406859727E-03,  4.715787995803786E-04,  1.160532256966158E-01,  2.009399313390125E+01, -4.084649912998234E-03

2455197.500000000, A.D. 2010-Jan-01,  2.003404745610753E+01, -1.536825711816189E+00, -2.654480212813095E-01,  1.473029745192399E-04,  4.076591080171259E-03,  3.455584871308633E-03,  1.160570761705744E-01,  2.009465982280043E+01, -2.105640707727247E-04

2455378.500000000, A.D. 2010-Jul-01,  2.007511347579077E+01, -8.582357244389331E-01, -2.635960662935015E-01,  1.180757693797025E-03,  4.635368492047817E-03,  3.735090504484523E-03,  1.160600766235154E-01,  2.009517933512276E+01,  9.326142542846535E-04

2455562.500000000, A.D. 2011-Jan-01,  2.009088839986287E+01, -1.612954097456015E-01, -2.605081807955955E-01,  2.833116930140103E-03,  4.029500022956226E-03,  1.946177429200187E-03,  1.160487873873781E-01,  2.009322466447860E+01,  2.775209156294719E-03

2455743.500000000, A.D. 2011-Jul-01,  2.007661559242938E+01,  5.208236376350852E-01, -2.573192299470074E-01,  2.467529135597860E-03,  3.145610988913467E-03,  7.952352680964255E-04,  1.160013919514833E-01,  2.008501839914015E+01,  2.537877344026607E-03

2455927.500000000, A.D. 2012-Jan-01,  2.003465039168234E+01,  1.207789515916737E+00, -2.539939235894971E-01,  1.524037678787348E-03,  1.861061505024371E-03, -3.084050496211900E-03,  1.159298439102916E-01,  2.007263023982946E+01,  1.672160665420916E-03

2456109.500000000, A.D. 2012-Jul-01,  1.997330922225545E+01,  1.884444300902373E+00, -2.507170221188011E-01,  3.579017100638935E-03,  2.237487377317340E-03,  1.952107529323490E-03,  1.158775493598592E-01,  2.006357571910397E+01,  3.748674217682247E-03

2456293.500000000, A.D. 2013-Jan-01,  1.989395294079842E+01,  2.569927293703318E+00, -2.478382313524771E-01,  3.478585017745311E-03,  3.635943841175347E-03, -2.057914412834701E-03,  1.158614630181459E-01,  2.006079045537696E+01,  3.940869030241153E-03

2456474.500000000, A.D. 2013-Jul-01,  1.978606375976548E+01,  3.244546214435346E+00, -2.441775664480696E-01,  1.662946034026257E-03,  4.148840681440648E-03, -2.925732491032194E-03,  1.158095872543025E-01,  2.005180844530159E+01,  2.347851065589335E-03

2456658.500000000, A.D. 2014-Jan-01,  1.964572643714461E+01,  3.927068043695259E+00, -2.400740401446761E-01, -3.550770129752730E-03,  3.776979851155433E-03, -3.347634282612305E-03,  1.157172432646638E-01,  2.003581957913593E+01, -2.701228239465596E-03

2456839.500000000, A.D. 2014-Jul-01,  1.948482938509604E+01,  4.587409582418993E+00, -2.354388601273374E-01, -4.361078134264006E-03,  3.125869310279983E-03, -2.683498964713483E-03,  1.156198091233325E-01,  2.001894938052519E+01, -3.496857866304159E-03

2457023.500000000, A.D. 2015-Jan-01,  1.930037023279398E+01,  5.247889599252858E+00, -2.310378425584498E-01, -3.822099485677017E-03,  3.571719588952438E-03,  1.054714606785980E-03,  1.155245179264820E-01,  2.000245022124941E+01, -2.763042698957969E-03

2457204.500000000, A.D. 2015-Jul-01,  1.909936705645723E+01,  5.896161965529544E+00, -2.263040838963823E-01, -3.066195860654715E-03,  4.364892123116872E-03,  2.201475790177953E-03,  1.154528514541398E-01,  1.999004155622066E+01, -1.667054676092911E-03

2457388.500000000, A.D. 2016-Jan-01,  1.887208234923645E+01,  6.554020085535631E+00, -2.203850419082970E-01, -6.996352755340155E-04,  4.875326124680047E-03,  3.857550840199897E-03,  1.153889073024350E-01,  1.997896996956208E+01,  8.959052610855113E-04

2457570.500000000, A.D. 2016-Jul-01,  1.861827018790691E+01,  7.195056627377574E+00, -2.152790923909911E-01, -6.183940441818091E-03,  4.573767814951041E-03,  1.114737103631784E-03,  1.152870959622638E-01,  1.996134188246606E+01, -4.131272116881370E-03

2457754.500000000, A.D. 2017-Jan-01,  1.833415373175262E+01,  7.828135402378098E+00, -2.080035810405724E-01, -2.803795272670733E-03,  2.884344320407134E-03,  3.796279003463293E-03,  1.151436400705840E-01,  1.993650326479620E+01, -1.485507007335844E-03

2457935.500000000, A.D. 2017-Jul-01,  1.803894154640663E+01,  8.439883142400788E+00, -2.017302254576875E-01, -7.444407889374425E-04,  2.716921266376424E-03,  3.748723756365405E-03,  1.150293813312457E-01,  1.991671997734365E+01,  4.390955559105787E-04

2458119.500000000, A.D. 2018-Jan-01,  1.772307579177523E+01,  9.052783002335140E+00, -1.953875570508884E-01,  2.820602285416327E-03,  3.471939509400726E-03,  1.283166805857236E-03,  1.149456525488203E-01,  1.990222278806635E+01,  4.078426269045282E-03

2458300.500000000, A.D. 2018-Jul-01,  1.738684422016906E+01,  9.649689094111221E+00, -1.889650230274486E-01,  2.248974233252158E-03,  3.831392990308847E-03,  1.649313543006042E-04,  1.148521845586803E-01,  1.988603930724675E+01,  3.823946456632635E-03

2458484.500000000, A.D. 2019-Jan-01,  1.701829947353547E+01,  1.024747299091219E+01, -1.819303442426403E-01, -1.339860445785036E-03,  2.751558047011969E-03, -3.134997598435442E-03,  1.147376627285517E-01,  1.986621046703595E+01,  3.002445611229306E-04

2458665.500000000, A.D. 2019-Jul-01,  1.663313646570012E+01,  1.081701890940999E+01, -1.747060901738914E-01, -2.560169288199870E-03,  1.810323259936159E-03, -3.589504805384683E-03,  1.145970611955558E-01,  1.984186606625194E+01, -1.127627602471055E-03

2458849.500000000, A.D. 2020-Jan-01,  1.622195309481305E+01,  1.137658276785577E+01, -1.681312234725241E-01, -4.810883540353732E-03,  2.074700676776799E-03, -2.386362851290635E-03,  1.144378792978257E-01,  1.981430457504108E+01, -2.727206542014096E-03

2459031.500000000, A.D. 2020-Jul-01,  1.580106973493104E+01,  1.192012915036469E+01, -1.600422778526702E-01,  8.003452313578061E-04,  2.010087700780633E-03, -3.218398742868356E-03,  1.143186346601015E-01,  1.979365800604396E+01,  1.875443925730186E-03

2459215.500000000, A.D. 2021-Jan-01,  1.535539160412889E+01,  1.246141806763252E+01, -1.535459878106484E-01, -4.421824682309067E-03,  3.677519751932567E-03, -3.250147172653385E-03,  1.142178759361238E-01,  1.977621217379210E+01, -1.090840413377248E-03

2459396.500000000, A.D. 2021-Jul-01,  1.489110584160464E+01,  1.297737143662098E+01, -1.456019603744578E-01, -6.320491305697697E-03,  3.556979187138587E-03, -2.407556992717219E-03,  1.140834325500534E-01,  1.975293402309548E+01, -2.410189788855739E-03

2459580.500000000, A.D. 2022-Jan-01,  1.439390362524107E+01,  1.348173776401055E+01, -1.367934447882092E-01, -6.997448534465602E-03,  2.837587609427721E-03,  1.379755838399353E-03,  1.139052327628793E-01,  1.972207968640258E+01, -3.176831771563630E-03

2459761.500000000, A.D. 2022-Jul-01,  1.389192394509660E+01,  1.395754576531298E+01, -1.283821920793989E-01, -5.576136037739461E-03,  2.592392627281238E-03,  2.335788848648318E-03,  1.137374097357063E-01,  1.969302203000844E+01, -2.111392179225490E-03

2459945.500000000, A.D. 2023-Jan-01,  1.336930776964068E+01,  1.442265838488343E+01, -1.197458959073763E-01, -8.750254629754421E-04,  3.201847694995567E-03,  3.616971873569748E-03,  1.135834356960404E-01,  1.966636225146912E+01,  1.731258318733587E-03

2460126.500000000, A.D. 2023-Jul-01,  1.283635424502155E+01,  1.486728612006911E+01, -1.112554196113957E-01, -2.784581860965325E-04,  3.513268407883977E-03,  3.270264113950500E-03,  1.134445541898709E-01,  1.964231566409815E+01,  2.458699113541065E-03

2460310.500000000, A.D. 2024-Jan-01,  1.227391503568231E+01,  1.530412933997862E+01, -1.016500872497312E-01, -2.842692073778684E-04,  1.978279885759298E-03, -4.354531023570228E-06,  1.133055573296106E-01,  1.961824910378550E+01,  1.365422451334425E-03

2460492.500000000, A.D. 2024-Jul-01,  1.169565670468012E+01,  1.571025391618770E+01, -9.288862608813662E-02, -3.625828057835285E-03,  2.302795340876081E-03,  3.931555919066182E-03,  1.131189623611719E-01,  1.958594118651633E+01, -3.366770826776343E-04

2460676.500000000, A.D. 2025-Jan-01,  1.109915401542562E+01,  1.609283392963852E+01, -8.293487103651322E-02,  7.353022210456104E-04,  2.484395931638693E-04,  1.278580965291782E-03,  1.129076760471761E-01,  1.954935809529042E+01,  6.165568561067165E-04

2460857.500000000, A.D. 2025-Jul-01,  1.050249738586115E+01,  1.645118247808318E+01, -7.418290217159898E-02,  1.439518506204400E-03,  4.938525266808307E-04, -2.704265105147755E-05,  1.127261281643586E-01,  1.951792405380721E+01,  1.190956754430164E-03

2461041.500000000, A.D. 2026-Jan-01,  9.885436582932019E+00,  1.679834986510743E+01, -6.590900667733389E-02, -1.497085212209094E-03,  1.869469196777729E-03, -3.336768868774041E-03,  1.125723579249373E-01,  1.949129956218637E+01,  8.631840977534514E-04

2461222.500000000, A.D. 2026-Jul-01,  9.258731140621283E+00,  1.711841551712261E+01, -5.673059703817781E-02, -3.674910304106861E-03,  2.005770297526445E-03, -3.627248382987917E-03,  1.124028449411252E-01,  1.946194929887072E+01,  2.653274200743835E-05

2461406.500000000, A.D. 2027-Jan-01,  8.602892759991033E+00,  1.741854735955626E+01, -4.720235811379315E-02, -7.687557696080015E-03,  1.646468564954904E-03, -2.011109522862804E-03,  1.122024000733554E-01,  1.942724334586928E+01, -1.923135155815721E-03

2461587.500000000, A.D. 2027-Jul-01,  7.950446559929677E+00,  1.768557696266909E+01, -3.770321271380505E-02, -7.501012281412317E-03,  1.263600311849792E-03, -9.514611698697091E-04,  1.119900637458592E-01,  1.939047845044155E+01, -1.921201876261482E-03

2461771.500000000, A.D. 2028-Jan-01,  7.281669032243615E+00,  1.793031004156061E+01, -2.839728228235419E-02, -4.945564538687404E-03,  2.030134082588154E-03,  2.765276230972901E-03,  1.117707591320781E-01,  1.935250703364466E+01,  1.604149003347461E-05

2461953.500000000, A.D. 2028-Jul-01,  6.613736022368578E+00,  1.815420527803106E+01, -1.946072400681481E-02, -5.940037300401970E-03,  2.637050636650622E-03, -2.362874755974882E-03,  1.115911827207637E-01,  1.932141434187066E+01,  4.468463342880299E-04

2462137.500000000, A.D. 2029-Jan-01,  5.922789056869054E+00,  1.836123662397950E+01, -9.636027529727774E-03, -7.917599141772843E-03,  2.872906733913359E-03,  1.834828325167862E-03,  1.114262795353051E-01,  1.929286224039762E+01,  3.026077861044902E-04

2462318.500000000, A.D. 2029-Jul-01,  5.232672679788536E+00,  1.853449909710456E+01,  5.331380383753925E-04, -7.547944790518004E-03,  1.697898186202635E-03,  2.889763126112469E-03,  1.112306234926554E-01,  1.925898544676254E+01, -4.166725954638531E-04

2462502.500000000, A.D. 2030-Jan-01,  4.523427350547314E+00,  1.867872921498671E+01,  1.146513908878683E-02, -2.570239323366383E-03, -4.613679241952884E-04,  3.672532756139621E-03,  1.109976569223475E-01,  1.921864853552122E+01, -1.051163990074335E-03

2462683.500000000, A.D. 2030-Jul-01,  3.825962764413793E+00,  1.879652320898516E+01,  2.090741609215562E-02, -7.070908776275342E-04, -4.708328994726390E-04,  3.013582889905109E-03,  1.107857802051244E-01,  1.918196321914538E+01, -5.991210872760408E-04

2462867.500000000, A.D. 2031-Jan-01,  3.117117724215921E+00,  1.889401009790953E+01,  3.010369933158343E-02,  5.089849839493458E-04,  4.681769966113446E-04, -6.410386842294653E-04,  1.105979258329923E-01,  1.914943724288633E+01,  5.437762608125861E-04

2463048.500000000, A.D. 2031-Jul-01,  2.409607077335086E+00,  1.896680294008198E+01,  3.943937478563697E-02, -8.021854211457172E-04,  6.252404006816545E-04, -1.717041187061230E-03,  1.104238288186332E-01,  1.911929327928543E+01,  5.156121948064310E-04

2463232.500000000, A.D. 2032-Jan-01,  1.680913990972272E+00,  1.901421178613703E+01,  4.895724850128802E-02, -5.198933525883158E-03, -2.277775139361963E-04, -3.671076426938977E-03,  1.102455711263381E-01,  1.908842891663165E+01, -6.941218604560430E-04

2463414.500000000, A.D. 2032-Jul-01,  9.580681225894874E-01,  1.902788389702010E+01,  5.954863780220622E-02, -5.587742081060218E-04, -1.801141283351652E-03, -2.493119653549213E-04,  1.100356454526119E-01,  1.905208141296544E+01, -1.827731910828595E-03

2463598.500000000, A.D. 2033-Jan-01,  2.337139681858277E-01,  1.901132888891611E+01,  6.786108031895033E-02, -1.475665948088727E-03, -1.013988023569727E-03, -3.655999100495892E-03,  1.098092745759158E-01,  1.901288651067174E+01, -1.045093473176859E-03

2463779.500000000, A.D. 2033-Jul-01, -4.790979357360496E-01,  1.897444184654805E+01,  7.627001336234392E-02, -2.759273346840783E-03, -7.411872358968825E-05, -3.902041709973809E-03,  1.096230495565756E-01,  1.898064264810332E+01, -2.012618994690823E-05

2463963.500000000, A.D. 2034-Jan-01, -1.205644388828797E+00,  1.891554402267995E+01,  8.460782377841314E-02, -7.797592194521584E-03,  9.271342617375577E-04, -1.811443762469715E-03,  1.094698488642739E-01,  1.895411677050930E+01,  1.413155264800690E-03

2464144.500000000, A.D. 2034-Jul-01, -1.923601684057846E+00,  1.882662736520195E+01,  9.385017980266826E-02, -8.799444257492879E-03,  1.890851385030175E-04, -5.914102852595682E-04,  1.093009709480330E-01,  1.892487646573499E+01,  1.079582068118832E-03

2464328.500000000, A.D. 2035-Jan-01, -2.654268204235894E+00,  1.870300941318887E+01,  1.036771725367177E-01, -6.572506375230996E-03, -1.169838424761502E-03,  3.036210510182525E-03,  1.091035693577892E-01,  1.889069743990291E+01, -2.180712844771630E-04

2464509.500000000, A.D. 2035-Jul-01, -3.362707241716695E+00,  1.855355177026989E+01,  1.123806519682682E-01, -4.536900222264672E-03, -1.219989556896257E-03,  3.537617681292626E-03,  1.089040889729988E-01,  1.885615848195267E+01, -3.702404387379083E-04

2464693.500000000, A.D. 2036-Jan-01, -4.072069085974271E+00,  1.837623735155526E+01,  1.210568511831411E-01, -2.550547067289371E-04, -3.881708351161777E-04,  2.740925434561304E-03,  1.087090792429647E-01,  1.882239359387802E+01, -3.061625069821997E-04

2464875.500000000, A.D. 2036-Jul-01, -4.772285150499523E+00,  1.817872063789520E+01,  1.281107093781921E-01, -6.483970152719874E-03,  7.567296621107604E-04,  2.866872853366157E-03,  1.085516317193134E-01,  1.879513240022992E+01,  2.397802141389440E-03

2465059.500000000, A.D. 2037-Jan-01, -5.480355284992717E+00,  1.795170178320129E+01,  1.379918017944073E-01, -3.558819814239147E-03, -1.011924853573762E-03,  3.761035222297758E-03,  1.084070995090617E-01,  1.877010742377631E+01,  9.892409052073612E-05

2465240.500000000, A.D. 2037-Jul-01, -6.166930290015999E+00,  1.769529235420925E+01,  1.465138997621992E-01, -1.989894493573124E-03, -2.222159157765899E-03,  3.053973462788813E-03,  1.082314055115379E-01,  1.873968695111198E+01, -1.419594992995165E-03

2465424.500000000, A.D. 2038-Jan-01, -6.850719604813766E+00,  1.740262381335265E+01,  1.543534350491128E-01,  8.864531852914220E-04, -3.095284983212188E-03, -8.956387498342511E-04,  1.080203362346310E-01,  1.870314143869312E+01, -3.212143130484967E-03

2465605.500000000, A.D. 2038-Jul-01, -7.510646390292166E+00,  1.709379796248029E+01,  1.612484446596481E-01,  6.638605246781495E-04, -2.539253373936331E-03, -2.070364247262566E-03,  1.078389556803987E-01,  1.867173636925633E+01, -2.609577805410937E-03

2465789.500000000, A.D. 2039-Jan-01, -8.169444099197037E+00,  1.675955498510536E+01,  1.674853184392259E-01, -4.200208207415173E-03, -1.483305941424543E-03, -3.666590600284328E-03,  1.076867891504472E-01,  1.864538955132254E+01,  4.740967493235797E-04

2465970.500000000, A.D. 2039-Jul-01, -8.811132725622418E+00,  1.640335552843527E+01,  1.745206109245846E-01, -6.134250988776709E-03, -1.820974691904179E-03, -3.265280800981576E-03,  1.075451435252069E-01,  1.862086437157040E+01,  1.267918883004368E-03

2466154.500000000, A.D. 2040-Jan-01, -9.454628293252007E+00,  1.601147575466212E+01,  1.815802209316064E-01, -7.843414813165467E-03, -2.384455316488146E-03, -7.599447197107735E-05,  1.073982944431620E-01,  1.859543824120120E+01,  1.934029387247598E-03

2466336.500000000, A.D. 2040-Jul-01, -1.006862567942529E+01,  1.559563130334503E+01,  1.887396185776352E-01, -3.085743126161124E-03, -4.113225363711101E-03, -3.828332036531009E-03,  1.072189724848942E-01,  1.856438960660648E+01, -1.820782282880126E-03

2466520.500000000, A.D. 2041-Jan-01, -1.066820494429415E+01,  1.515371295909303E+01,  1.933808226719366E-01, -5.696849075171663E-03, -1.446709600848541E-03, -1.691046408632885E-03,  1.070393827965010E-01,  1.853329461597757E+01,  2.078697624831941E-03

2466701.500000000, A.D. 2041-Jul-01, -1.124484143763909E+01,  1.470075695012442E+01,  1.989135964526283E-01, -6.583340341308416E-03, -6.124208696137592E-04, -3.890728400219003E-04,  1.069014401812930E-01,  1.850941059253725E+01,  3.508927294580935E-03

2466885.500000000, A.D. 2042-Jan-01, -1.181920662195711E+01,  1.422042123465341E+01,  2.054480745872945E-01, -6.037594360145201E-03, -1.242136461022349E-03,  3.339387969269925E-03,  1.068012238845850E-01,  1.849205867865577E+01,  2.940826833240357E-03

2467066.500000000, A.D. 2042-Jul-01, -1.236551384589744E+01,  1.371977706450022E+01,  2.113035974178204E-01, -4.657837862672062E-03, -2.497670317287298E-03,  3.800923497015511E-03,  1.066803844848629E-01,  1.847113598517832E+01,  1.306483124633431E-03

2467250.500000000, A.D. 2043-Jan-01, -1.289851819725459E+01,  1.318362836962278E+01,  2.170497299427562E-01,  6.720071491081867E-04, -4.272082162076311E-03,  2.443984144296259E-03,  1.065308312353405E-01,  1.844524164272451E+01, -3.494612604204452E-03

2467431.500000000, A.D. 2043-Jul-01, -1.339816429289201E+01,  1.264004207798234E+01,  2.212472895900972E-01,  1.887544221476066E-03, -4.023582402330477E-03,  1.354975018800678E-03,  1.063903810306142E-01,  1.842092344361817E+01, -4.117496831301744E-03

2467615.500000000, A.D. 2044-Jan-01, -1.388186538620693E+01,  1.207332242208487E+01,  2.247769179571454E-01,  3.342218234091101E-04, -3.232286918584026E-03, -2.422210192147094E-03,  1.062635459036453E-01,  1.839896262214894E+01, -2.402772500818408E-03

2467797.500000000, A.D. 2044-Jul-01, -1.434734197171112E+01,  1.149539953116237E+01,  2.288582874486527E-01, -7.119734794610074E-04, -2.914602070595507E-03,  2.932394825615105E-03,  1.061883364110980E-01,  1.838594050218823E+01, -1.230205516580825E-03

2467981.500000000, A.D. 2045-Jan-01, -1.479794158054890E+01,  1.088728986415049E+01,  2.333617330261260E-01,  4.309040754643357E-04, -5.442612512777715E-03, -9.965488285033595E-04,  1.061135172497073E-01,  1.837298596597224E+01, -3.584847333147380E-03

2468162.500000000, A.D. 2045-Jul-01, -1.521330001497523E+01,  1.026937127399991E+01,  2.363197695119895E-01,  8.876497752551713E-04, -5.723562965612602E-03, -2.246060525621789E-03,  1.060181824541173E-01,  1.835647925780873E+01, -3.966570218955528E-03

2468346.500000000, A.D. 2046-Jan-01, -1.560508917658564E+01,  9.624544695181532E+00,  2.374745815683556E-01, -1.585268880307311E-03, -3.580757408077141E-03, -3.921647469906021E-03,  1.058996154395751E-01,  1.833595001562854E+01, -5.811637277300040E-04

2468527.500000000, A.D. 2046-Jul-01, -1.596846792908172E+01,  8.981085204912983E+00,  2.392079798054956E-01, -3.065083914756347E-03, -2.474639952984632E-03, -3.465630713857526E-03,  1.058211581991190E-01,  1.832236556554914E+01,  1.413067287029890E-03

2468711.500000000, A.D. 2047-Jan-01, -1.631748325019212E+01,  8.317096841952685E+00,  2.410694944549114E-01, -6.469343986867712E-03, -2.006749327504955E-03,  1.234923431671307E-04,  1.057870137731876E-01,  1.831645364146337E+01,  4.853715442303081E-03

2468892.500000000, A.D. 2047-Jul-01, -1.663721484713485E+01,  7.644832333381163E+00,  2.431655635254193E-01, -6.299319297867651E-03, -2.990132545767081E-03,  1.357463571273727E-03,  1.057565866347368E-01,  1.831118534575299E+01,  4.493109180160613E-03

2469076.500000000, A.D. 2048-Jan-01, -1.693566468951693E+01,  6.942688317301789E+00,  2.453333358059407E-01, -1.778186323479801E-03, -4.563291233336832E-03,  3.742239576634561E-03,  1.057216239196141E-01,  1.830513173928576E+01, -3.543516073591783E-05

2469258.500000000, A.D. 2048-Jul-01, -1.719569586266690E+01,  6.238311178817516E+00,  2.449096515167794E-01, -4.018127698672771E-03, -3.319182258736611E-03, -4.686580422836242E-04,  1.056570209590218E-01,  1.829394608340435E+01,  2.638776290070150E-03

2469442.500000000, A.D. 2049-Jan-01, -1.742996773979433E+01,  5.522902413448279E+00,  2.451431697585346E-01, -2.849040481994410E-03, -2.195795849707752E-03,  3.266638818665991E-03,  1.056093161427785E-01,  1.828568625051910E+01,  2.096301509390486E-03

2469623.500000000, A.D. 2049-Jul-01, -1.763801202490355E+01,  4.810348037908394E+00,  2.456184786042168E-01, -2.445805290578928E-03, -2.611796461196326E-03,  3.855890880291233E-03,  1.055987225398879E-01,  1.828385202503792E+01,  1.724066195229867E-03

2469807.500000000, A.D. 2050-Jan-01, -1.782617150352280E+01,  4.075585735245310E+00,  2.469387629172654E-01,  1.067217374659749E-03, -5.050371536827333E-03,  2.540513390941899E-03,  1.056215461649993E-01,  1.828780381322412E+01, -2.131489997901522E-03

2469988.500000000, A.D. 2050-Jul-01, -1.797851121665840E+01,  3.341407450853958E+00,  2.464907123722624E-01,  2.604563119398918E-03, -5.751771455242628E-03,  1.302465814778241E-03,  1.056229449970578E-01,  1.828804601348706E+01, -3.593830280051223E-03

2470172.500000000, A.D. 2051-Jan-01, -1.809749348606693E+01,  2.586968061302310E+00,  2.445133086780499E-01,  3.257167799570612E-03, -4.968673069844840E-03, -2.804268278867717E-03,  1.055943342500921E-01,  1.828309221621315E+01, -3.964649504174409E-03

2470353.500000000, A.D. 2051-Jul-01, -1.818591698087106E+01,  1.846807604358397E+00,  2.423050498097515E-01,  2.179006142038666E-03, -3.979002469431861E-03, -3.533606436800754E-03,  1.055825705747039E-01,  1.828105539895916E+01, -2.616472980254265E-03

2470537.500000000, A.D. 2052-Jan-01, -1.824882771763701E+01,  1.096941955432345E+00,  2.394968326811288E-01, -3.261544576539311E-03, -3.124492158180701E-03, -2.983676012581208E-03,  1.055957387791829E-01,  1.828333540288666E+01,  3.028845468175810E-03

2470719.500000000, A.D. 2052-Jul-01, -1.828666527681083E+01,  3.490689621004099E-01,  2.389110397346523E-01,  1.617397712001844E-03, -4.958278831594489E-03, -2.385253744799049E-03,  1.056432223041505E-01,  1.829155692037526E+01, -1.742741496274636E-03

2470903.500000000, A.D. 2053-Jan-01, -1.829401880221300E+01, -4.148889308122738E-01,  2.356017298971942E-01, -7.953531746862670E-04, -5.565379658076561E-03, -3.787116243463865E-03,  1.056933685722903E-01,  1.830023947755230E+01,  8.725005609526535E-04

2471084.500000000, A.D. 2053-Jul-01, -1.826629172262112E+01, -1.163565747601114E+00,  2.318942006629440E-01, -1.018327327691283E-03, -4.895930241426740E-03, -3.342530426568781E-03,  1.057196086317282E-01,  1.830478280300503E+01,  1.285056894691611E-03

2471268.500000000, A.D. 2054-Jan-01, -1.820444631407307E+01, -1.918105635504942E+00,  2.272198645985072E-01, -2.741583181320237E-03, -2.560432412890710E-03,  3.891563463796844E-04,  1.057302648069371E-01,  1.830662786254728E+01,  2.999384056146802E-03

2471449.500000000, A.D. 2054-Jul-01, -1.811943486780183E+01, -2.654539431759614E+00,  2.234726270933298E-01, -3.092395133536511E-03, -2.200274940231913E-03,  1.715108883834066E-03,  1.057740794871064E-01,  1.831421413925094E+01,  3.399351356920854E-03

2471633.500000000, A.D. 2055-Jan-01, -1.800999395145062E+01, -3.398598032026315E+00,  2.207317914904887E-01, -3.809243056856758E-04, -3.636478597344122E-03,  3.907656779551203E-03,  1.058605519199882E-01,  1.832918637687870E+01,  1.095625147475813E-03

2471814.500000000, A.D. 2055-Jul-01, -1.787079346359520E+01, -4.130645239708219E+00,  2.167452958750019E-01,  1.550458540447615E-03, -4.532509791564919E-03,  3.627342459276879E-03,  1.059417210725859E-01,  1.834324037998971E+01, -4.470052603201371E-04

2471998.500000000, A.D. 2056-Jan-01, -1.769519725936826E+01, -4.871978163503326E+00,  2.119365259573661E-01,  5.774167372803829E-03, -5.055787732777167E-03,  4.517093136899540E-04,  1.060088632426874E-01,  1.835486568636890E+01, -4.219459344330886E-03

2472180.500000000, A.D. 2056-Jul-01, -1.749171102701288E+01, -5.590921118915347E+00,  2.051550925484703E-01,  1.883397225695254E-03, -2.508168661491011E-03,  3.630611497249483E-03,  1.060653841414426E-01,  1.836465197662227E+01, -9.897289895294112E-04

2472364.500000000, A.D. 2057-Jan-01, -1.726008683457542E+01, -6.301964136521360E+00,  2.003037590568514E-01,  3.983197505051267E-03, -3.057218301779982E-03,  2.148040534281782E-03,  1.061290540076263E-01,  1.837567607221507E+01, -2.669485135388470E-03

2472545.500000000, A.D. 2057-Jul-01, -1.701007531540989E+01, -6.995524008599720E+00,  1.949856065919320E-01,  4.046768945913094E-03, -4.123553051140638E-03,  1.070637112983514E-03,  1.062315561293059E-01,  1.839342376442161E+01, -2.162765989988630E-03

2472729.500000000, A.D. 2058-Jan-01, -1.673094422379427E+01, -7.695268609058502E+00,  1.890247486571482E-01,  3.776677492004576E-03, -6.012217134878616E-03, -2.836484373731335E-03,  1.063663875206528E-01,  1.841676909614933E+01, -9.479361084337764E-04

2472910.500000000, A.D. 2058-Jul-01, -1.642510460035028E+01, -8.371490118439830E+00,  1.821339127656304E-01,  3.747495121527360E-03, -5.682062822207342E-03, -3.604269552321759E-03,  1.064794898226523E-01,  1.843635215268365E+01, -7.941986672250241E-04

2473094.500000000, A.D. 2059-Jan-01, -1.608317198818551E+01, -9.043111799781483E+00,  1.735958336458488E-01,  3.146751870134136E-04, -2.951639002031288E-03, -3.056696615586791E-03,  1.065698836168692E-01,  1.845200335297935E+01,  1.143528761294150E-03

2473275.500000000, A.D. 2059-Jul-01, -1.572660955160657E+01, -9.685491748009332E+00,  1.662912555149557E-01, -1.090037949781445E-03, -1.966126513028914E-03, -2.036767490391717E-03,  1.066772242932015E-01,  1.847058881495391E+01,  1.940750621763574E-03

2473459.500000000, A.D. 2060-Jan-01, -1.534622681158565E+01, -1.032138214863698E+01,  1.595726441029549E-01, -2.085353120190158E-03, -2.065771129884185E-03,  2.024148961259089E-03,  1.068179063284977E-01,  1.849494715427915E+01,  2.900625429320916E-03

2473641.500000000, A.D. 2060-Jul-01, -1.494465476421101E+01, -1.094216099176509E+01,  1.527821171708990E-01, -6.094042100697224E-04, -4.273241038943650E-03, -3.130685020215968E-03,  1.069792099287069E-01,  1.852287600688640E+01,  2.990222157180775E-03

2473825.500000000, A.D. 2061-Jan-01, -1.451185941047596E+01, -1.155707323000105E+01,  1.442375220436649E-01, -3.131820763546280E-04, -2.785330716048688E-03,  2.682645643281211E-04,  1.071480551593010E-01,  1.855211065231640E+01,  1.982190588568126E-03

2474006.500000000, A.D. 2061-Jul-01, -1.406074675380172E+01, -1.213909875041596E+01,  1.359116266800109E-01,  3.982699812634891E-04, -1.679633825934048E-03,  1.475968820425249E-03,  1.072880515720766E-01,  1.857635027978215E+01,  8.069329350982646E-04

2474190.500000000, A.D. 2062-Jan-01, -1.358051940734457E+01, -1.270585117819574E+01,  1.281196188082888E-01,  2.512127652630623E-03, -1.364159019365263E-03,  3.835288285355280E-03,  1.074130856072092E-01,  1.859799925186697E+01, -8.759985933461956E-04

2474371.500000000, A.D. 2062-Jul-01, -1.309249717304218E+01, -1.324698314634291E+01,  1.204246016352577E-01,  3.073241390830560E-03, -2.236370653760130E-03,  3.731441548186538E-03,  1.075721177018897E-01,  1.862553480548383E+01, -5.455887632945435E-04

2474555.500000000, A.D. 2063-Jan-01, -1.257954067704295E+01, -1.378180923781524E+01,  1.130762475665039E-01,  5.961217940473127E-03, -4.862456432080592E-03,  5.584401748264984E-04,  1.077712178339890E-01,  1.866000792472157E+01, -4.240507455966571E-04

2474736.500000000, A.D. 2063-Jul-01, -1.205037113805697E+01, -1.428944639960639E+01,  1.043175251347004E-01,  6.909784700963119E-03, -4.984713839143022E-03, -8.524635749184058E-04,  1.079590384473772E-01,  1.869252805583532E+01, -6.486867781097590E-04

2474920.500000000, A.D. 2064-Jan-01, -1.148721236808200E+01, -1.478334944439894E+01,  9.389149646085512E-02,  5.058975811819488E-03, -2.908590491259536E-03, -3.879725377440472E-03,  1.081291000182416E-01,  1.872197330405463E+01, -8.267874792133980E-04

2475102.500000000, A.D. 2064-Jul-01, -1.091656613229928E+01, -1.524252166462255E+01,  8.516711851271504E-02,  7.076041370451486E-03, -2.321354862068516E-03,  7.098310370025590E-04,  1.082833657485682E-01,  1.874868358726626E+01, -2.229613473417510E-03

2475286.500000000, A.D. 2065-Jan-01, -1.032780641906536E+01, -1.568221442157167E+01,  7.616550115736845E-02,  4.360432434915317E-03, -2.952344748507750E-03, -2.954228789921118E-03,  1.084508303859711E-01,  1.877767919039530E+01,  5.541637890452256E-05

2475467.500000000, A.D. 2065-Jul-01, -9.733925299455075E+00, -1.609743157794643E+01,  6.707551420635972E-02,  3.512662065484237E-03, -3.433107740205580E-03, -3.617935314542160E-03,  1.086474789767766E-01,  1.881172783841624E+01,  1.107264154965037E-03

2475651.500000000, A.D. 2066-Jan-01, -9.113182503255242E+00, -1.650092141103593E+01,  5.661049418432759E-02,  1.374219095655479E-03, -2.540932282508615E-03, -2.873327481668360E-03,  1.088702374867063E-01,  1.885029727879306E+01,  1.551251609728123E-03

2475832.500000000, A.D. 2066-Jul-01, -8.484746370264588E+00, -1.686898098827583E+01,  4.654303127408988E-02,  1.210812163345694E-03, -1.412643764038292E-03, -1.856422961678703E-03,  1.090572649182150E-01,  1.888268007472164E+01,  7.133533526746457E-04

2476016.500000000, A.D. 2067-Jan-01, -7.831868607459326E+00, -1.721176638920177E+01,  3.644294251031043E-02,  7.593094998459733E-04,  1.076737134799874E-04,  2.313610840621456E-03,  1.092144860375296E-01,  1.890990206767400E+01, -4.080270867292641E-04

2476197.500000000, A.D. 2067-Jul-01, -7.183651858159959E+00, -1.752424931039375E+01,  2.730905559048916E-02,  8.494980087412319E-04, -1.831557346457953E-04,  3.276524511031194E-03,  1.093854680819642E-01,  1.893950669095154E+01, -1.480161256660325E-04

2476381.500000000, A.D. 2068-Jan-01, -6.519473014740387E+00, -1.781895438769309E+01,  1.925083787363714E-02,  4.698624458693572E-03, -2.418035673103679E-03,  3.378243768368429E-03,  1.095856525452935E-01,  1.897416755632177E+01,  6.598100279191761E-04

2476563.500000000, A.D. 2068-Jul-01, -5.848077744557931E+00, -1.808966786011313E+01,  8.452642941278801E-03,  7.914358876203202E-04, -1.811992687429769E-03,  1.993334499331558E-03,  1.098011202993866E-01,  1.901147464145737E+01,  1.481569249935241E-03

2476747.500000000, A.D. 2069-Jan-01, -5.154622375982079E+00, -1.833564196635127E+01, -1.331972533352021E-03,  5.334766082497210E-03, -7.956742877395815E-04,  3.634649342976423E-03,  1.100029152780378E-01,  1.904641435891144E+01, -6.780461018741141E-04

2476928.500000000, A.D. 2069-Jul-01, -4.467255722167947E+00, -1.854580193412298E+01, -1.102146813929170E-02,  6.043807781959479E-03, -6.929188181059179E-05,  3.386415067002715E-03,  1.101752240733258E-01,  1.907624870197812E+01, -1.349923931587076E-03

2477112.500000000, A.D. 2070-Jan-01, -3.766356614851655E+00, -1.872858353912290E+01, -1.992577636508154E-02,  6.667172678093387E-03, -9.063943867180653E-04,  2.388698842854632E-04,  1.103329119828965E-01,  1.910355151715790E+01, -4.261106416802839E-04

2477293.500000000, A.D. 2070-Jul-01, -3.074582568293260E+00, -1.888785410608568E+01, -2.908796140176578E-02,  6.395113273198846E-03, -1.770434149265415E-03, -1.016038487784421E-03,  1.105231016056007E-01,  1.913648182951947E+01,  7.214990056707366E-04

2477477.500000000, A.D. 2071-Jan-01, -2.366484069786988E+00, -1.902941452259880E+01, -3.924653117687782E-02,  4.819056836367121E-03, -2.332944517960472E-03, -3.891737275667533E-03,  1.107515546017989E-01,  1.917603723962954E+01,  1.728359401371051E-03

2477658.500000000, A.D. 2071-Jul-01, -1.662031310825446E+00, -1.913955864803878E+01, -4.939055309471981E-02,  4.288360734932177E-03, -1.479654056139128E-03, -3.980165655847194E-03,  1.109572363048376E-01,  1.921164992255000E+01,  1.113341042653327E-03

2477842.500000000, A.D. 2072-Jan-01, -9.405893958778611E-01, -1.921992218916157E+01, -6.034589321636148E-02,  7.677670390472425E-04,  9.746835460298671E-04, -1.322783403799857E-03,  1.111384057994781E-01,  1.924301844815130E+01, -1.006893536757476E-03

2478024.500000000, A.D. 2072-Jul-01, -2.311161217506734E-01, -1.927030567246506E+01, -6.849286780184029E-02,  4.187579293754909E-03, -3.277150734663317E-05, -3.609042111491926E-03,  1.113047108106010E-01,  1.927181326821407E+01, -4.623668593358550E-06

2478208.500000000, A.D. 2073-Jan-01,  4.794799905870460E-01, -1.929855348968429E+01, -7.790379548416430E-02,  7.994808981918409E-05, -7.718532662044840E-04, -2.532993532554065E-03,  1.114944534849956E-01,  1.930466619387473E+01,  7.838164468398116E-04

2478389.500000000, A.D. 2073-Jul-01,  1.182264077704875E+00, -1.930466688095132E+01, -8.703604782554862E-02,  1.965884868285697E-04, -8.168950759745543E-04, -1.603542320038681E-03,  1.117044801143254E-01,  1.934103117746185E+01,  8.345921508731816E-04

2478573.500000000, A.D. 2074-Jan-01,  1.900444264809792E+00, -1.928647963395021E+01, -9.671933911020929E-02,  2.136795506090132E-03,  1.006953965024818E-03,  2.197638428770045E-03,  1.119302813123428E-01,  1.938012744294997E+01, -8.035184782159370E-04

2478754.500000000, A.D. 2074-Jul-01,  2.604982718191416E+00, -1.923681900140265E+01, -1.057994845624251E-01,  2.860919841344021E-03,  2.084278049453019E-03,  3.075978152501589E-03,  1.121183173177607E-01,  1.941268486803759E+01, -1.698254000837999E-03

2478938.500000000, A.D. 2075-Jan-01,  3.315153522359380E+00, -1.915471505811851E+01, -1.136779819808147E-01,  5.220463674878033E-03,  1.657843545469313E-03,  3.296978555823054E-03,  1.122749881774365E-01,  1.943981158648692E+01, -7.625421669955280E-04

2479119.500000000, A.D. 2075-Jul-01,  4.005840154555702E+00, -1.905347393783369E+01, -1.216054431255738E-01,  5.694552657853429E-03,  5.824146400314663E-04,  2.499796361917983E-03,  1.124516426530497E-01,  1.947039836077722E+01,  5.860412549586177E-04

2479303.500000000, A.D. 2076-Jan-01,  4.702028316602759E+00, -1.893118820948485E+01, -1.296004847702563E-01,  7.092404956641131E-03, -1.477302527829436E-03, -1.585901222318294E-03,  1.126619560963204E-01,  1.950681300465878E+01,  3.153837312540203E-03

2479485.500000000, A.D. 2076-Jul-01,  5.389717464716449E+00, -1.878460960948854E+01, -1.387073040845360E-01,  6.632774268878357E-03,  5.670720554368546E-04,  3.162024576913139E-03,  1.128711029952768E-01,  1.954302566765354E+01,  1.261726646092663E-03

2479669.500000000, A.D. 2077-Jan-01,  6.084121750215720E+00, -1.860567188522053E+01, -1.472262167608863E-01,  8.058345840272617E-03,  1.054115630516544E-03, -1.601396718035244E-04,  1.130599925258004E-01,  1.957573087603208E+01,  1.503852121361507E-03

2479850.500000000, A.D. 2077-Jul-01,  6.753313287222859E+00, -1.840295348902908E+01, -1.551457821556115E-01,  6.796189263868808E-03,  1.094249080466637E-03, -1.287359308583171E-03,  1.132207854009942E-01,  1.960357129934414E+01,  1.324203039098296E-03

2480034.500000000, A.D. 2078-Jan-01,  7.418896057680513E+00, -1.817301368444493E+01, -1.628977426078986E-01,  2.731637056051603E-03,  1.829571522875155E-04, -3.677555640647442E-03,  1.133716713999291E-01,  1.962969640020540E+01,  8.935397526555745E-04

2480215.500000000, A.D. 2078-Jul-01,  8.066342917449305E+00, -1.792832607982298E+01, -1.704125887099567E-01,  2.027179611894496E-03, -4.483702460057722E-06, -3.703358930953163E-03,  1.135473079777644E-01,  1.966010693095885E+01,  8.679205167509877E-04

2480399.500000000, A.D. 2079-Jan-01,  8.718317003475008E+00, -1.765947946083121E+01, -1.789079310498186E-01,  8.857364708182958E-04,  1.936532062479750E-03, -1.097802124112348E-03,  1.137496032007071E-01,  1.969513326302701E+01, -1.334320057182650E-03

2480580.500000000, A.D. 2079-Jul-01,  9.350601373921641E+00, -1.736606823204134E+01, -1.864639430586168E-01,  8.538157983242267E-04,  3.230197204766219E-03,  1.801120532348494E-04,  1.139181777719708E-01,  1.972432104524670E+01, -2.440931587821316E-03

2480764.500000000, A.D. 2080-Jan-01,  9.979742830221637E+00, -1.703845535387689E+01, -1.930308075208096E-01,  1.754095876357037E-03,  3.791833802054933E-03,  3.588953608613469E-03,  1.140487919264189E-01,  1.974693618504067E+01, -2.420342242735905E-03

2480946.500000000, A.D. 2080-Jul-01,  1.058435717870726E+01, -1.669574665341480E+01, -1.996027546631235E-01, -1.379343149616417E-03,  3.005215684622036E-03, -1.088026363880460E-03,  1.141766679280264E-01,  1.976907722836684E+01, -3.265534676795722E-03

2481130.500000000, A.D. 2081-Jan-01,  1.117824558594065E+01, -1.633367643514208E+01, -2.053039952387871E-01,  5.081982918604789E-04,  1.992673688983850E-03,  2.642026872882294E-03,  1.143179654079916E-01,  1.979354212863322E+01, -1.384761780297622E-03

2481311.500000000, A.D. 2081-Jul-01,  1.175480536118100E+01, -1.595663606140677E+01, -2.113681002417891E-01,  2.298740007505183E-03,  2.088736707561703E-03,  3.281139981291585E-03,  1.144710588918619E-01,  1.982004944366276E+01, -3.532533281944745E-04

2481495.500000000, A.D. 2082-Jan-01,  1.233125440098030E+01, -1.554986356466908E+01, -2.171743955213045E-01,  6.221705909236488E-03,  2.632634853754523E-03,  2.980239003598375E-03,  1.146269811659289E-01,  1.984704654853183E+01,  1.770394093315914E-03

2481676.500000000, A.D. 2082-Jul-01,  1.287791164475734E+01, -1.512632530993431E+01, -2.225902134761980E-01,  6.145316309644546E-03,  2.847541906781065E-03,  2.196357565419107E-03,  1.147419585978634E-01,  1.986695427374995E+01,  1.790768079468464E-03

2481860.500000000, A.D. 2083-Jan-01,  1.341153588264226E+01, -1.467525425238508E+01, -2.271584525055257E-01,  4.992310251048324E-03,  1.552020988220478E-03, -1.698710660829777E-03,  1.148274115865692E-01,  1.988175000009034E+01,  2.241458722034538E-03

2482041.500000000, A.D. 2083-Jul-01,  1.391951117247198E+01, -1.421942870080995E+01, -2.318657149200961E-01,  4.456445951319110E-03,  9.551630327985915E-04, -2.765231076808270E-03,  1.149311758090222E-01,  1.989971621827169E+01,  2.466911503081821E-03

2482225.500000000, A.D. 2084-Jan-01,  1.442137727463485E+01, -1.374367567514174E+01, -2.376389425533560E-01,  2.133395919761100E-03,  1.925696969316064E-03, -3.771550074519770E-03,  1.150649685597397E-01,  1.992288171494914E+01,  2.608367647816085E-04

2482407.500000000, A.D. 2084-Jul-01,  1.490375931865884E+01, -1.325081220979044E+01, -2.415026844416970E-01,  7.124536763146631E-03,  2.188642678561503E-03, -1.673200502406569E-03,  1.151871191141824E-01,  1.994403142782908E+01,  3.890144815536345E-03

2482591.500000000, A.D. 2085-Jan-01,  1.537227066075274E+01, -1.272953146413478E+01, -2.465629838085941E-01,  2.384517890356150E-03,  3.686614913630324E-03, -3.799985503980822E-03,  1.152803398053590E-01,  1.996017209016048E+01, -4.677560056486398E-04

2482772.500000000, A.D. 2085-Jul-01,  1.580819664693490E+01, -1.220395543722428E+01, -2.501925789155515E-01,  3.268672597288405E-04,  3.437151851912931E-03, -3.600673880873282E-03,  1.153511711226200E-01,  1.997243615256948E+01, -1.796416018271996E-03

2482956.500000000, A.D. 2086-Jan-01,  1.622720801573819E+01, -1.165956155976973E+01, -2.535789842820717E-01, -2.000254322977013E-03,  2.623656979416690E-03, -7.751266845409654E-04,  1.154138691089356E-01,  1.998329197237950E+01, -3.145261416190776E-03

2483137.500000000, A.D. 2086-Jul-01,  1.662590701378369E+01, -1.111187515354362E+01, -2.567812808488775E-01, -1.235936287933481E-03,  2.683744306579560E-03,  3.841683126921640E-04,  1.155046617319193E-01,  1.999901222773555E+01, -2.523556670378501E-03

2483321.500000000, A.D. 2087-Jan-01,  1.701653651636271E+01, -1.054042642669921E+01, -2.598730460531627E-01,  1.883361437023849E-03,  4.038327321877745E-03,  3.481538141203967E-03,  1.156158138663101E-01,  2.001825762321560E+01, -5.705871856207101E-04

2483502.500000000, A.D. 2087-Jul-01,  1.737786689634746E+01, -9.960368497390672E+00, -2.623299598161947E-01,  2.402015921858286E-03,  4.635309432157693E-03,  3.802099369955098E-03,  1.156933079267686E-01,  2.003167530384812E+01, -2.708151746377428E-04

2483686.500000000, A.D. 2088-Jan-01,  1.771932486078217E+01, -9.354940178220724E+00, -2.632774107168782E-01,  4.178346485029660E-03,  3.425910372140803E-03,  1.877978335127992E-03,  1.157352044893517E-01,  2.003892946878688E+01,  2.070662654559551E-03

2483868.500000000, A.D. 2088-Jul-01,  1.803245440848179E+01, -8.751349363421731E+00, -2.656915645799020E-01, -6.361224138607081E-04,  3.252417552400513E-03,  3.607902649275916E-03,  1.157737360734386E-01,  2.004560100575998E+01, -2.039972759655667E-03

2484052.500000000, A.D. 2089-Jan-01,  1.833152225232723E+01, -8.135941486854405E+00, -2.664707809106259E-01,  4.809622114836210E-03,  2.533960585195275E-03,  2.778225720864133E-03,  1.158433159195334E-01,  2.005764838265359E+01,  3.330959967004736E-03

2484233.500000000, A.D. 2089-Jul-01,  1.860785073775500E+01, -7.515992589366516E+00, -2.679665838290644E-01,  5.930617959813069E-03,  3.185759144591668E-03,  1.753392152439917E-03,  1.159159708524120E-01,  2.007022819431883E+01,  4.282066966020755E-03

2484417.500000000, A.D. 2090-Jan-01,  1.886837291468617E+01, -6.870370217333142E+00, -2.693909470307976E-01,  4.548576394831468E-03,  3.878950699444644E-03, -2.080130758155684E-03,  1.159844381022426E-01,  2.008208293114095E+01,  2.974530923329104E-03

2484598.500000000, A.D. 2090-Jul-01,  1.909520329108698E+01, -6.227349762366683E+00, -2.699089296652701E-01,  2.647647706796389E-03,  3.547600072358908E-03, -2.909769092666512E-03,  1.160116802370569E-01,  2.008679976056665E+01,  1.456209936222841E-03

2484782.500000000, A.D. 2091-Jan-01,  1.929698500420883E+01, -5.569192882078490E+00, -2.702497160506709E-01, -1.549810674085422E-03,  2.456699004975405E-03, -3.329380537331388E-03,  1.160092433966452E-01,  2.008637783472868E+01, -2.125258230006092E-03

2484963.500000000, A.D. 2091-Jul-01,  1.947687229511099E+01, -4.918266658495012E+00, -2.703331808797219E-01, -1.851636231291117E-03,  2.416632967457353E-03, -2.701842254613385E-03,  1.160305774467194E-01,  2.009007171099223E+01, -2.350381364082550E-03

2485147.500000000, A.D. 2092-Jan-01,  1.964117765594621E+01, -4.251225493655009E+00, -2.708446769085719E-01, -1.619523605791404E-03,  4.539567651271026E-03,  1.059483189912239E-03,  1.160752942091429E-01,  2.009781417839643E+01, -2.557244858304541E-03

2485329.500000000, A.D. 2092-Jul-01,  1.978107069885282E+01, -3.579186812718287E+00, -2.700470994918250E-01, -3.300854831663202E-04,  4.253986737211563E-03, -3.533532781802515E-03,  1.161115154736235E-01,  2.010408569592992E+01, -1.034667159024806E-03

2485513.500000000, A.D. 2093-Jan-01,  1.989013561319666E+01, -2.891210168621616E+00, -2.690734099725719E-01, -4.250600548373613E-03,  4.945944852927887E-03, -2.001063971172636E-04,  1.160935202132176E-01,  2.010096991317705E+01, -4.914735185067597E-03

2485694.500000000, A.D. 2093-Jul-01,  1.997170419121286E+01, -2.216685213121766E+00, -2.672004572110130E-01, -4.309087167130852E-03,  4.330490111075191E-03,  1.006062504027316E-03,  1.160655121329140E-01,  2.009612046440098E+01, -4.773457054154734E-03

2485878.500000000, A.D. 2094-Jan-01,  2.003034397873730E+01, -1.534210436063103E+00, -2.646627975674999E-01, -8.710951164016838E-05,  3.630528913168551E-03,  3.598598628838436E-03,  1.160345369460163E-01,  2.009075727704355E+01, -4.114948926719566E-04

2486059.500000000, A.D. 2094-Jul-01,  2.006941566496029E+01, -8.582181236972919E-01, -2.627387082709242E-01,  1.682357709079842E-03,  3.988928570491132E-03,  3.636067583833231E-03,  1.160271324731592E-01,  2.008947523231058E+01,  1.462717633356639E-03

2486243.500000000, A.D. 2095-Jan-01,  2.008826676952215E+01, -1.650063268500517E-01, -2.602898681414743E-01,  3.987678101104090E-03,  4.207442857837152E-03,  1.435083716787413E-03,  1.160338055793258E-01,  2.009063064482659E+01,  3.934060131830416E-03

2486424.500000000, A.D. 2095-Jul-01,  2.007603465026851E+01,  5.181369518962108E-01, -2.574185574362980E-01,  3.138443071037306E-03,  3.850753482860716E-03,  3.576833877364063E-04,  1.159976441192086E-01,  2.008436948209763E+01,  3.231898080261959E-03

2486608.500000000, A.D. 2096-Jan-01,  2.003314273997936E+01,  1.210009192953246E+00, -2.539455261540844E-01,  4.304527856259847E-04,  2.156544740415599E-03, -3.110841993936078E-03,  1.159219215231699E-01,  2.007125852102136E+01,  5.990030696144634E-04

2486790.500000000, A.D. 2096-Jul-01,  1.996760309818255E+01,  1.886947369420554E+00, -2.500701977726144E-01,  2.865611499128286E-03,  1.934372407237003E-03,  1.764267808188642E-03,  1.158460542995425E-01,  2.005812251845438E+01,  3.012657895482628E-03

2486974.500000000, A.D. 2097-Jan-01,  1.988563957610965E+01,  2.566888454626223E+00, -2.471128797795731E-01,  3.523704760003344E-03,  2.376213231889643E-03, -2.309908783355084E-03,  1.158115487980525E-01,  2.005214807607366E+01,  3.827091494689655E-03

2487155.500000000, A.D. 2097-Jul-01,  1.977972385006411E+01,  3.238589880067356E+00, -2.437773304021085E-01,  2.220367034287932E-03,  3.371836116984691E-03, -3.136560736955802E-03,  1.157678651689172E-01,  2.004458449015314E+01,  2.773959397368766E-03

2487339.500000000, A.D. 2098-Jan-01,  1.964439526933653E+01,  3.922416545470368E+00, -2.402130578056288E-01, -3.361849019206454E-03,  4.569054957108016E-03, -3.266542741086343E-03,  1.157044514910772E-01,  2.003360475219703E+01, -2.362784360249435E-03

2487520.500000000, A.D. 2098-Jul-01,  1.948372318994918E+01,  4.585299152318018E+00, -2.354709457476742E-01, -4.804034333305227E-03,  4.117108814090453E-03, -2.513612525209745E-03,  1.156108002688215E-01,  2.001738954572007E+01, -3.703300907543993E-03

2487704.500000000, A.D. 2099-Jan-01,  1.929465058548015E+01,  5.247368884438850E+00, -2.303808394433711E-01, -4.536916801861296E-03,  3.622985225313577E-03,  1.209214333123747E-03,  1.154918108173322E-01,  1.999678716084984E+01, -3.440835957641082E-03

2487885.500000000, A.D. 2099-Jul-01,  1.909203981206596E+01,  5.893109859126469E+00, -2.254755963339897E-01, -3.223431008161444E-03,  3.857511233883941E-03,  2.241934655600718E-03,  1.154071650392316E-01,  1.998213119869319E+01, -1.967489694550610E-03

2488069.500000000, A.D. 2100-Jan-01,  1.886762117175426E+01,  6.545994429548835E+00, -2.200090052163927E-01,  2.547300860168083E-04,  4.483006192053042E-03,  3.735646595721481E-03,  1.153493449492789E-01,  1.997211996045713E+01,  1.668826769489227E-03
