epoch, x, y, z, vx, vy, vz
A.D. 1950-Jan-01, -1.814703731705984E-01,  9.684729979149125E-01,  2.844902930161161E-04, -1.769163243622743E-02, -3.017760497370365E-03,  3.038451646379921E-05
A.D. 1950-Jul-01,  1.652341782773701E-01, -1.005546913813161E+00, -3.097862693332885E-04,  1.726163704506508E-02,  2.945417301925398E-03,  1.822058697113105E-05
A.D. 1951-Jan-01, -1.807301208853813E-01,  9.666701029794893E-01,  4.920437636099293E-05, -1.708726840009505E-02, -3.760479846959455E-03, -4.992637022298004E-05
A.D. 1951-Jul-01,  1.611490056820855E-01, -1.001673995128460E+00,  1.210412470904478E-04,  1.622168598097967E-02,  2.905340386140531E-03,  9.987250971112908E-06
A.D. 1952-Jan-01, -1.718193730826993E-01,  9.665647158878395E-01,  9.062671912003015E-05, -1.687488847747608E-02, -2.598616708994287E-03,  5.403052028638261E-05
A.D. 1952-Jul-01,  1.698116182799668E-01, -1.002680751787934E+00, -2.896872411850993E-04,  1.685642921494713E-02,  2.313061683385687E-03, -2.872967196730636E-05
A.D. 1953-Jan-01, -1.875721384795073E-01,  9.678730912345220E-01,  1.958381123307846E-04, -1.770887947167448E-02, -3.501747886574859E-03, -4.690237197877816E-05
A.D. 1953-Jul-01,  1.701052560095301E-01, -1.003891546843251E+00, -2.548131101197021E-06,  1.698481846786389E-02,  3.309581988292472E-03,  5.032765622315658E-05
A.D. 1954-Jan-01, -1.839156976831282E-01,  9.641911283497894E-01, -1.168855770918895E-04, -1.672918469528554E-02, -3.581412657172893E-03,  2.509939307031031E-05
A.D. 1954-Jul-01,  1.630276551035057E-01, -1.001021723798813E+00, -1.018505860983193E-04,  1.611481084531140E-02,  2.571747494030330E-03, -5.500980931462986E-05
A.D. 1955-Jan-01, -1.753787416530224E-01,  9.670447596024848E-01,  3.241103034611996E-04, -1.722269232954503E-02, -2.584243773727928E-03,  3.470508481145137E-06
A.D. 1955-Jul-01,  1.578703633262087E-01, -1.006234737121044E+00, -2.382191955131284E-04,  1.714481210325659E-02,  2.294356330123936E-03,  4.215975901075015E-05
A.D. 1956-Jan-01, -1.752756379212671E-01,  9.694090681604101E-01, -1.001030314807217E-04, -1.763334039235881E-02, -3.548368141078683E-03, -2.936015523356547E-05
A.D. 1956-Jul-01,  1.744160257852198E-01, -1.001844691741152E+00,  1.113728885750791E-04,  1.658954905383636E-02,  3.407828801641476E-03, -2.585483595421044E-05
A.D. 1957-Jan-01, -1.858373814694241E-01,  9.628684733795251E-01,  2.490545011352032E-04, -1.662042171969802E-02, -3.239022371973954E-03,  3.835995169847888E-05
A.D. 1957-Jul-01,  1.656333850871848E-01, -1.001346246953350E+00, -3.097112212039812E-04,  1.630821400417452E-02,  2.287616426562490E-03,  3.097478625884774E-06
A.D. 1958-Jan-01, -1.799239634207002E-01,  9.680604017716617E-01,  8.281900074475026E-05, -1.758301770882095E-02, -2.843164679353493E-03, -5.050995383364926E-05
A.D. 1958-Jul-01,  1.636155585034437E-01, -1.005946739740981E+00,  1.083583517241492E-04,  1.729542003271698E-02,  2.739725330726380E-03,  2.308129093377639E-05
A.D. 1959-Jan-01, -1.799106511904871E-01,  9.675061909539532E-01, -1.109637098160225E-05, -1.727192877775772E-02, -3.758528738166177E-03,  4.676901593996233E-05
A.D. 1959-Jul-01,  1.610398759246906E-01, -1.002353152962103E+00, -2.210510267410574E-04,  1.634096953286685E-02,  3.034144785253454E-03, -4.025609407440560E-05
A.D. 1960-Jan-01, -1.714977719195746E-01,  9.660863173310185E-01,  2.421132870002309E-04, -1.673076365428400E-02, -2.718850744121720E-03, -3.420752792416961E-05
A.D. 1960-Jul-01,  1.689054249664400E-01, -1.001974130272537E+00, -5.883397408836898E-05,  1.667040603772330E-02,  2.267218751217399E-03,  5.010279506191853E-05
A.D. 1961-Jan-01, -1.858263193215307E-01,  9.681943725548332E-01, -1.338737750089846E-04, -1.773292865193700E-02, -3.306748230910480E-03,  1.705315720663206E-05
A.D. 1961-Jul-01,  1.688416147030566E-01, -1.004565491205816E+00, -3.145088953764358E-05,  1.714233738636485E-02,  3.187536958376572E-03, -5.315796801730991E-05
A.D. 1962-Jan-01, -1.836101055328537E-01,  9.650716503274601E-01,  3.058702540804592E-04, -1.686775569088672E-02, -3.704554103541991E-03,  1.262518417498349E-05
A.D. 1962-Jul-01,  1.630401552870005E-01, -1.001027218373123E+00, -2.404204061190825E-04,  1.611681099633580E-02,  2.749513236618640E-03,  3.808143409552029E-05
A.D. 1963-Jan-01, -1.745946523091078E-01,  9.665548140276715E-01, -7.612785482847696E-05, -1.704740536506297E-02, -2.582236972882928E-03, -3.963542348840141E-05
A.D. 1963-Jul-01,  1.564624854794149E-01, -1.005674421122357E+00,  1.586752431812941E-04,  1.700751256823311E-02,  2.154923812537685E-03, -9.636946797861395E-06
A.D. 1964-Jan-01, -1.737753039403986E-01,  9.701301836586000E-01,  1.515700062663974E-04, -1.775459039109885E-02, -3.370786184535961E-03,  5.370631390883353E-05
A.D. 1964-Jul-01,  1.735460896313923E-01, -1.002792830995951E+00, -3.066458987913316E-04,  1.677770450973428E-02,  3.397758438767272E-03, -1.108090304716079E-05
A.D. 1965-Jan-01, -1.858206366838039E-01,  9.630190997462389E-01,  8.723153454151432E-05, -1.663263254058873E-02, -3.404137572703540E-03, -5.131740325665786E-05
A.D. 1965-Jul-01,  1.653520547408130E-01, -1.000977555863759E+00,  9.065640008684931E-05,  1.617482894183582E-02,  2.408200955380829E-03,  3.708658544415085E-05
A.D. 1966-Jan-01, -1.785248970425525E-01,  9.674435375509387E-01, -8.776099605386268E-05, -1.742539057839653E-02, -2.713271728141895E-03,  3.903280104582624E-05
A.D. 1966-Jul-01,  1.619395490157162E-01, -1.006080179669980E+00, -1.636480298662399E-04,  1.726461306878267E-02,  2.541406639275386E-03, -4.857431586990751E-05
A.D. 1967-Jan-01, -1.787201922135779E-01,  9.683247992879969E-01,  2.744446583862973E-04, -1.745068283787592E-02, -3.706543173943644E-03, -1.987409379136188E-05
A.D. 1967-Jul-01,  1.606521967820969E-01, -1.003275781263344E+00, -1.287523851404600E-04,  1.650647811977048E-02,  3.121710463437731E-03,  4.813737403876610E-05
A.D. 1968-Jan-01, -1.712475331319593E-01,  9.658373222237553E-01, -1.448108925709358E-04, -1.664483787314234E-02, -2.880856649311969E-03, -6.292455755339310E-06
A.D. 1968-Jul-01,  1.682012246374963E-01, -1.001359275028225E+00,  6.245319778590543E-05,  1.648921569406213E-02,  2.276283642747310E-03, -4.193147964568700E-05
A.D. 1969-Jan-01, -1.840466835876406E-01,  9.682675372861121E-01,  2.807115158847045E-04, -1.769930940078701E-02, -3.114994893096966E-03,  1.974615502006953E-05
A.D. 1969-Jul-01,  1.673186673958684E-01, -1.005112802018881E+00, -2.435638972431199E-04,  1.726135879388416E-02,  3.012502124307001E-03,  2.794084855268937E-05
A.D. 1970-Jan-01, -1.831028846363926E-01,  9.660913860617878E-01, -3.988297239384578E-05, -1.704662269197989E-02, -3.771271608407132E-03, -4.398514569077039E-05
A.D. 1970-Jul-01,  1.629591749345138E-01, -1.001285315248834E+00,  1.639662763131373E-04,  1.617800985330532E-02,  2.907286117015319E-03, -1.169825914514589E-06
A.D. 1971-Jan-01, -1.741006982690967E-01,  9.660902567190035E-01,  7.232396242713359E-05, -1.687962455700664E-02, -2.631606754288603E-03,  5.476664052546836E-05
A.D. 1971-Jul-01,  1.552294232929979E-01, -1.004914684403085E+00, -2.629633714521951E-04,  1.683287006448954E-02,  2.067859284496016E-03, -2.721177571013407E-05
A.D. 1972-Jan-01, -1.721898753897757E-01,  9.705791077820588E-01,  1.505564656555233E-04, -1.781220852919049E-02, -3.165359960713193E-03, -4.939032780373599E-05
A.D. 1972-Jul-01,  1.723954400353519E-01, -1.003644495167331E+00,  6.596797142214185E-05,  1.695448525160990E-02,  3.333445540436181E-03,  4.410178562808916E-05
A.D. 1973-Jan-01, -1.857914303357742E-01,  9.634546348406756E-01, -1.203537038882117E-04, -1.669899062404503E-02, -3.561641881910850E-03,  3.483024445996998E-05
A.D. 1973-Jul-01,  1.652354019655383E-01, -1.000804321110969E+00, -9.357682667732683E-05,  1.609265830192828E-02,  2.576430054713319E-03, -5.702233417963439E-05
A.D. 1974-Jan-01, -1.774471120428910E-01,  9.667440720628578E-01,  2.957915453294929E-04, -1.724449327041190E-02, -2.645653430366542E-03, -5.965202504050097E-06
A.D. 1974-Jul-01,  1.604080372672630E-01, -1.005983163933388E+00, -1.411394277370014E-04,  1.718108237727623E-02,  2.365643965845224E-03,  4.840521599010912E-05
A.D. 1975-Jan-01, -1.773874718232195E-01,  9.690656168703869E-01, -1.482234503224818E-04, -1.761502916264792E-02, -3.601777308998182E-03, -2.093513264758248E-05
A.D. 1975-Jul-01,  1.601013877929041E-01, -1.004352164837797E+00,  1.506601495850246E-04,  1.669740213522971E-02,  3.150779109775326E-03, -2.586867232756733E-05
A.D. 1976-Jan-01, -1.711216490443618E-01,  9.657852825460079E-01,  1.987762284177570E-04, -1.663050827065289E-02, -3.056295013777727E-03,  4.087782499452037E-05
A.D. 1976-Jul-01,  1.678647689283983E-01, -1.000857596966124E+00, -2.697404815072266E-04,  1.632599081765975E-02,  2.334890610511341E-03,  1.120303921922271E-05
A.D. 1977-Jan-01, -1.823171851243093E-01,  9.679943601845704E-01, -2.820590178634450E-05, -1.761027267305579E-02, -2.937792284501242E-03, -4.625157439032052E-05
A.D. 1977-Jul-01,  1.657910879319811E-01, -1.005437194734963E+00,  1.535917575349492E-04,  1.731538169789416E-02,  2.805758684166985E-03,  1.433639935478477E-05
A.D. 1978-Jan-01, -1.821820963769522E-01,  9.671100756102480E-01, -2.408834476777004E-05, -1.723853809655524E-02, -3.776347569917774E-03,  4.832576148152147E-05
A.D. 1978-Jul-01,  1.628513798914455E-01, -1.001760093206530E+00, -2.222759541002922E-04,  1.628853182999961E-02,  3.038670314315297E-03, -3.343968416883782E-05
A.D. 1979-Jan-01, -1.736440001244710E-01,  9.657852578052226E-01,  1.770522624590509E-04, -1.673070722453639E-02, -2.733127197181184E-03, -4.186143371174646E-05
A.D. 1979-Jul-01,  1.543094966078361E-01, -1.004059068117592E+00, -3.562726369979800E-06,  1.664257881938026E-02,  2.046301437611362E-03,  4.845249126893888E-05
A.D. 1980-Jan-01, -1.704800421025141E-01,  9.708819386080098E-01, -1.654635012581038E-04, -1.780124988582803E-02, -2.961695474231500E-03,  1.796318858416611E-05
A.D. 1980-Jul-01,  1.709818944132812E-01, -1.004313335688596E+00, -1.244278838885107E-05,  1.711191037948720E-02,  3.219879787997878E-03, -5.359125924154541E-05
A.D. 1981-Jan-01, -1.856647973125567E-01,  9.642842956371694E-01,  2.833072682848526E-04, -1.681757459312788E-02, -3.692453439914408E-03,  1.194669140889484E-07
A.D. 1981-Jul-01,  1.650492495363680E-01, -1.000820488198372E+00, -1.632472934863069E-04,  1.607980755359817E-02,  2.759623295421344E-03,  4.652196521315715E-05
A.D. 1982-Jan-01, -1.767651411290747E-01,  9.661196790121411E-01, -1.436080086468694E-04, -1.706315975278034E-02, -2.638107413275029E-03, -3.163419281315885E-05
A.D. 1982-Jul-01,  1.588217805584731E-01, -1.005602944421550E+00,  1.774252566916384E-04,  1.705570720249400E-02,  2.218987253695549E-03, -2.164601622808946E-05
A.D. 1983-Jan-01, -1.760204192741896E-01,  9.696497500845180E-01,  1.371907781354602E-04, -1.774794627280143E-02, -3.440887710348814E-03,  5.176816119482165E-05
A.D. 1983-Jul-01,  1.590398635983839E-01, -1.005438883254957E+00, -2.746938885167884E-04,  1.688747924978592E-02,  3.111785555840679E-03, -1.125536518124291E-05
A.D. 1984-Jan-01, -1.710787107661680E-01,  9.659122192488924E-01,  4.117071334966157E-05, -1.667833495786425E-02, -3.221673118385335E-03, -5.276462389123765E-05
A.D. 1984-Jul-01,  1.675678200697155E-01, -1.000571017630601E+00,  1.516267023140533E-04,  1.618964423697277E-02,  2.441017849873064E-03,  2.850854769833497E-05
A.D. 1985-Jan-01, -1.808114853968820E-01,  9.673795326869260E-01, -7.541788962046433E-05, -1.746920389652614E-02, -2.795228237737143E-03,  4.485064004120873E-05
A.D. 1985-Jul-01,  1.642066118074365E-01, -1.005640226696092E+00, -1.466026555264599E-04,  1.729445558569917E-02,  2.597984902719743E-03, -4.675856443382412E-05
A.D. 1986-Jan-01, -1.810002936054747E-01,  9.679856320272695E-01,  2.277719988307745E-04, -1.742142723898240E-02, -3.728777635319192E-03, -2.631279914772921E-05
A.D. 1986-Jul-01,  1.626600831411669E-01, -1.002571427002626E+00, -1.553700385921624E-05,  1.643969748809661E-02,  3.135895866325973E-03,  4.935381094348435E-05
A.D. 1987-Jan-01, -1.733552488689461E-01,  9.655689524924135E-01, -1.785324520561777E-04, -1.662756267250204E-02, -2.885433202626674E-03,  4.017747409285549E-06
A.D. 1987-Jul-01,  1.538731665167829E-01, -1.003330268760476E+00,  1.097431469584750E-04,  1.646277745267486E-02,  2.087280514028929E-03, -4.014391544683409E-05
A.D. 1988-Jan-01, -1.687593355541077E-01,  9.708801174958096E-01,  2.356798934959187E-04, -1.773468153129070E-02, -2.778579621724613E-03,  2.000149355290799E-05
A.D. 1988-Jul-01,  1.695988441299841E-01, -1.004791715197235E+00, -1.893233811874774E-04,  1.723709139738021E-02,  3.061539893291899E-03,  3.506516993009290E-05
A.D. 1989-Jan-01, -1.852105722803982E-01,  9.653041090908090E-01, -1.383020977956395E-04, -1.698531647034303E-02, -3.776341082634474E-03, -3.555985855622720E-05
A.D. 1989-Jul-01,  1.650171348490551E-01, -1.001001096570944E+00,  1.900662076765241E-04,  1.613397850795524E-02,  2.929268842240880E-03, -1.132403454261935E-05
A.D. 1990-Jan-01, -1.761614188139261E-01,  9.656407508176506E-01,  6.040593233724289E-05, -1.689494690180487E-02, -2.681269527236896E-03,  5.210031464515115E-05
A.D. 1990-Jul-01,  1.575369147020498E-01, -1.004919811533617E+00, -2.525300762325561E-04,  1.689318852520146E-02,  2.118563277727100E-03, -1.611349288291588E-05
A.D. 1991-Jan-01, -1.743722466491615E-01,  9.701431795364384E-01,  7.635975981267743E-05, -1.782359928773405E-02, -3.236245267093020E-03, -5.534719889357308E-05
A.D. 1991-Jul-01,  1.577477265502190E-01, -1.006323460006450E+00,  1.090645921491831E-04,  1.705585928489090E-02,  3.016104148902282E-03,  4.280388310391262E-05
A.D. 1992-Jan-01, -1.709235004393582E-01,  9.664239362017463E-01, -1.501413182285327E-04, -1.677260090274231E-02, -3.362575941163968E-03,  3.613027560595428E-05
A.D. 1992-Jul-01,  1.673990708118211E-01, -1.000412956951184E+00, -7.614068460332788E-05,  1.609640215271080E-02,  2.594639681588428E-03, -5.479441235179499E-05
A.D. 1993-Jan-01, -1.796614366303019E-01,  9.666814066335686E-01,  2.481124430406480E-04, -1.729073598296861E-02, -2.708352259767706E-03, -1.700604320050560E-05
A.D. 1993-Jul-01,  1.626236385777101E-01, -1.005581253904640E+00, -5.290785339895774E-05,  1.721582320021454E-02,  2.413582557117955E-03,  5.326266936701095E-05
A.D. 1994-Jan-01, -1.797508983463761E-01,  9.687468852566863E-01, -2.050586202503116E-04, -1.758448183137022E-02, -3.633573272686758E-03, -1.179585170473769E-05
A.D. 1994-Jul-01,  1.621171978241392E-01, -1.003557766003164E+00,  1.481058960117088E-04,  1.662464034880466E-02,  3.182414387378676E-03, -3.609735967054900E-05
A.D. 1995-Jan-01, -1.733199531902196E-01,  9.654962795048014E-01,  1.724377938156507E-04, -1.659502573674588E-02, -3.067471622221107E-03,  3.581076656868896E-05
A.D. 1995-Jul-01,  1.535562161566383E-01, -1.002793778770811E+00, -2.383193623080081E-04,  1.631492253966189E-02,  2.175772340531239E-03,  9.027974893813960E-06
A.D. 1996-Jan-01, -1.672043205997522E-01,  9.705615660917407E-01, -8.356665794447044E-05, -1.762185438988708E-02, -2.623921736680502E-03, -4.603291324971573E-05
A.D. 1996-Jul-01,  1.679748435788538E-01, -1.005123088598233E+00,  1.978072024179944E-04,  1.730805958331188E-02,  2.862911548138287E-03,  4.643691666750286E-06
A.D. 1997-Jan-01, -1.844686215769068E-01,  9.663767956922600E-01, -7.932652316882823E-06, -1.717957170409339E-02, -3.799312224977608E-03,  4.888536713371214E-05
A.D. 1997-Jul-01,  1.648580285488676E-01, -1.001457879048302E+00, -1.999831761960493E-04,  1.623905203091190E-02,  3.065425000757283E-03, -2.688546888149156E-05
A.D. 1998-Jan-01, -1.757689150615024E-01,  9.653059046436890E-01,  1.226835347265974E-04, -1.674718728525990E-02, -2.771534946975437E-03, -4.583547747806628E-05
A.D. 1998-Jul-01,  1.565374437631973E-01, -1.004152603414047E+00,  1.055244010971035E-04,  1.670401536384251E-02,  2.076665173992730E-03,  4.451493500516474E-05
A.D. 1999-Jan-01, -1.726893176684717E-01,  9.704041463888481E-01, -1.802419453957165E-04, -1.782785575430665E-02, -3.022161364435930E-03,  2.836503263332192E-05
A.D. 1999-Jul-01,  1.563011663006161E-01, -1.007009333200756E+00,  4.228561122948203E-05,  1.719021798200089E-02,  2.875803592454391E-03, -5.084622801875689E-05
A.D. 2000-Jan-01, -1.706480096344460E-01,  9.671664156658847E-01,  2.402396170914274E-04, -1.691006420027502E-02, -3.469659799257778E-03, -9.111637218498683E-07
A.D. 2000-Jul-01,  1.673520062203603E-01, -1.000468095988701E+00, -9.583206865734256E-05,  1.606520159926730E-02,  2.778039027097566E-03,  5.193567006462833E-05
A.D. 2001-Jan-01, -1.787527185613503E-01,  9.659204537788629E-01, -2.207743408477949E-04, -1.710454348594745E-02, -2.686491676441939E-03, -2.126647176110864E-05
A.D. 2001-Jul-01,  1.611777195909698E-01, -1.005290568683072E+00,  1.879570973107395E-04,  1.709589660810657E-02,  2.264786592575734E-03, -3.179708460799310E-05
A.D. 2002-Jan-01, -1.781830052661320E-01,  9.693458795744534E-01,  1.188049010709429E-04, -1.772056751091171E-02, -3.487088127600260E-03,  4.610385179151193E-05
A.D. 2002-Jul-01,  1.612825832891065E-01, -1.004626563528066E+00, -2.371022781909125E-04,  1.682015140281490E-02,  3.164582792956866E-03,  1.187981501532872E-06
A.D. 2003-Jan-01, -1.731142384331003E-01,  9.656901149098573E-01, -3.712049187425934E-05, -1.663332404137844E-02, -3.242104946498353E-03, -5.489941216730761E-05
A.D. 2003-Jul-01,  1.534335427625048E-01, -1.002487238156611E+00,  1.976812175920117E-04,  1.620642247981298E-02,  2.303790667016367E-03,  2.859604641999488E-05
A.D. 2004-Jan-01, -1.657351836251009E-01,  9.700643287105785E-01, -9.781198191072088E-05, -1.746683724583819E-02, -2.504134575056768E-03,  4.562901420038338E-05
A.D. 2004-Jul-01,  1.663425101082525E-01, -1.005224291868979E+00, -1.215935978227617E-04,  1.730594227188461E-02,  2.648456803586675E-03, -4.235487493454111E-05
A.D. 2005-Jan-01, -1.834295047171016E-01,  9.674549026159958E-01,  1.658394654267263E-04, -1.736926259592440E-02, -3.759589827037416E-03, -3.321393607713113E-05
A.D. 2005-Jul-01,  1.645671007577729E-01, -1.002079636235653E+00,  7.905306489075328E-05,  1.638363340658559E-02,  3.164292191453510E-03,  4.905400720572387E-05
A.D. 2006-Jan-01, -1.756367049475740E-01,  9.651409061287582E-01, -2.155361086922986E-04, -1.663465599994876E-02, -2.909120888916529E-03,  1.356489252084979E-05
A.D. 2006-Jul-01,  1.558288616391778E-01, -1.003329140498290E+00,  9.134130008041122E-05,  1.651590675204908E-02,  2.100310643010163E-03, -4.592990863704528E-05
A.D. 2007-Jan-01, -1.711423056401481E-01,  9.704079892774111E-01,  1.977843697908718E-04, -1.776717095666534E-02, -2.831034792856520E-03,  1.176618120214251E-05
A.D. 2007-Jul-01,  1.546556671402645E-01, -1.007408394394657E+00, -1.692459591537225E-04,  1.728370279591311E-02,  2.701573411206554E-03,  3.114926811426850E-05
A.D. 2008-Jan-01, -1.702306876797052E-01,  9.680951712791854E-01, -1.949481520610539E-04, -1.708557460181436E-02, -3.532146127268816E-03, -3.411056651706558E-05
A.D. 2008-Jul-01,  1.672495789526441E-01, -1.000753393933136E+00,  2.183953915127758E-04,  1.610495837920293E-02,  2.958858095886856E-03, -2.072164491512258E-05
A.D. 2009-Jan-01, -1.781757908810437E-01,  9.652588249916404E-01,  6.587774140491440E-05, -1.693051481495395E-02, -2.725499964328699E-03,  4.756415863252585E-05
A.D. 2009-Jul-01,  1.598862921461951E-01, -1.004828477029861E+00, -2.139171779253334E-04,  1.694155538287374E-02,  2.158037929558378E-03, -5.459894404250743E-06
A.D. 2010-Jan-01, -1.765617591355258E-01,  9.697601305581925E-01,  8.426732611181495E-06, -1.781040851256287E-02, -3.295197206932963E-03, -5.710433941146338E-05
A.D. 2010-Jul-01,  1.601796225283381E-01, -1.005679414651613E+00,  2.051292949758516E-04,  1.699837559971192E-02,  3.081265483869716E-03,  3.442587436090076E-05
A.D. 2011-Jan-01, -1.728969537509015E-01,  9.660961012436480E-01, -1.534293450929871E-04, -1.672492916707044E-02, -3.388776143580105E-03,  4.454022000292648E-05
A.D. 2011-Jul-01,  1.534678349997766E-01, -1.002466928313071E+00, -1.610524026666940E-05,  1.614530550285189E-02,  2.465176469802887E-03, -5.250431179547642E-05
A.D. 2012-Jan-01, -1.645588863354747E-01,  9.693308032891147E-01,  1.957085559462984E-04, -1.728345974616603E-02, -2.438208225654511E-03, -1.838424698621050E-05
A.D. 2012-Jul-01,  1.648375342354100E-01, -1.005121784015090E+00,  1.639858808549643E-05,  1.723527683326853E-02,  2.452033266121169E-03,  5.595675444371263E-05
A.D. 2013-Jan-01, -1.820534270239534E-01,  9.683447722222186E-01, -2.621545446075928E-04, -1.753721202970716E-02, -3.667166427419636E-03, -1.640815544748166E-06
A.D. 2013-Jul-01,  1.640974387178770E-01, -1.002889394167230E+00,  1.351660345981324E-04,  1.655949691605594E-02,  3.221389068591546E-03, -4.424307505252477E-05
A.D. 2014-Jan-01, -1.754419153169868E-01,  9.651737531928198E-01,  1.472096063202220E-04, -1.658278971780967E-02, -3.083603513935797E-03,  2.825598387409973E-05
A.D. 2014-Jul-01,  1.554186929461351E-01, -1.002622563262154E+00, -1.821324984980572E-04,  1.635669127598916E-02,  2.181945466240498E-03,  1.985638585530611E-05
A.D. 2015-Jan-01, -1.695327924408824E-01,  9.702722641572316E-01, -1.595163841562567E-04, -1.765765373112587E-02, -2.672197395009190E-03, -4.278155636745824E-05
A.D. 2015-Jul-01,  1.528999278439993E-01, -1.007531597708379E+00,  2.481005460445338E-04,  1.732216817194619E-02,  2.501041580635558E-03,  6.674571597408860E-06
A.D. 2016-Jan-01, -1.694482685880624E-01,  9.692358050558548E-01, -2.671122208514877E-05, -1.728187125351902E-02, -3.532266730241619E-03,  4.911942692982825E-05
A.D. 2016-Jul-01,  1.669860757701484E-01, -1.001208954683033E+00, -1.610858152425266E-04,  1.620586162140513E-02,  3.105336140240499E-03, -2.039444328179739E-05
A.D. 2017-Jan-01, -1.778781359470344E-01,  9.648400196437806E-01,  5.354292725036457E-05, -1.678078369242432E-02, -2.810934308980432E-03, -4.769788550263160E-05
A.D. 2017-Jul-01,  1.587129595611897E-01, -1.004176908805466E+00,  2.019796842472749E-04,  1.676094649857912E-02,  2.099882883500024E-03,  3.880092335602304E-05
A.D. 2018-Jan-01, -1.749932712817536E-01,  9.699357182657400E-01, -2.054514525061337E-04, -1.783400672643760E-02, -3.079411677569153E-03,  3.707676598311526E-05
A.D. 2018-Jul-01,  1.587099552253754E-01, -1.006529668233876E+00,  2.724102323602452E-05,  1.714205868327337E-02,  2.945096308946486E-03, -5.067801141119037E-05
A.D. 2019-Jan-01, -1.726679871623698E-01,  9.666438217615594E-01,  1.828944980740755E-04, -1.685679202883349E-02, -3.500019794676142E-03, -1.156089912806898E-05
A.D. 2019-Jul-01,  1.534460427797361E-01, -1.002738728539513E+00, -7.725732336775554E-05,  1.614485796827656E-02,  2.645724287565037E-03,  4.788235644508383E-05
A.D. 2020-Jan-01, -1.637375314598163E-01,  9.684630247780407E-01, -2.715375959014622E-04, -1.709554180779939E-02, -2.441087443217161E-03, -1.981258009679180E-05
A.D. 2020-Jul-01,  1.634683339852283E-01, -1.004891218015585E+00,  2.026623452037864E-04,  1.711648406805571E-02,  2.296076500876338E-03, -3.982023369740889E-05
A.D. 2021-Jan-01, -1.804989730698688E-01,  9.689890976217815E-01,  1.140056871950255E-04, -1.767428207177486E-02, -3.531173518510305E-03,  3.780938941922501E-05
A.D. 2021-Jul-01,  1.634699013038350E-01, -1.003905465551514E+00, -1.771899937490428E-04,  1.675229819366545E-02,  3.224079752864988E-03,  1.359217522754567E-05
A.D. 2022-Jan-01, -1.752676663631297E-01,  9.654027554968396E-01, -9.904769744880168E-05, -1.660518613504645E-02, -3.268062521661467E-03, -5.425287918249243E-05
A.D. 2022-Jul-01,  1.554034511925612E-01, -1.002176881302482E+00,  2.712736331662210E-04,  1.624038547590226E-02,  2.306658402862094E-03,  1.745494531438167E-05
A.D. 2023-Jan-01, -1.680802406263833E-01,  9.699157267406945E-01, -8.176215677020514E-05, -1.751195146685653E-02, -2.549486881787673E-03,  5.030999753206187E-05
A.D. 2023-Jul-01,  1.513586667779840E-01, -1.007384204316435E+00, -6.763028986032409E-05,  1.729048353991754E-02,  2.293541868113083E-03, -4.263808283030266E-05
A.D. 2024-Jan-01, -1.683108580620085E-01,  9.703439785515149E-01,  1.133842308748086E-04, -1.747154815636530E-02, -3.466381165304312E-03, -3.354454952599445E-05
A.D. 2024-Jul-01,  1.667319016969594E-01, -1.001751880931633E+00,  1.485466473985955E-04,  1.634800095396066E-02,  3.209621640202726E-03,  4.772096475604073E-05
A.D. 2025-Jan-01, -1.776670350608351E-01,  9.646511866197988E-01, -2.560715505217670E-04, -1.666610342066272E-02, -2.935662239115005E-03,  2.214641726556298E-05
A.D. 2025-Jul-01,  1.578986424910501E-01, -1.003363688778127E+00,  6.664909027799599E-05,  1.656955183016190E-02,  2.104332229008820E-03, -5.003564551609500E-05
A.D. 2026-Jan-01, -1.733167243747481E-01,  9.699607951178353E-01,  1.528099271901812E-04, -1.778458731251745E-02, -2.873537044738781E-03,  3.462912274270670E-06
A.D. 2026-Jul-01,  1.570542974988421E-01, -1.007050343228445E+00, -9.535896435477304E-05,  1.724138003116469E-02,  2.775951567730340E-03,  3.795971474909621E-05
A.D. 2027-Jan-01, -1.722084506512263E-01,  9.674967110711056E-01, -2.676561180295778E-04, -1.702040127827612E-02, -3.568722007511021E-03, -2.544566322623133E-05
A.D. 2027-Jul-01,  1.532799162299870E-01, -1.003228818886408E+00,  2.784070527605423E-04,  1.621345476361628E-02,  2.817896938676308E-03, -1.675557643606086E-05
A.D. 2028-Jan-01, -1.632357190955567E-01,  9.677915377638163E-01,  3.627256123385663E-05, -1.692575133983442E-02, -2.506704634973761E-03,  4.685931582423206E-05
A.D. 2028-Jul-01,  1.621114368860941E-01, -1.004500194189351E+00, -1.613051906446111E-04,  1.696789245825436E-02,  2.183883503463754E-03,  3.590925624107935E-06
A.D. 2029-Jan-01, -1.789224937909223E-01,  9.694399682029790E-01, -6.590553684958162E-05, -1.777026979904050E-02, -3.353637083590624E-03, -5.472534253534160E-05
A.D. 2029-Jul-01,  1.623885190954757E-01, -1.004958514767342E+00,  2.835602121427302E-04,  1.694170514308054E-02,  3.157438304408131E-03,  2.457302175416493E-05
A.D. 2030-Jan-01, -1.751465398236412E-01,  9.657974033612593E-01, -1.660398670710334E-04, -1.669173568142715E-02, -3.428363140880462E-03,  5.087271385084651E-05
A.D. 2030-Jul-01,  1.553416064528561E-01, -1.002034174513057E+00, -3.026134193703133E-05,  1.617368337193226E-02,  2.458333370648621E-03, -4.651994338151915E-05
A.D. 2031-Jan-01, -1.669121168543969E-01,  9.692759108679040E-01,  1.180604189335738E-04, -1.733844610950109E-02, -2.471839737608000E-03, -2.943400997963434E-05
A.D. 2031-Jul-01,  1.498083567820032E-01, -1.007063436988430E+00,  2.733886789831507E-05,  1.719075016587322E-02,  2.106603507911269E-03,  5.392778432984325E-05
A.D. 2032-Jan-01, -1.669020818913439E-01,  9.712245136131629E-01, -3.069266990587084E-04, -1.762841496770890E-02, -3.346505010947792E-03, -9.228729437839696E-07
A.D. 2032-Jul-01,  1.662331295677769E-01, -1.002501031787326E+00,  1.342843818150671E-04,  1.651536918847175E-02,  3.270261296247222E-03, -5.007284555287569E-05
A.D. 2033-Jan-01, -1.775495204321687E-01,  9.646525870299206E-01,  1.300712862717266E-04, -1.660130983949131E-02, -3.097415819104376E-03,  1.834451327695218E-05
A.D. 2033-Jul-01,  1.574218710497040E-01, -1.002653953930507E+00, -9.854599260544097E-05,  1.639379425045497E-02,  2.173252884251184E-03,  3.075387753753157E-05
A.D. 2034-Jan-01, -1.717496045250602E-01,  9.697903213428416E-01, -2.175476692451671E-04, -1.767818683956904E-02, -2.705106229079688E-03, -3.892818444608411E-05
A.D. 2034-Jul-01,  1.554076018966331E-01, -1.007314283288102E+00,  3.065415886956138E-04,  1.728784284273345E-02,  2.586341063775305E-03, -4.958841315708796E-06
A.D. 2035-Jan-01, -1.715200256921159E-01,  9.684856837869498E-01, -4.870479562209458E-06, -1.721088994870728E-02, -3.586067270521506E-03,  4.890105124406745E-05
A.D. 2035-Jul-01,  1.531033980313987E-01, -1.003896564381708E+00, -1.065065932195693E-04,  1.634181942148010E-02,  2.952946858786529E-03, -2.435787712808395E-05
A.D. 2036-Jan-01, -1.629504261849379E-01,  9.672979377722754E-01,  6.600655977303790E-06, -1.679505098865314E-02, -2.618747687306963E-03, -4.623735355009572E-05
A.D. 2036-Jul-01,  1.610685575181623E-01, -1.003943607065404E+00,  2.694071208690585E-04,  1.679680104133026E-02,  2.120666783571276E-03,  3.268533878353258E-05
A.D. 2037-Jan-01, -1.771748627929353E-01,  9.696233233901187E-01, -2.306870588762645E-04, -1.781119170703318E-02, -3.145177174987301E-03,  4.325551890957244E-05
A.D. 2037-Jul-01,  1.611218808746691E-01, -1.005859160677854E+00,  3.886652792279555E-06,  1.710108517259522E-02,  3.031243232677803E-03, -4.940529647735669E-05
A.D. 2038-Jan-01, -1.747391243076882E-01,  9.663950102110452E-01,  1.267481866917524E-04, -1.682081049716038E-02, -3.545004666519861E-03, -2.029036470221666E-05
A.D. 2038-Jul-01,  1.553878341330733E-01, -1.002165538373155E+00,  5.585936950720467E-06,  1.616104586204810E-02,  2.629692035233300E-03,  4.979461060177278E-05
A.D. 2039-Jan-01, -1.658922659935225E-01,  9.685870204310496E-01, -3.219571533517223E-04, -1.714828973475152E-02, -2.452707764707963E-03, -7.695491435983343E-06
A.D. 2039-Jul-01,  1.484945922791237E-01, -1.006566081696538E+00,  2.671372062400968E-04,  1.704550832639323E-02,  1.967579396803709E-03, -3.580189470293505E-05
A.D. 2040-Jan-01, -1.652840808416104E-01,  9.719550062724195E-01,  8.100466769300397E-05, -1.773849662287710E-02, -3.186827019949206E-03,  3.664999346783768E-05
A.D. 2040-Jul-01,  1.655168120011111E-01, -1.003342079052780E+00, -1.040677540728849E-04,  1.670140425201340E-02,  3.282617222408678E-03,  2.415486679707123E-05
A.D. 2041-Jan-01, -1.775444546054889E-01,  9.649480009521201E-01, -1.695989607305859E-04, -1.660304683141463E-02, -3.280881567644250E-03, -4.919969581164748E-05
A.D. 2041-Jul-01,  1.571502489330370E-01, -1.002061297183322E+00,  3.289824058643216E-04,  1.626375987583367E-02,  2.292172062321035E-03,  5.532713323246411E-06
A.D. 2042-Jan-01, -1.704960774882641E-01,  9.694699936973262E-01, -8.999285372517663E-05, -1.753598978240741E-02, -2.581056533623062E-03,  5.320334430324215E-05
A.D. 2042-Jul-01,  1.536301055814915E-01, -1.007248967017661E+00, -6.909008233941026E-05,  1.727501941084741E-02,  2.384706740354830E-03, -3.296189676235571E-05
A.D. 2043-Jan-01, -1.706418721763246E-01,  9.695123511526307E-01,  1.208331160040121E-05, -1.740876250498408E-02, -3.541738097253952E-03, -4.205568206162130E-05
A.D. 2043-Jul-01,  1.525589188115878E-01, -1.004661507946295E+00,  1.622719267778822E-04,  1.650701554602613E-02,  3.033546547998272E-03,  4.955885018375464E-05
A.D. 2044-Jan-01, -1.629067403584670E-01,  9.670392790710043E-01, -3.087139640793573E-04, -1.671126204837666E-02, -2.762205394376544E-03,  2.098807319912046E-05
A.D. 2044-Jul-01,  1.601453322936006E-01, -1.003342833643278E+00,  5.395471372629809E-05,  1.660925944411566E-02,  2.109928836361702E-03, -5.189539749774491E-05
A.D. 2045-Jan-01, -1.754934130424791E-01,  9.695400001828540E-01,  1.165241819028527E-04, -1.778070431311363E-02, -2.933007505071922E-03, -5.848265843836191E-06
A.D. 2045-Jul-01,  1.595815353592826E-01, -1.006611873439462E+00, -4.699767572884405E-08,  1.721059301833526E-02,  2.863509422119905E-03,  4.451422497973151E-05
A.D. 2046-Jan-01, -1.742230548896613E-01,  9.671021832140257E-01, -3.141926288607987E-04, -1.697858983889431E-02, -3.616373234185810E-03, -1.758312057376416E-05
A.D. 2046-Jul-01,  1.554277645993055E-01, -1.002665119800401E+00,  3.133541201922806E-04,  1.620903119291673E-02,  2.801498717153350E-03, -2.640079895198765E-05
A.D. 2047-Jan-01, -1.651966138193033E-01,  9.678375393496338E-01,  5.273649129967538E-05, -1.696737449591129E-02, -2.501058388593047E-03,  4.168757346489486E-05
A.D. 2047-Jul-01,  1.474708405048661E-01, -1.006040559448039E+00, -1.183140996575918E-04,  1.687823036050951E-02,  1.883842418687150E-03, -2.086578888186339E-06
A.D. 2048-Jan-01, -1.634937543012156E-01,  9.723238176907000E-01, -1.058052413684106E-04, -1.780189564133457E-02, -2.998915928789997E-03, -5.148630755022911E-05
A.D. 2048-Jul-01,  1.646385391293485E-01, -1.004267133632529E+00,  3.360039838952036E-04,  1.689298936990790E-02,  3.235705974867239E-03,  1.408367058885547E-05
A.D. 2049-Jan-01, -1.772986936972525E-01,  9.654330217392224E-01, -1.838016927187766E-04, -1.667776686247369E-02, -3.452649567647079E-03,  5.420686448665586E-05
A.D. 2049-Jul-01,  1.571266736440657E-01, -1.001712357227816E+00, -4.204297253425711E-05,  1.618857148351633E-02,  2.443020508942897E-03, -3.969105423454450E-05
A.D. 2050-Jan-01, -1.692085234906846E-01,  9.690380773079492E-01,  3.968199570739214E-05, -1.737063293883265E-02, -2.498025813521010E-03, -3.795205188165812E-05
A.D. 2050-Jul-01,  1.520176383414685E-01, -1.006881335380012E+00,  1.166576931574877E-04,  1.719499412976922E-02,  2.192955669459008E-03,  5.147071099112507E-05
A.D. 2051-Jan-01, -1.692971863525195E-01,  9.705692399898560E-01, -3.366829104278894E-04, -1.758088479198342E-02, -3.431943232850313E-03,  1.171818053626830E-05
A.D. 2051-Jul-01,  1.518340617617212E-01, -1.005414830855806E+00,  2.073407450349482E-04,  1.668609298611474E-02,  3.062607157996574E-03, -4.925300913846068E-05
A.D. 2052-Jan-01, -1.629178141857971E-01,  9.671744204496150E-01,  9.819191309313318E-05, -1.667878866627480E-02, -2.925069911074561E-03,  1.799773128645339E-05
A.D. 2052-Jul-01,  1.595016398404556E-01, -1.002656039166726E+00, -3.543720713268186E-06,  1.642552875287902E-02,  2.160372891508056E-03,  4.044289369123379E-05
A.D. 2053-Jan-01, -1.740241591323852E-01,  9.693111336139676E-01, -2.748242817648669E-04, -1.768111851206996E-02, -2.749574053831569E-03, -3.271437223473059E-05
A.D. 2053-Jul-01,  1.578587710906151E-01, -1.007018595579236E+00,  3.428479393201147E-04,  1.726601069279003E-02,  2.675417755310407E-03, -1.657412111837476E-05
A.D. 2054-Jan-01, -1.736680072214506E-01,  9.679175514253654E-01, -2.334248199925101E-06, -1.715908203456845E-02, -3.642745232047630E-03,  4.709036741442339E-05
A.D. 2054-Jul-01,  1.552526928793680E-01, -1.003380341689583E+00, -9.241206702462345E-05,  1.632236688222329E-02,  2.947882077367746E-03, -1.400091068957910E-05
A.D. 2055-Jan-01, -1.648954658239800E-01,  9.671749783290878E-01, -9.691934290858606E-05, -1.682179497580866E-02, -2.608775487786028E-03, -4.977763076072629E-05
A.D. 2055-Jul-01,  1.465870020895582E-01, -1.005514424847767E+00,  2.853664145180275E-04,  1.670288564585011E-02,  1.853344466780002E-03,  3.734065654175392E-05
A.D. 2056-Jan-01, -1.617293541173004E-01,  9.723404860704019E-01, -2.842274398917741E-04, -1.781031155595413E-02, -2.797099192336921E-03,  4.010421167194324E-05
A.D. 2056-Jul-01,  1.634907508598526E-01, -1.005211579147826E+00, -7.162895626701495E-06,  1.706546857335520E-02,  3.124368060700407E-03, -4.663594978142135E-05
A.D. 2057-Jan-01, -1.769447612310859E-01,  9.660744888579563E-01,  7.729027119626943E-05, -1.680507942553668E-02, -3.584759493376662E-03, -2.750648018996493E-05
A.D. 2057-Jul-01,  1.572412566863804E-01, -1.001727548178602E+00,  1.095574759449738E-04,  1.616636766366476E-02,  2.609559114801474E-03,  5.045127924688356E-05
A.D. 2058-Jan-01, -1.681661515559693E-01,  9.684724226075215E-01, -3.549088246335289E-04, -1.718785877689878E-02, -2.465384224122317E-03,  3.707195454519501E-06
A.D. 2058-Jul-01,  1.507008028793380E-01, -1.006331120214713E+00,  2.913668308412412E-04,  1.705686267965833E-02,  2.038893876367265E-03, -4.157674587656683E-05
A.D. 2059-Jan-01, -1.677482242409574E-01,  9.714140643133820E-01,  7.548887524128732E-05, -1.770495543391911E-02, -3.274608950186892E-03,  2.738913297560049E-05
A.D. 2059-Jul-01,  1.509800904745267E-01, -1.006170521210719E+00, -6.257674416625231E-05,  1.686809416151688E-02,  3.042645277410077E-03,  2.076748765832924E-05
A.D. 2060-Jan-01, -1.628778399047831E-01,  9.675846442641712E-01, -2.143880601746457E-04, -1.670988191641666E-02, -3.096895993208558E-03, -4.626995086829619E-05
A.D. 2060-Jul-01,  1.591472071653254E-01, -1.002014293977821E+00,  3.599093273624544E-04,  1.627687826715314E-02,  2.270720995325362E-03, -6.686130697948918E-06
A.D. 2061-Jan-01, -1.726246029390272E-01,  9.689609602761018E-01, -1.110226256483099E-04, -1.753863663924913E-02, -2.613170314186329E-03,  5.355487663298887E-05
A.D. 2061-Jul-01,  1.560658292697103E-01, -1.007079668661481E+00, -6.843289831404949E-05,  1.726539634961952E-02,  2.480677438558455E-03, -2.205622940828324E-05
A.D. 2062-Jan-01, -1.727335939308215E-01,  9.688842586887766E-01, -8.273440957049578E-05, -1.735370888567183E-02, -3.613995655158763E-03, -4.838391265123501E-05
A.D. 2062-Jul-01,  1.547740048148398E-01, -1.004229209983971E+00,  2.373189212837557E-04,  1.648570856608293E-02,  3.044345390371319E-03,  4.402010140273406E-05
A.D. 2063-Jan-01, -1.647227573868560E-01,  9.668361044876368E-01, -3.165958512511942E-04, -1.672653018829376E-02, -2.750402220957530E-03,  3.124289898196547E-05
A.D. 2063-Jul-01,  1.458149299269732E-01, -1.004995357381128E+00,  1.175067226147927E-04,  1.652559664512272E-02,  1.872893231658192E-03, -5.472442347461251E-05
A.D. 2064-Jan-01, -1.600432189264532E-01,  9.721181654621452E-01,  9.041521898996019E-05, -1.775278864441316E-02, -2.597870547943121E-03, -3.782432321498037E-06
A.D. 2064-Jul-01,  1.619928116857542E-01, -1.006013476513824E+00,  1.042287183040965E-04,  1.719393475710982E-02,  2.958783037461057E-03,  5.019777967815862E-05
A.D. 2065-Jan-01, -1.764950067820545E-01,  9.668049822301663E-01, -3.561216802499982E-04, -1.696255051977129E-02, -3.664502586434326E-03, -1.022082355065216E-05
A.D. 2065-Jul-01,  1.572493663807034E-01, -1.002077453343207E+00,  3.296104635459652E-04,  1.620034454608530E-02,  2.775769985763606E-03, -3.546024835447350E-05
A.D. 2066-Jan-01, -1.674629698370267E-01,  9.677703330844366E-01,  4.605062449188977E-05, -1.700293748083441E-02, -2.495791367042134E-03,  3.504771612087234E-05
A.D. 2066-Jul-01,  1.495623084901813E-01, -1.005697708525766E+00, -8.193341251032234E-05,  1.688650621861803E-02,  1.941119853936008E-03,  6.399661488866741E-06
A.D. 2067-Jan-01, -1.660744481787613E-01,  9.719017253874999E-01, -2.112550693652245E-04, -1.777633714826211E-02, -3.090949690110925E-03, -4.872104187303045E-05
A.D. 2067-Jul-01,  1.499055682264638E-01, -1.006955332499049E+00,  3.643511710541381E-04,  1.704480580097879E-02,  2.968362771654544E-03,  1.786158433489672E-05
A.D. 2068-Jan-01, -1.627049482658352E-01,  9.682219284719746E-01, -2.418141013596099E-04, -1.680812516316463E-02, -3.255545590971101E-03,  5.057103052419451E-05
A.D. 2068-Jul-01,  1.590615004093877E-01, -1.001606979608614E+00, -3.722033779256607E-05,  1.618460587543458E-02,  2.423045978002282E-03, -3.214023877826107E-05
A.D. 2069-Jan-01, -1.714352297207449E-01,  9.685312109578859E-01, -2.305966835819750E-05, -1.737520725177916E-02, -2.526875460166708E-03, -4.359416506063156E-05
A.D. 2069-Jul-01,  1.544597201916285E-01, -1.006854983588914E+00,  2.229871620700841E-04,  1.720345704746635E-02,  2.291807656115591E-03,  4.674003788103890E-05
A.D. 2070-Jan-01, -1.715535540147903E-01,  9.698778754744597E-01, -3.433526428974408E-04, -1.753866917769226E-02, -3.522163885485208E-03,  2.403525305121622E-05
A.D. 2070-Jul-01,  1.541836976961601E-01, -1.005109893790594E+00,  2.268713129001155E-04,  1.667005117154228E-02,  3.083769842723101E-03, -5.081651828242468E-05
A.D. 2071-Jan-01, -1.647058488960628E-01,  9.667834470749490E-01,  7.815432721359851E-05, -1.668708029413898E-02, -2.908812269046328E-03,  6.335616924744389E-06
A.D. 2071-Jul-01,  1.454058139037987E-01, -1.004469826866944E+00,  3.436012872135777E-05,  1.635845747115455E-02,  1.949055954224451E-03,  4.114043115491890E-05
A.D. 2072-Jan-01, -1.585044433087167E-01,  9.716508126649054E-01, -3.159329653850930E-04, -1.763109903979289E-02, -2.429133401386165E-03, -3.277957991827094E-05
A.D. 2072-Jul-01,  1.604039535837486E-01, -1.006522871948080E+00,  3.531499424499035E-04,  1.726279863276021E-02,  2.767933512099569E-03, -2.798431857937791E-05
A.D. 2073-Jan-01, -1.757512400982077E-01,  9.676020193236343E-01, -2.280120486637984E-05, -1.713720868985998E-02, -3.693428367454028E-03,  4.425458364280294E-05
A.D. 2073-Jul-01,  1.571859806087024E-01, -1.002691220771952E+00, -7.067854618150340E-05,  1.629409241774252E-02,  2.926642076418446E-03, -1.932238411097902E-06
A.D. 2074-Jan-01, -1.669261061838198E-01,  9.671771129342464E-01, -2.008600641667259E-04, -1.684006364709920E-02, -2.589610024149369E-03, -5.186841146718805E-05
A.D. 2074-Jul-01,  1.486460464947535E-01, -1.005052893559131E+00,  3.481710940814342E-04,  1.670696219971995E-02,  1.902703259619584E-03,  3.028975665279379E-05
A.D. 2075-Jan-01, -1.642645260597698E-01,  9.721615320179439E-01, -2.811690209733925E-04, -1.779260631368829E-02, -2.893967849315781E-03,  4.598723375886507E-05
A.D. 2075-Jul-01,  1.485410787409533E-01, -1.007669016398033E+00,  5.614806230361818E-05,  1.720011897024896E-02,  2.832636362309436E-03, -5.078371106943759E-05
A.D. 2076-Jan-01, -1.623513024533653E-01,  9.691097140761049E-01,  5.073849024954041E-05, -1.695773374069472E-02, -3.369831735788220E-03, -2.297541335421490E-05
A.D. 2076-Jul-01,  1.589862700771037E-01, -1.001460129022284E+00,  2.169949339233638E-04,  1.615410923277728E-02,  2.589846018740456E-03,  5.030165272657718E-05
A.D. 2077-Jan-01, -1.705487923975390E-01,  9.680454096685042E-01, -3.835775272279926E-04, -1.720072948902931E-02, -2.488483298086145E-03,  1.291148106673634E-05
A.D. 2077-Jul-01,  1.528711026432218E-01, -1.006340320570865E+00,  2.914673267135333E-04,  1.708358120126018E-02,  2.125852660815011E-03, -4.645472212707018E-05
A.D. 2078-Jan-01, -1.702143072850456E-01,  9.707174727093371E-01,  5.226040005573714E-05, -1.768321566359980E-02, -3.372473847191040E-03,  1.730181186909019E-05
A.D. 2078-Jul-01,  1.531928656300283E-01, -1.005956550949683E+00, -1.577960477390127E-05,  1.685464746244348E-02,  3.068231606319981E-03,  2.699402835120898E-05
A.D. 2079-Jan-01, -1.647697103901886E-01,  9.669802979149810E-01, -3.111962403297630E-04, -1.670547855603173E-02, -3.074729592073015E-03, -3.806020511298617E-05
A.D. 2079-Jul-01,  1.450935798717581E-01, -1.004078262201896E+00,  3.861176085780263E-04,  1.622662148558379E-02,  2.080705479030298E-03, -5.714651674108067E-06
A.D. 2080-Jan-01, -1.572293068035360E-01,  9.710152250195986E-01, -1.717614948323545E-04, -1.746602964390682E-02, -2.314289746087478E-03,  5.199541075742533E-05
A.D. 2080-Jul-01,  1.586999098620621E-01, -1.006815137807998E+00, -4.852533510893184E-05,  1.726917279868640E-02,  2.572965916267584E-03, -1.103157522360697E-05
A.D. 2081-Jan-01, -1.748137153595654E-01,  9.684127414841850E-01, -1.578501229032780E-04, -1.732287660174141E-02, -3.674486422551206E-03, -5.181951093216875E-05
A.D. 2081-Jul-01,  1.569843952694592E-01, -1.003606876593111E+00,  3.317597912522284E-04,  1.644219845813545E-02,  3.039353557117276E-03,  3.556238909704059E-05
A.D. 2082-Jan-01, -1.666377177207952E-01,  9.667180683437681E-01, -3.087112773322577E-04, -1.672711630187213E-02, -2.730788609558736E-03,  4.118003541791781E-05
A.D. 2082-Jul-01,  1.481018738479399E-01, -1.004517196701341E+00,  1.400659736769729E-04,  1.652990885308400E-02,  1.917912374967184E-03, -5.309787508539570E-05
A.D. 2083-Jan-01, -1.624488627697385E-01,  9.720466585380084E-01,  4.551825643749389E-05, -1.775303900120258E-02, -2.698403942563011E-03, -1.522824913177973E-05
A.D. 2083-Jul-01,  1.471678341170859E-01, -1.008231480050478E+00,  1.468252148218921E-04,  1.730825288050879E-02,  2.648034168219988E-03,  5.328104800132551E-05
A.D. 2084-Jan-01, -1.616467033939573E-01,  9.700309526990035E-01, -4.008183468110615E-04, -1.713610557102388E-02, -3.424280761351527E-03, -1.425083648662060E-05
A.D. 2084-Jul-01,  1.591024534130751E-01, -1.001581697723253E+00,  3.237586504542275E-04,  1.617979354677814E-02,  2.757094007048383E-03, -4.340082447824696E-05
A.D. 2085-Jan-01, -1.696996669694822E-01,  9.675310854488733E-01,  1.836517558960997E-05, -1.702154658770557E-02, -2.503162026602670E-03,  2.785860760644347E-05
A.D. 2085-Jul-01,  1.516509330925244E-01, -1.005585712759943E+00, -3.809200378013130E-05,  1.691971380665987E-02,  2.011796998456193E-03,  1.657084393996629E-05
A.D. 2086-Jan-01, -1.685301046993917E-01,  9.714267342861196E-01, -3.054678882446324E-04, -1.776740050657321E-02, -3.185508327586020E-03, -4.522283372834476E-05
A.D. 2086-Jul-01,  1.520546080340401E-01, -1.006671665705329E+00,  4.117365746165502E-04,  1.702940128793239E-02,  3.003186396579375E-03,  9.438054580734934E-06
A.D. 2087-Jan-01, -1.646991168524976E-01,  9.676168538243798E-01, -2.231062963200569E-04, -1.678195575831729E-02, -3.232878222231161E-03,  5.146517710282864E-05
A.D. 2087-Jul-01,  1.449274860996171E-01, -1.003796053305873E+00,  1.927106288542428E-05,  1.615815184921478E-02,  2.251015270338253E-03, -3.516452371985660E-05
A.D. 2088-Jan-01, -1.562981177926883E-01,  9.704616243472878E-01, -3.716599593428768E-05, -1.728472430858455E-02, -2.256763761626855E-03, -3.923183980240383E-05
A.D. 2088-Jul-01,  1.569370035303486E-01, -1.006738524659950E+00,  3.273217404030543E-04,  1.722033644616440E-02,  2.384513476845208E-03,  4.047866052927633E-05
A.D. 2089-Jan-01, -1.738224063872307E-01,  9.692778737416796E-01, -3.490686554185023E-04, -1.750760918656552E-02, -3.600913802600266E-03,  3.446426571233577E-05
A.D. 2089-Jul-01,  1.563481708793779E-01, -1.004595622536379E+00,  2.261735887262129E-04,  1.662766897305976E-02,  3.092948648512936E-03, -5.079863477744762E-05
A.D. 2090-Jan-01, -1.666622133806700E-01,  9.664755596456045E-01,  3.216935049556428E-05, -1.667700878786348E-02, -2.894063769660799E-03, -5.283440687791637E-06
A.D. 2090-Jul-01,  1.475797359690512E-01, -1.004078801984971E+00,  9.651989304606684E-05,  1.636581056306787E-02,  1.980903999445205E-03,  4.592112388348315E-05
A.D. 2091-Jan-01, -1.608622324403334E-01,  9.715694255827950E-01, -4.019923221829272E-04, -1.765302459994163E-02, -2.524295886045165E-03, -2.154667827457483E-05
A.D. 2091-Jul-01,  1.455339489653368E-01, -1.008641984860072E+00,  3.882525357760690E-04,  1.734889520904326E-02,  2.440494729520580E-03, -2.918874627305389E-05
A.D. 2092-Jan-01, -1.607401588885856E-01,  9.708721269301184E-01, -9.100183112081756E-05, -1.732101486190498E-02, -3.422555411602035E-03,  4.672134477292135E-05
A.D. 2092-Jul-01,  1.590949553360317E-01, -1.002109727859438E+00, -2.817604800106192E-05,  1.625742109441406E-02,  2.908572337571963E-03,  1.030837728973469E-05
A.D. 2093-Jan-01, -1.690944860620853E-01,  9.669906431334886E-01, -2.850491456940015E-04, -1.685234458218490E-02, -2.579922616096974E-03, -5.186357193187714E-05
A.D. 2093-Jul-01,  1.507494431905284E-01, -1.004860660205359E+00,  4.215365553175045E-04,  1.673458468781299E-02,  1.960761045018369E-03,  2.065298826408115E-05
A.D. 2094-Jan-01, -1.667527979049483E-01,  9.718104426570376E-01, -2.610119329126790E-04, -1.779241299950129E-02, -2.986623754195728E-03,  5.095990089127486E-05
A.D. 2094-Jul-01,  1.508063825447865E-01, -1.007332843451748E+00,  7.772813768461374E-05,  1.718459807493978E-02,  2.884266191752982E-03, -4.623882645586564E-05
A.D. 2095-Jan-01, -1.644045177529616E-01,  9.684734605751113E-01, -1.142177078443212E-05, -1.691678986098106E-02, -3.359552653401369E-03, -3.166015159353458E-05
A.D. 2095-Jul-01,  1.449022910604873E-01, -1.003742071427272E+00,  2.540962239114408E-04,  1.615922244535114E-02,  2.429651664647253E-03,  5.305515425222418E-05
A.D. 2096-Jan-01, -1.554867123369302E-01,  9.699208863267393E-01, -4.318856880900972E-04, -1.710866919172961E-02, -2.250242474560256E-03,  7.528504400663856E-06
A.D. 2096-Jul-01,  1.553364752241543E-01, -1.006329414694236E+00,  2.683510916137324E-04,  1.711808706836389E-02,  2.215671422693753E-03, -4.970186630508877E-05
A.D. 2097-Jan-01, -1.724127632359646E-01,  9.701146178449422E-01,  9.488580819332652E-06, -1.766753176474212E-02, -3.464015285312646E-03,  6.939431343335399E-06
A.D. 2097-Jul-01,  1.554383323031022E-01, -1.005540850279725E+00,  4.112941821014007E-05,  1.681971361846376E-02,  3.086294713995367E-03,  3.291607698348131E-05
A.D. 2098-Jan-01, -1.665845136739416E-01,  9.665966761550666E-01, -3.973811537855824E-04, -1.668615097183622E-02, -3.057596323195796E-03, -2.910482474946848E-05
A.D. 2098-Jul-01,  1.472640889366074E-01, -1.003724261474569E+00,  4.194869063342640E-04,  1.622805716630455E-02,  2.096051325340701E-03, -1.552387581477625E-05
A.D. 2099-Jan-01, -1.594478639816653E-01,  9.709700157276893E-01, -1.604853076338703E-04, -1.749714746487320E-02, -2.391999549132332E-03,  4.838353798509678E-05
A.D. 2099-Jul-01,  1.438721809552256E-01, -1.008785333002815E+00,  8.189062043021026E-06,  1.732179268970652E-02,  2.240670561979658E-03, -1.194975516059920E-05
A.D. 2100-Jan-01, -1.596766914874702E-01,  9.716881059127378E-01, -1.710155400731023E-04, -1.749953188131344E-02, -3.370980934478080E-03, -5.088966195489307E-05
