epoch, x, y, z, vx, vy, vz
A.D. 1950-Jan-01, -2.909262026598143E+01, -8.409023962116242E+00,  8.433793022478373E-01,  8.581975270628178E-04, -2.992437296754499E-03,  4.217856159870922E-05
A.D. 1950-Jul-01, -2.893236806625992E+01, -8.949113008362264E+00,  8.508258463515195E-01,  9.123362584348369E-04, -2.974515822062545E-03,  4.069772754493129E-05
A.D. 1951-Jan-01, -2.875939797183578E+01, -9.494746925948123E+00,  8.580975570480796E-01,  9.678941649449020E-04, -2.955719069227017E-03,  3.867880759811154E-05
A.D. 1951-Jul-01, -2.857945722441351E+01, -1.002805875534959E+01,  8.649546815608555E-01,  1.020930475326341E-03, -2.936496429512266E-03,  3.742667506206613E-05
A.D. 1952-Jan-01, -2.838666427158776E+01, -1.056661608937833E+01,  8.716237803981105E-01,  1.075126948188827E-03, -2.917156766571517E-03,  3.516069515797055E-05
A.D. 1952-Jul-01, -2.818622576924230E+01, -1.109569845786646E+01,  8.779183345558841E-01,  1.128343917683960E-03, -2.896922965815910E-03,  3.356585763079300E-05
A.D. 1953-Jan-01, -2.797376588666322E+01, -1.162681649107700E+01,  8.839733145907946E-01,  1.181115810486554E-03, -2.876395266532822E-03,  3.183066188297929E-05
A.D. 1953-Jul-01, -2.775513849449149E+01, -1.214547914887902E+01,  8.896249813772036E-01,  1.234675873326696E-03, -2.855019096636102E-03,  3.002050121727937E-05
A.D. 1954-Jan-01, -2.752308741444951E+01, -1.266871475421258E+01,  8.950549056345033E-01,  1.287568795737106E-03, -2.832634579434073E-03,  2.864650614132833E-05
A.D. 1954-Jul-01, -2.728515805861919E+01, -1.317931458916902E+01,  9.000835975832681E-01,  1.341061915300155E-03, -2.809782945238746E-03,  2.655242013120410E-05
A.D. 1955-Jan-01, -2.703346172249508E+01, -1.369398651482538E+01,  9.048726156214159E-01,  1.394272476660706E-03, -2.784775907487855E-03,  2.538524728528653E-05
A.D. 1955-Jul-01, -2.677620878182393E+01, -1.419575984891409E+01,  9.092627468561086E-01,  1.447370956671992E-03, -2.759727187723729E-03,  2.316975023958367E-05
A.D. 1956-Jan-01, -2.650490588740366E+01, -1.470101051724383E+01,  9.133965025082027E-01,  1.500940329746306E-03, -2.731943451378854E-03,  2.193318141301325E-05
A.D. 1956-Jul-01, -2.622688680778318E+01, -1.519574711078780E+01,  9.171556312598432E-01,  1.553642108862946E-03, -2.703831328549274E-03,  2.010287100706804E-05
A.D. 1957-Jan-01, -2.593611516258494E+01, -1.569056379467169E+01,  9.206212692086608E-01,  1.607095604718129E-03, -2.674026729555083E-03,  1.791272350399234E-05
A.D. 1957-Jul-01, -2.564065343946433E+01, -1.617183819918638E+01,  9.236987286805035E-01,  1.658041047933058E-03, -2.643121279635459E-03,  1.646181935858018E-05
A.D. 1958-Jan-01, -2.533081851710275E+01, -1.665524997571920E+01,  9.264898095180147E-01,  1.709976693212266E-03, -2.610896503028869E-03,  1.400494570550570E-05
A.D. 1958-Jul-01, -2.501684064955901E+01, -1.712482019937453E+01,  9.289022600657850E-01,  1.759948031762536E-03, -2.577044646252918E-03,  1.262984780068251E-05
A.D. 1959-Jan-01, -2.468846602996537E+01, -1.759584973447347E+01,  9.310158327321004E-01,  1.809785980484886E-03, -2.542514155665791E-03,  1.018245116550091E-05
A.D. 1959-Jul-01, -2.435656323499835E+01, -1.805277949992357E+01,  9.327624702639356E-01,  1.858326212388377E-03, -2.506255384055551E-03,  8.696179564405611E-06
A.D. 1960-Jan-01, -2.401031258016787E+01, -1.851051668064655E+01,  9.341992730600471E-01,  1.905551807462597E-03, -2.469328050205231E-03,  6.543470352662409E-06
A.D. 1960-Jul-01, -2.365924664931472E+01, -1.895639584252528E+01,  9.352869209217501E-01,  1.951992799137815E-03, -2.431077707603787E-03,  4.698103007713431E-06
A.D. 1961-Jan-01, -2.329587217685325E+01, -1.940001820667885E+01,  9.360501514524801E-01,  1.996997434579385E-03, -2.391160606042151E-03,  3.470254810835972E-06
A.D. 1961-Jul-01, -2.293034575875755E+01, -1.982926030251912E+01,  9.364733477636439E-01,  2.040973264192663E-03, -2.351931352342461E-03,  1.221584555894643E-06
A.D. 1962-Jan-01, -2.255078260294319E+01, -2.025819994246717E+01,  9.365727745886689E-01,  2.084059331851777E-03, -2.310495261887436E-03,  7.933542537919465E-09
A.D. 1962-Jul-01, -2.216976818402278E+01, -2.067277821862530E+01,  9.363465853584092E-01,  2.125172280824503E-03, -2.270366392758641E-03, -2.105027887946938E-06
A.D. 1963-Jan-01, -2.177488370208329E+01, -2.108664979338687E+01,  9.357904370212293E-01,  2.166443486377538E-03, -2.228174849867187E-03, -3.566788396999270E-06
A.D. 1963-Jul-01, -2.137917731276892E+01, -2.148630215584221E+01,  9.349222959900615E-01,  2.205347528102548E-03, -2.187333751969082E-03, -5.399792385799609E-06
A.D. 1964-Jan-01, -2.096969129574963E+01, -2.188492434763488E+01,  9.337165547976696E-01,  2.245333351516633E-03, -2.145060348437839E-03, -7.276378728994104E-06
A.D. 1964-Jul-01, -2.055761011721996E+01, -2.227161325524531E+01,  9.322021925988905E-01,  2.283635545644899E-03, -2.103351793877212E-03, -8.970912813221044E-06
A.D. 1965-Jan-01, -2.013396956851403E+01, -2.265479868771984E+01,  9.303459928572433E-01,  2.321750690833496E-03, -2.061616167009174E-03, -1.135427995821755E-05
A.D. 1965-Jul-01, -1.971039996692746E+01, -2.302409196264984E+01,  9.282006836162290E-01,  2.359285760551543E-03, -2.018960279457374E-03, -1.274990590573058E-05
A.D. 1966-Jan-01, -1.927291902093615E+01, -2.339162076898106E+01,  9.256927323185837E-01,  2.396237195964625E-03, -1.976096249006857E-03, -1.487459298065159E-05
A.D. 1966-Jul-01, -1.883584895548701E+01, -2.374530881909353E+01,  9.229045583217274E-01,  2.433542698384360E-03, -1.932236685886749E-03, -1.654839330534991E-05
A.D. 1967-Jan-01, -1.838477001099991E+01, -2.409671511502457E+01,  9.197407777237526E-01,  2.469577822021863E-03, -1.887605790361867E-03, -1.827015099356453E-05
A.D. 1967-Jul-01, -1.793446279977496E+01, -2.443424167102673E+01,  9.163057175213871E-01,  2.506095270591187E-03, -1.842379861036483E-03, -2.025680161061135E-05
A.D. 1968-Jan-01, -1.747009907319286E+01, -2.476887794649199E+01,  9.124832046899689E-01,  2.541041310618023E-03, -1.795401255321688E-03, -2.159329334981466E-05
A.D. 1968-Jul-01, -1.700435429831587E+01, -2.509130497354202E+01,  9.083755863366421E-01,  2.575874095462656E-03, -1.748010094198974E-03, -2.345042988656819E-05
A.D. 1969-Jan-01, -1.652713490079472E+01, -2.540840053959008E+01,  9.038932173790365E-01,  2.610625848314780E-03, -1.698393362229623E-03, -2.490072185147473E-05
A.D. 1969-Jul-01, -1.605160828856053E+01, -2.571145938760227E+01,  8.991602494790016E-01,  2.643189288979747E-03, -1.649576585370289E-03, -2.677584497657952E-05
A.D. 1970-Jan-01, -1.556219243204812E+01, -2.601031471849235E+01,  8.940233080560418E-01,  2.676335405795770E-03, -1.598318686823021E-03, -2.863143306555583E-05
A.D. 1970-Jul-01, -1.507502877223263E+01, -2.629507341542327E+01,  8.886496902017599E-01,  2.706644899489818E-03, -1.547392803710985E-03, -3.017481461699466E-05
A.D. 1971-Jan-01, -1.457417777295128E+01, -2.657498235243249E+01,  8.828652765090081E-01,  2.737386677535687E-03, -1.494672359266201E-03, -3.239003340985417E-05
A.D. 1971-Jul-01, -1.407618928523636E+01, -2.684078719565328E+01,  8.768600809032380E-01,  2.765475105452558E-03, -1.441633987246127E-03, -3.368526673045427E-05
A.D. 1972-Jan-01, -1.356480303514808E+01, -2.710113072392744E+01,  8.704394095691681E-01,  2.793286668636924E-03, -1.387744001793585E-03, -3.605476140247937E-05
A.D. 1972-Jul-01, -1.305412455884191E+01, -2.734876099488091E+01,  8.637786674039223E-01,  2.819276437680637E-03, -1.333312692690486E-03, -3.768723978428954E-05
A.D. 1973-Jan-01, -1.253319732458106E+01, -2.758899312187243E+01,  8.567348736859973E-01,  2.842987742064730E-03, -1.278303823194966E-03, -3.931220804721686E-05
A.D. 1973-Jul-01, -1.201647549353143E+01, -2.781532927441986E+01,  8.495078267534052E-01,  2.866353286518103E-03, -1.223281902882122E-03, -4.112554988507469E-05
A.D. 1974-Jan-01, -1.148710779664885E+01, -2.803520697760657E+01,  8.418606818333455E-01,  2.887111059723006E-03, -1.167248605364868E-03, -4.230187242594767E-05
A.D. 1974-Jul-01, -1.096260986424318E+01, -2.824146467600363E+01,  8.340487611805609E-01,  2.907596629997370E-03, -1.112323299786482E-03, -4.429539203254646E-05
A.D. 1975-Jan-01, -1.042584631735584E+01, -2.844092534344448E+01,  8.258166196921077E-01,  2.926147666006311E-03, -1.056046013303420E-03, -4.523477284921597E-05
A.D. 1975-Jul-01, -9.894527022895247E+00, -2.862713302405929E+01,  8.174367246095608E-01,  2.943918014418241E-03, -1.001755612120491E-03, -4.722519378713359E-05
A.D. 1976-Jan-01, -9.351230301793020E+00, -2.880627702945781E+01,  8.086348053590008E-01,  2.960869140405368E-03, -9.457119963333714E-04, -4.821731442440459E-05
A.D. 1976-Jul-01, -8.810836213097504E+00, -2.897346985953154E+01,  7.996492585924396E-01,  2.976868544467792E-03, -8.910649660640944E-04, -4.974202875956594E-05
A.D. 1977-Jan-01, -8.261597530221760E+00, -2.913238488595563E+01,  7.902854394807332E-01,  2.993122518082176E-03, -8.358562164693935E-04, -5.170720110940457E-05
A.D. 1977-Jul-01, -7.718564383539146E+00, -2.927880920170314E+01,  7.808004402355700E-01,  3.007643762937664E-03, -7.812888773530568E-04, -5.279358062057645E-05
A.D. 1978-Jan-01, -7.163834515648945E+00, -2.941754208865454E+01,  7.708819866709505E-01,  3.022508066444410E-03, -7.263043286585253E-04, -5.495450472360128E-05
A.D. 1978-Jul-01, -6.615585325493350E+00, -2.954403232727967E+01,  7.608541545949709E-01,  3.036252118784127E-03, -6.709835147291285E-04, -5.597837843314739E-05
A.D. 1979-Jan-01, -6.055746813097308E+00, -2.966237209008772E+01,  7.503853040409392E-01,  3.049357918928482E-03, -6.153229760716561E-04, -5.803608750723179E-05
A.D. 1979-Jul-01, -5.502692407662794E+00, -2.976863685041065E+01,  7.398194941422251E-01,  3.062202527960420E-03, -5.588378640721421E-04, -5.920064519072492E-05
A.D. 1980-Jan-01, -4.938231986787347E+00, -2.986622276232358E+01,  7.288070957372295E-01,  3.073418608911872E-03, -5.019698787016006E-04, -6.090569593895333E-05
A.D. 1980-Jul-01, -4.377838446006154E+00, -2.995230478273947E+01,  7.176492368502801E-01,  3.084506857802121E-03, -4.445286627023395E-04, -6.239224893473294E-05
A.D. 1981-Jan-01, -3.809375717231075E+00, -3.002863511331957E+01,  7.061028959987284E-01,  3.093909452344700E-03, -3.854912738577035E-04, -6.319007997637186E-05
A.D. 1981-Jul-01, -3.248491900863516E+00, -3.009314063863628E+01,  6.944875550047180E-01,  3.102745870880122E-03, -3.275747168682641E-04, -6.504707172645030E-05
A.D. 1982-Jan-01, -2.676813626017261E+00, -3.014783533984181E+01,  6.824224240063930E-01,  3.110325997607935E-03, -2.670594245515905E-04, -6.587195325330380E-05
A.D. 1982-Jul-01, -2.113201965790008E+00, -3.019086387448989E+01,  6.703043976829167E-01,  3.116406551584817E-03, -2.081081507169559E-04, -6.753265467588808E-05
A.D. 1983-Jan-01, -1.539229189365059E+00, -3.022353761154739E+01,  6.577384577430262E-01,  3.121843512711098E-03, -1.467344548064970E-04, -6.863815539327791E-05
A.D. 1983-Jul-01, -9.738632330738247E-01, -3.024474177710566E+01,  6.451377963864380E-01,  3.124808661353397E-03, -8.696084770246853E-05, -6.994900592921632E-05
A.D. 1984-Jan-01, -3.986398573980977E-01, -3.025509732756571E+01,  6.320924331158293E-01,  3.127365053838414E-03, -2.530968431048105E-05, -7.142517399534268E-05
A.D. 1984-Jul-01,  1.705363966441594E-01, -3.025422192766980E+01,  6.189594224614080E-01,  3.127658855569311E-03,  3.565764253264778E-05, -7.258325972027622E-05
A.D. 1985-Jan-01,  7.458719996702248E-01, -3.024206016772412E+01,  6.054572761448743E-01,  3.126152293391826E-03,  9.658943669248842E-05, -7.437314229963418E-05
A.D. 1985-Jul-01,  1.311439096776221E+00, -3.021907489791176E+01,  5.919625112617933E-01,  3.123630686653433E-03,  1.574625594694179E-04, -7.520901034878997E-05
A.D. 1986-Jan-01,  1.885689258477002E+00, -3.018452523570872E+01,  5.780333206410467E-01,  3.118443700967507E-03,  2.178095738263350E-04, -7.660083783166074E-05
A.D. 1986-Jul-01,  2.449624963961951E+00, -3.013963368730147E+01,  5.641325136573822E-01,  3.113078612888045E-03,  2.776881748555428E-04, -7.764719762333363E-05
A.D. 1987-Jan-01,  3.021676867674496E+00, -3.008299342984634E+01,  5.498037729270260E-01,  3.104717878710187E-03,  3.372785979810229E-04, -7.852054735130855E-05
A.D. 1987-Jul-01,  3.582967577776962E+00, -3.001659650588384E+01,  5.355222508261214E-01,  3.096933642427866E-03,  3.956638325263581E-04, -7.980446210420447E-05
A.D. 1988-Jan-01,  4.151901233928514E+00, -2.993834991791771E+01,  5.208183717331816E-01,  3.086654623483274E-03,  4.543067226318623E-04, -8.026498681463024E-05
A.D. 1988-Jul-01,  4.712848127230838E+00, -2.985043428187072E+01,  5.060959692875442E-01,  3.076573732344965E-03,  5.114599143120549E-04, -8.130750811096498E-05
A.D. 1989-Jan-01,  5.277997325999816E+00, -2.975100029682737E+01,  4.910357744759598E-01,  3.065967605419588E-03,  5.693464556290329E-04, -8.198893953932464E-05
A.D. 1989-Jul-01,  5.831903696589121E+00, -2.964294529191355E+01,  4.760502298369033E-01,  3.054089603752130E-03,  6.249827080411637E-04, -8.294756163587403E-05
A.D. 1990-Jan-01,  6.392820116406310E+00, -2.952272241732708E+01,  4.606478785982905E-01,  3.042566464197813E-03,  6.820367027820665E-04, -8.403119382977322E-05
A.D. 1990-Jul-01,  6.942354030055720E+00, -2.939430993146518E+01,  4.453323720961415E-01,  3.029567785593547E-03,  7.376564853557125E-04, -8.465215197530681E-05
A.D. 1991-Jan-01,  7.498598968535745E+00, -2.925343615423010E+01,  4.296014211697943E-01,  3.016748617364632E-03,  7.940648098033657E-04, -8.606968597820208E-05
A.D. 1991-Jul-01,  8.043293991101374E+00, -2.910471733291890E+01,  4.139704789782011E-01,  3.002532815424886E-03,  8.499153049953197E-04, -8.646249687161160E-05
A.D. 1992-Jan-01,  8.594350946386220E+00, -2.894318396173144E+01,  3.979260667298592E-01,  2.987628413899805E-03,  9.060470621624196E-04, -8.795632720533629E-05
A.D. 1992-Jul-01,  9.136614839153070E+00, -2.877315048749314E+01,  3.819074806728682E-01,  2.971914302498617E-03,  9.623344035169474E-04, -8.870495184023453E-05
A.D. 1993-Jan-01,  9.681816222397529E+00, -2.859084220913283E+01,  3.655671219586470E-01,  2.954018350832302E-03,  1.018852413373107E-03, -8.933079829581231E-05
A.D. 1993-Jul-01,  1.021497433457785E+01, -2.840130700970868E+01,  3.493573593560435E-01,  2.936895074565070E-03,  1.074978576589317E-03, -9.032481403472333E-05
A.D. 1994-Jan-01,  1.075354607799192E+01, -2.819822842525359E+01,  3.327451793084150E-01,  2.916785460139453E-03,  1.131932725269353E-03, -9.051344983532676E-05
A.D. 1994-Jul-01,  1.127975278653092E+01, -2.798824897849541E+01,  3.162797906102580E-01,  2.896940170677621E-03,  1.187673447085303E-03, -9.162783818602277E-05
A.D. 1995-Jan-01,  1.181079209815640E+01, -2.776440091854759E+01,  2.994214103492241E-01,  2.874498780003016E-03,  1.244945108343592E-03, -9.159753802893062E-05
A.D. 1995-Jul-01,  1.232910636270528E+01, -2.753403405856147E+01,  2.827267474847209E-01,  2.851608623862246E-03,  1.300270085685500E-03, -9.262644927470543E-05
A.D. 1996-Jan-01,  1.285160317313368E+01, -2.728953126609446E+01,  2.656509195796556E-01,  2.826893783105053E-03,  1.357290227259632E-03, -9.267711245270823E-05
A.D. 1996-Jul-01,  1.336378060782370E+01, -2.703753793267170E+01,  2.486640621167558E-01,  2.800837214148540E-03,  1.412513069057877E-03, -9.318284837530492E-05
A.D. 1997-Jan-01,  1.387661164868295E+01, -2.677258103675579E+01,  2.314019667456405E-01,  2.773497047304555E-03,  1.467722216616416E-03, -9.416438466881229E-05
A.D. 1997-Jul-01,  1.437593495686674E+01, -2.650208502812188E+01,  2.143415067144518E-01,  2.744201637250810E-03,  1.521632425174291E-03, -9.412440832761884E-05
A.D. 1998-Jan-01,  1.487803045687685E+01, -2.621720731375108E+01,  1.969261982699096E-01,  2.713519886627166E-03,  1.574907605080518E-03, -9.516116442022237E-05
A.D. 1998-Jul-01,  1.536627642528937E+01, -2.592743882044691E+01,  1.797320685226038E-01,  2.681930571888663E-03,  1.627201598341607E-03, -9.503729410672302E-05
A.D. 1999-Jan-01,  1.585662814936152E+01, -2.562335174601732E+01,  1.621962903500912E-01,  2.648345106280653E-03,  1.677988773019262E-03, -9.584596141051765E-05
A.D. 1999-Jul-01,  1.633291069280402E+01, -2.531509671115229E+01,  1.448989234833330E-01,  2.615039938793856E-03,  1.727900709922962E-03, -9.584731777585471E-05
A.D. 2000-Jan-01,  1.681075678673806E+01, -2.499265126481675E+01,  1.272710177155349E-01,  2.579215310805740E-03,  1.776354510863407E-03, -9.619957561060568E-05
A.D. 2000-Jul-01,  1.727701350308757E+01, -2.466493939593425E+01,  1.097982779672596E-01,  2.544124205974272E-03,  1.823859872947165E-03, -9.643352201157276E-05
A.D. 2001-Jan-01,  1.774183154660403E+01, -2.432493225445891E+01,  9.210081772829326E-02,  2.507624442986945E-03,  1.871318554044624E-03, -9.593092276436467E-05
A.D. 2001-Jul-01,  1.819256599449944E+01, -2.398212389600533E+01,  7.466417908463036E-02,  2.472016157310322E-03,  1.916325518576858E-03, -9.652744903804695E-05
A.D. 2002-Jan-01,  1.864408409764121E+01, -2.362526237709859E+01,  5.691525395580285E-02,  2.435311930076481E-03,  1.962410681292062E-03, -9.612066107906568E-05
A.D. 2002-Jul-01,  1.908160343357856E+01, -2.326611886652813E+01,  3.943547010725298E-02,  2.398513033884080E-03,  2.006061614340685E-03, -9.647321600781643E-05
A.D. 2003-Jan-01,  1.951954833684887E+01, -2.289285800072429E+01,  2.165121669008039E-02,  2.361334592278511E-03,  2.051108126046408E-03, -9.639128942325597E-05
A.D. 2003-Jul-01,  1.994355575331983E+01, -2.251775299449048E+01,  4.144843839464365E-03,  2.323360474098500E-03,  2.094185965541118E-03, -9.638313074038673E-05
A.D. 2004-Jan-01,  2.036756719860958E+01, -2.212841193638424E+01, -1.365680973936831E-02,  2.285291543023584E-03,  2.138166800850219E-03, -9.669872419475461E-05
A.D. 2004-Jul-01,  2.077988695000307E+01, -2.173543780601273E+01, -3.126636649418538E-02,  2.246330336128903E-03,  2.181065714098024E-03, -9.661643296958913E-05
A.D. 2005-Jan-01,  2.118943994316862E+01, -2.133023000376550E+01, -4.906502921414307E-02,  2.205816895640956E-03,  2.223324276199444E-03, -9.711510368533654E-05
A.D. 2005-Jul-01,  2.158501285282041E+01, -2.092395110680181E+01, -6.656226910655484E-02,  2.165678840245325E-03,  2.265765525903304E-03, -9.676888637584331E-05
A.D. 2006-Jan-01,  2.197955057556740E+01, -2.050318316966727E+01, -8.433345557730074E-02,  2.122880078879600E-03,  2.307389378761751E-03, -9.682283254889283E-05
A.D. 2006-Jul-01,  2.236001465532511E+01, -2.008174980027781E+01, -1.017903897638501E-01,  2.081154830743534E-03,  2.348887963937285E-03, -9.671826375287116E-05
A.D. 2007-Jan-01,  2.273882208813714E+01, -1.964574551850020E+01, -1.195065427252727E-01,  2.036180179274046E-03,  2.389809179188943E-03, -9.625189781287265E-05
A.D. 2007-Jul-01,  2.310342586744943E+01, -1.920950698013417E+01, -1.368948980783453E-01,  1.992262449364529E-03,  2.429808216888033E-03, -9.635823279716956E-05
A.D. 2008-Jan-01,  2.346569567480151E+01, -1.875867160279497E+01, -1.545256109415090E-01,  1.945013821162081E-03,  2.469842658285714E-03, -9.547727006319855E-05
A.D. 2008-Jul-01,  2.381550855614747E+01, -1.830559513558920E+01, -1.719104287472557E-01,  1.897891467802081E-03,  2.508476762346436E-03, -9.522720717259421E-05
A.D. 2009-Jan-01,  2.416032249165130E+01, -1.784046430167909E+01, -1.894225605311049E-01,  1.849437988724093E-03,  2.547259317015010E-03, -9.467327310115417E-05
A.D. 2009-Jul-01,  2.449062537648038E+01, -1.737618967573806E+01, -2.065798067835594E-01,  1.799789980908864E-03,  2.583284387617791E-03, -9.423743166548789E-05
A.D. 2010-Jan-01,  2.481715075232050E+01, -1.689757808256744E+01, -2.239403392699665E-01,  1.749278308778327E-03,  2.619198684059284E-03, -9.404411104182989E-05
A.D. 2010-Jul-01,  2.512907469530093E+01, -1.642050748628532E+01, -2.409321718208482E-01,  1.697525406512242E-03,  2.652747687571772E-03, -9.322227667956687E-05
A.D. 2011-Jan-01,  2.543657866131604E+01, -1.592941012122500E+01, -2.581095828000415E-01,  1.645078306750089E-03,  2.685292531208586E-03, -9.327229686507257E-05
A.D. 2011-Jul-01,  2.572951710851630E+01, -1.544060591402243E+01, -2.749066573328181E-01,  1.592234451893786E-03,  2.716229845256177E-03, -9.222584184837193E-05
A.D. 2012-Jan-01,  2.601751195639151E+01, -1.493815137617051E+01, -2.918737386897207E-01,  1.538545216436669E-03,  2.745297932867368E-03, -9.227948863528491E-05
A.D. 2012-Jul-01,  2.629261115193748E+01, -1.443594548896737E+01, -3.085433699860266E-01,  1.485310039540173E-03,  2.773230459043751E-03, -9.161626049579254E-05
A.D. 2013-Jan-01,  2.656083593858020E+01, -1.392317204608861E+01, -3.252781322532631E-01,  1.430338633967082E-03,  2.799699828593509E-03, -9.070677497132258E-05
A.D. 2013-Jul-01,  2.681497546690908E+01, -1.341404399917521E+01, -3.416186580096156E-01,  1.377674488787319E-03,  2.825136042698552E-03, -9.035045729434366E-05
A.D. 2014-Jan-01,  2.706344880796145E+01, -1.289185836749820E+01, -3.581043363109891E-01,  1.322772421018714E-03,  2.850046620352696E-03, -8.905514134443375E-05
A.D. 2014-Jul-01,  2.729815337508353E+01, -1.237382883902266E+01, -3.741925931195625E-01,  1.269943690616833E-03,  2.873418287104344E-03, -8.881707125091100E-05
A.D. 2015-Jan-01,  2.752684615265678E+01, -1.184290556638108E+01, -3.904127364834417E-01,  1.215361545378130E-03,  2.897086603836945E-03, -8.740555386230710E-05
A.D. 2015-Jul-01,  2.774204797550995E+01, -1.131655282991556E+01, -4.062318460224497E-01,  1.161864669788718E-03,  2.918680140116126E-03, -8.706456454586403E-05
A.D. 2016-Jan-01,  2.795084834678258E+01, -1.077742477197095E+01, -4.221687245161823E-01,  1.107245374490501E-03,  2.941126049502356E-03, -8.581881735207370E-05
A.D. 2016-Jul-01,  2.814744505467322E+01, -1.024028269902119E+01, -4.377854607303292E-01,  1.052725124119585E-03,  2.962024287574134E-03, -8.498188047909932E-05
A.D. 2017-Jan-01,  2.833608216016366E+01, -9.693418553032192E+00, -4.534188026701986E-01,  9.977607032400713E-04,  2.982455307845117E-03, -8.470282172392147E-05
A.D. 2017-Jul-01,  2.851163434996872E+01, -9.151871065794948E+00, -4.686402194340442E-01,  9.424878875571414E-04,  3.002165745908017E-03, -8.335395814442548E-05
A.D. 2018-Jan-01,  2.867982421897970E+01, -8.597788775778346E+00, -4.839477920435833E-01,  8.861308540584659E-04,  3.020669017620044E-03, -8.309848097080918E-05
A.D. 2018-Jul-01,  2.883506689425743E+01, -8.049395455190604E+00, -4.988358657558500E-01,  8.299722261579340E-04,  3.039100879711738E-03, -8.172467495106489E-05
A.D. 2019-Jan-01,  2.898238977511338E+01, -7.488634314286433E+00, -5.137923640147254E-01,  7.717244414747586E-04,  3.055851654978281E-03, -8.117681075925583E-05
A.D. 2019-Jul-01,  2.911686471740813E+01, -6.933975679935323E+00, -5.283212118095805E-01,  7.145409738751170E-04,  3.072686650502590E-03, -7.996601090024344E-05
A.D. 2020-Jan-01,  2.924281020155744E+01, -6.367187636126419E+00, -5.428986037759236E-01,  6.545241261440108E-04,  3.087626755973894E-03, -7.892670419278336E-05
A.D. 2020-Jul-01,  2.935657827945542E+01, -5.803864162102205E+00, -5.571175943352894E-01,  5.953091885961624E-04,  3.101846191999490E-03, -7.787848295093359E-05
A.D. 2021-Jan-01,  2.946052227667975E+01, -5.231823583583497E+00, -5.712836879338603E-01,  5.340428730166055E-04,  3.115329402191824E-03, -7.604368987453344E-05
A.D. 2021-Jul-01,  2.955178360257261E+01, -4.666901224826645E+00, -5.850066613508513E-01,  4.735459567400188E-04,  3.126306117328916E-03, -7.528836770154634E-05
A.D. 2022-Jan-01,  2.963326360728137E+01, -4.090627915566343E+00, -5.987331923328252E-01,  4.114648021118997E-04,  3.137065515384653E-03, -7.357366756668942E-05
A.D. 2022-Jul-01,  2.970221695437296E+01, -3.522115080958809E+00, -6.120102854544845E-01,  3.496944149634144E-04,  3.144819350230415E-03, -7.251364999549645E-05
A.D. 2023-Jan-01,  2.976085840367756E+01, -2.942811698612403E+00, -6.252696852505586E-01,  2.874252993382170E-04,  3.151942078606948E-03, -7.114987220962556E-05
A.D. 2023-Jul-01,  2.980726043026279E+01, -2.371951612537292E+00, -6.380758370626124E-01,  2.252108391015514E-04,  3.156253057030990E-03, -6.970993801817327E-05
A.D. 2024-Jan-01,  2.984297698690431E+01, -1.790903908771156E+00, -6.508468088229206E-01,  1.631651689873712E-04,  3.159504656779782E-03, -6.873053607051604E-05
A.D. 2024-Jul-01,  2.986699851095937E+01, -1.215776938632880E+00, -6.632314118835164E-01,  1.015432514723148E-04,  3.161039016949690E-03, -6.728351444011869E-05
A.D. 2025-Jan-01,  2.987992286565969E+01, -6.341865793829538E-01, -6.754986290624728E-01,  3.941407691325219E-05,  3.160390794486499E-03, -6.636911588335791E-05
A.D. 2025-Jul-01,  2.988158001552341E+01, -6.220425317568173E-02, -6.873132367655135E-01, -2.045348600274938E-05,  3.159710284659232E-03, -6.477691073258638E-05
A.D. 2026-Jan-01,  2.987211568659799E+01,  5.189410064511089E-01, -6.990662901730327E-01, -8.194837702104646E-05,  3.156675133661326E-03, -6.342913601732203E-05
A.D. 2026-Jul-01,  2.985192846805549E+01,  1.090090491305380E+00, -7.103701201721052E-01, -1.407495580585506E-04,  3.153703098852628E-03, -6.212933765126537E-05
A.D. 2027-Jan-01,  2.982042701902434E+01,  1.670024987245008E+00, -7.215991518259833E-01, -2.016117375034282E-04,  3.149171728506593E-03, -6.030638810561372E-05
A.D. 2027-Jul-01,  2.977870968526334E+01,  2.239655371992675E+00, -7.323828441016645E-01, -2.596860968313864E-04,  3.144288291997192E-03, -5.924880259719157E-05
A.D. 2028-Jan-01,  2.972544035493042E+01,  2.817739093528508E+00, -7.430768149709099E-01, -3.196748718930762E-04,  3.138655256258946E-03, -5.712178070314503E-05
A.D. 2028-Jul-01,  2.966202034913233E+01,  3.388398219869291E+00, -7.533843051258706E-01, -3.780775709322183E-04,  3.132008838718058E-03, -5.570720164495731E-05
A.D. 2029-Jan-01,  2.958708001666686E+01,  3.964057381841438E+00, -7.635278952400009E-01, -4.366727043501828E-04,  3.125175514218288E-03, -5.409861356056598E-05
A.D. 2029-Jul-01,  2.950276790711754E+01,  4.528920636105138E+00, -7.732323863001757E-01, -4.951715485882830E-04,  3.116761596051048E-03, -5.247753910811165E-05
A.D. 2030-Jan-01,  2.940628917621410E+01,  5.101592115272977E+00, -7.828134367573552E-01, -5.535935082025737E-04,  3.108099296761406E-03, -5.126707951821258E-05
A.D. 2030-Jul-01,  2.930078424296349E+01,  5.663221979915822E+00, -7.919561444451068E-01, -6.120839621626274E-04,  3.098430048668020E-03, -4.932744705898232E-05
A.D. 2031-Jan-01,  2.918273444900965E+01,  6.232293801710994E+00, -8.009576608212248E-01, -6.707595894066427E-04,  3.087479161676141E-03, -4.835947559784000E-05
A.D. 2031-Jul-01,  2.905596830436473E+01,  6.790059354905359E+00, -8.095205334037520E-01, -7.292952221568743E-04,  3.076193610254336E-03, -4.626273322889498E-05
A.D. 2032-Jan-01,  2.891625110393242E+01,  7.354848204447535E+00, -8.179238077219619E-01, -7.888437647658045E-04,  3.062764488675505E-03, -4.523337460474720E-05
A.D. 2032-Jul-01,  2.876725782960020E+01,  7.911061448690561E+00, -8.259312852896477E-01, -8.478367111945400E-04,  3.049032743633708E-03, -4.352665975786342E-05
A.D. 2033-Jan-01,  2.860567659103729E+01,  8.470712223049327E+00, -8.337147860871897E-01, -9.085796713001257E-04,  3.033396378321733E-03, -4.146143931158615E-05
A.D. 2033-Jul-01,  2.843596504750132E+01,  9.018342685026873E+00, -8.410589004389392E-01, -9.669559831281847E-04,  3.016973419528357E-03, -4.011487477131898E-05
A.D. 2034-Jan-01,  2.825248296703629E+01,  9.571851268749191E+00, -8.482036900560506E-01, -1.027603149135656E-03,  2.998668914777000E-03, -3.770739833734470E-05
A.D. 2034-Jul-01,  2.806123869729132E+01,  1.011287303155497E+01, -8.549115171583377E-01, -1.086061832505601E-03,  2.978603347957536E-03, -3.642845356270227E-05
A.D. 2035-Jan-01,  2.785594465767030E+01,  1.065905105216151E+01, -8.614016498295993E-01, -1.145783314407100E-03,  2.957353658307584E-03, -3.397021386301518E-05
A.D. 2035-Jul-01,  2.764339210185641E+01,  1.119224656432125E+01, -8.674607328431204E-01, -1.203576184241453E-03,  2.933840019929572E-03, -3.256100172658920E-05
A.D. 2036-Jan-01,  2.741665467990146E+01,  1.172985789198971E+01, -8.732866018944841E-01, -1.261319497114849E-03,  2.909520903882066E-03, -3.037120957994467E-05
A.D. 2036-Jul-01,  2.718197041640407E+01,  1.225694280511568E+01, -8.787188886997708E-01, -1.317660798234057E-03,  2.883232593632857E-03, -2.854241056031512E-05
A.D. 2037-Jan-01,  2.693436303399389E+01,  1.278486521036511E+01, -8.838760584028498E-01, -1.373158854414728E-03,  2.855270067620411E-03, -2.734756093323404E-05
A.D. 2037-Jul-01,  2.668083887473448E+01,  1.329908537589439E+01, -8.886216534584476E-01, -1.427443553349207E-03,  2.827148130944403E-03, -2.506397221242799E-05
A.D. 2038-Jan-01,  2.641318388986869E+01,  1.381648871391955E+01, -8.931134228228674E-01, -1.481278080774275E-03,  2.796838043509976E-03, -2.389091594646443E-05
A.D. 2038-Jul-01,  2.614030894528239E+01,  1.432002071086207E+01, -8.972046903438381E-01, -1.533149513727067E-03,  2.767305917256397E-03, -2.171112668463505E-05
A.D. 2039-Jan-01,  2.585333998920120E+01,  1.482626284878628E+01, -9.010325098031402E-01, -1.585462423162738E-03,  2.735269525646632E-03, -2.027534536674191E-05
A.D. 2039-Jul-01,  2.556179284629125E+01,  1.531856738282284E+01, -9.044703106813534E-01, -1.635309925710441E-03,  2.704344289076568E-03, -1.836717223152872E-05
A.D. 2040-Jan-01,  2.525614715876468E+01,  1.581316525794957E+01, -9.076340456244292E-01, -1.686491216008358E-03,  2.671182336644853E-03, -1.648227162346256E-05
A.D. 2040-Jul-01,  2.494476774720157E+01,  1.629643827490131E+01, -9.104329997875527E-01, -1.735533352814085E-03,  2.638504833032160E-03, -1.474034942421395E-05
A.D. 2041-Jan-01,  2.462092363851983E+01,  1.677892621181021E+01, -9.129284677722744E-01, -1.784968512970003E-03,  2.605437389126871E-03, -1.225421525514745E-05
A.D. 2041-Jul-01,  2.429359198244057E+01,  1.724744503736303E+01, -9.150547480792727E-01, -1.832629577406190E-03,  2.571341510726746E-03, -1.084949358741775E-05
A.D. 2042-Jan-01,  2.395200449053792E+01,  1.771744419760035E+01, -9.168797694040602E-01, -1.880570387395018E-03,  2.537213604848153E-03, -8.615429967040346E-06
A.D. 2042-Jul-01,  2.360738612954403E+01,  1.817346624510940E+01, -9.183443894547517E-01, -1.927769785638454E-03,  2.501812406113165E-03, -6.925517975618145E-06
A.D. 2043-Jan-01,  2.324837805255954E+01,  1.863053347224044E+01, -9.194935010443754E-01, -1.974688646350955E-03,  2.466303339257121E-03, -5.106143480456825E-06
A.D. 2043-Jul-01,  2.288674754451800E+01,  1.907358630921095E+01, -9.202897946442923E-01, -2.021434656033040E-03,  2.429791267735676E-03, -3.068721615499736E-06
A.D. 2044-Jan-01,  2.251055107531773E+01,  1.951718826105957E+01, -9.207554619861010E-01, -2.067606209034573E-03,  2.392300439229132E-03, -1.650381268420749E-06
A.D. 2044-Jul-01,  2.212999289326333E+01,  1.994904156424683E+01, -9.208740855647072E-01, -2.113539321220020E-03,  2.354074268795985E-03,  3.025928630440360E-07
A.D. 2045-Jan-01,  2.173675781652234E+01,  2.037847663989493E+01, -9.206460601187899E-01, -2.160132271056041E-03,  2.313485117647506E-03,  1.804066004241496E-06
A.D. 2045-Jul-01,  2.134166296125778E+01,  2.079364971203538E+01, -9.200770008392520E-01, -2.204905983856118E-03,  2.273653291984930E-03,  3.839538616473151E-06
A.D. 2046-Jan-01,  2.093169042717727E+01,  2.120810744668842E+01, -9.191485114747746E-01, -2.251022058459027E-03,  2.230682684748363E-03,  5.798819054183465E-06
A.D. 2046-Jul-01,  2.052031697525875E+01,  2.160806415194238E+01, -9.178876080095949E-01, -2.294358267586472E-03,  2.188030612446620E-03,  7.516709249492782E-06
A.D. 2047-Jan-01,  2.009404231577721E+01,  2.200654213503919E+01, -9.162539513703080E-01, -2.338932267607513E-03,  2.142577888284936E-03,  9.897646395402838E-06
A.D. 2047-Jul-01,  1.966694602035565E+01,  2.239027597669516E+01, -9.142997568977711E-01, -2.380386372648786E-03,  2.096728396403859E-03,  1.136407891592752E-05
A.D. 2048-Jan-01,  1.922508469743141E+01,  2.277176737115633E+01, -9.119629568202132E-01, -2.422486047937681E-03,  2.049111544580441E-03,  1.395426254478096E-05
A.D. 2048-Jul-01,  1.878065123177375E+01,  2.314034569647689E+01, -9.093061906566656E-01, -2.462070834102752E-03,  2.000705765138724E-03,  1.577773812645769E-05
A.D. 2049-Jan-01,  1.832413354889634E+01,  2.350395212827354E+01, -9.062732590563350E-01, -2.500201340018335E-03,  1.951596343514212E-03,  1.765102626845377E-05
A.D. 2049-Jul-01,  1.786826062554744E+01,  2.385260856179563E+01, -9.029541853937055E-01, -2.537068239545191E-03,  1.901583265276697E-03,  1.965427807981613E-05
A.D. 2050-Jan-01,  1.739818295823238E+01,  2.419778405033368E+01, -8.992402953880548E-01, -2.572123306225444E-03,  1.850717934673732E-03,  2.105891421041525E-05
A.D. 2050-Jul-01,  1.692948673871723E+01,  2.452811125253186E+01, -8.952576344350818E-01, -2.606269522578426E-03,  1.800001673562499E-03,  2.327915251087642E-05
A.D. 2051-Jan-01,  1.644687664270787E+01,  2.485449631028997E+01, -8.908763881718816E-01, -2.638954883099474E-03,  1.747912401910796E-03,  2.442456277429456E-05
A.D. 2051-Jul-01,  1.596631532449588E+01,  2.516621227691641E+01, -8.862427563898995E-01, -2.670416256998565E-03,  1.697034821955924E-03,  2.667550988413357E-05
A.D. 2052-Jan-01,  1.547208198313377E+01,  2.547357237193809E+01, -8.812060601409613E-01, -2.701093394809079E-03,  1.644084451199684E-03,  2.785604540649982E-05
A.D. 2052-Jul-01,  1.497775541029626E+01,  2.576808659310919E+01, -8.759020220787922E-01, -2.730241783106083E-03,  1.592199798341748E-03,  2.962019479399857E-05
A.D. 2053-Jan-01,  1.447264987590025E+01,  2.605621807288874E+01, -8.702171808264052E-01, -2.759779365003288E-03,  1.539094354817648E-03,  3.180540824176636E-05
A.D. 2053-Jul-01,  1.397070539506210E+01,  2.633015728922642E+01, -8.643093815275900E-01, -2.786652885411700E-03,  1.487053949599832E-03,  3.311497120818956E-05
A.D. 2054-Jan-01,  1.345543440270315E+01,  2.659896773316213E+01, -8.579856905828722E-01, -2.814359100417433E-03,  1.434136347517033E-03,  3.552570505688981E-05
A.D. 2054-Jul-01,  1.294378067407736E+01,  2.685382096573409E+01, -8.514531489649351E-01, -2.839864286820953E-03,  1.381379166148416E-03,  3.674803223214384E-05
A.D. 2055-Jan-01,  1.241890286160303E+01,  2.710313791060524E+01, -8.444959592313973E-01, -2.865670100895600E-03,  1.328279848571515E-03,  3.908171404278967E-05
A.D. 2055-Jul-01,  1.189804046013288E+01,  2.733870721182475E+01, -8.373429450219075E-01, -2.890214363904719E-03,  1.274533603249089E-03,  4.043907266090436E-05
A.D. 2056-Jan-01,  1.136403678838061E+01,  2.756828700842576E+01, -8.297564228460260E-01, -2.914414026386017E-03,  1.220707554348800E-03,  4.243688587971804E-05
A.D. 2056-Jul-01,  1.083147976656408E+01,  2.778543960898553E+01, -8.219423578603074E-01, -2.937988712666939E-03,  1.166183233670967E-03,  4.417120848340546E-05
A.D. 2057-Jan-01,  1.028877124916270E+01,  2.799484131279126E+01, -8.137289480894382E-01, -2.960710439084455E-03,  1.110218843890604E-03,  4.521824193826651E-05
A.D. 2057-Jul-01,  9.750816811127102E+00,  2.819072094579952E+01, -8.053431972921916E-01, -2.982881985951761E-03,  1.054836578752973E-03,  4.737467738356216E-05
A.D. 2058-Jan-01,  9.199925220916658E+00,  2.837944162667489E+01, -7.965087453331396E-01, -3.004372983625933E-03,  9.966269882718810E-04,  4.844924869175891E-05
A.D. 2058-Jul-01,  8.654231738382920E+00,  2.855465626281188E+01, -7.875148918934073E-01, -3.024440150043402E-03,  9.395372782672316E-04,  5.044578664653133E-05
A.D. 2059-Jan-01,  8.095855423819701E+00,  2.872201752909193E+01, -7.780681910833629E-01, -3.044209029007909E-03,  8.792632090525319E-04,  5.181626292577329E-05
A.D. 2059-Jul-01,  7.543246730082723E+00,  2.887587649699050E+01, -7.684786789268729E-01, -3.061345275630321E-03,  8.204623752915224E-04,  5.347742214988330E-05
A.D. 2060-Jan-01,  6.978358966793527E+00,  2.902120901864254E+01, -7.584352371012996E-01, -3.078327287345216E-03,  7.588069583439094E-04,  5.524521090901926E-05
A.D. 2060-Jul-01,  6.416813451420817E+00,  2.915383797419693E+01, -7.482119808368598E-01, -3.092545342651339E-03,  6.978181807461376E-04,  5.672951666175352E-05
A.D. 2061-Jan-01,  5.846580029595272E+00,  2.927661846665493E+01, -7.375908060277124E-01, -3.105684913040596E-03,  6.363224718953344E-04,  5.889294621966263E-05
A.D. 2061-Jul-01,  5.283493117004649E+00,  2.938623694626041E+01, -7.268698072390507E-01, -3.116642153609797E-03,  5.746361200391453E-04,  6.002521980812450E-05
A.D. 2062-Jan-01,  4.709190498293996E+00,  2.948633329079960E+01, -7.156986065370045E-01, -3.125997254952430E-03,  5.132374178132506E-04,  6.180765874330734E-05
A.D. 2062-Jul-01,  4.142692447324455E+00,  2.957362723651538E+01, -7.044494723423104E-01, -3.134004208765415E-03,  4.517145643926800E-04,  6.315948315100412E-05
A.D. 2063-Jan-01,  3.565493786561081E+00,  2.965106734085809E+01, -6.927534372164031E-01, -3.139861894891256E-03,  3.904265321725362E-04,  6.441551908822219E-05
A.D. 2063-Jul-01,  2.996679737434043E+00,  2.971615025315110E+01, -6.809996978600296E-01, -3.145171760568477E-03,  3.295122517106919E-04,  6.602055871321132E-05
A.D. 2064-Jan-01,  2.417637402194581E+00,  2.977111725318980E+01, -6.688025037556968E-01, -3.148385687720011E-03,  2.683684092445588E-04,  6.683291889878193E-05
A.D. 2064-Jul-01,  1.844324135634465E+00,  2.981441595942588E+01, -6.564977858688846E-01, -3.150888284858401E-03,  2.082015849826990E-04,  6.821468081333412E-05
A.D. 2065-Jan-01,  1.264348892718378E+00,  2.984708538882400E+01, -6.438203738714828E-01, -3.152675484656960E-03,  1.469121348199986E-04,  6.918118510728752E-05
A.D. 2065-Jul-01,  6.936662570821105E-01,  2.986837024993360E+01, -6.311196036981450E-01, -3.152597268946132E-03,  8.827515407672202E-05,  7.049491983541142E-05
A.D. 2066-Jan-01,  1.135322658393248E-01,  2.987906727524231E+01, -6.179808343677028E-01, -3.152746797438883E-03,  2.774884111144132E-05,  7.186096287908700E-05
A.D. 2066-Jul-01, -4.569721253280206E-01,  2.987886360343516E+01, -6.048345435311908E-01, -3.150831578457044E-03, -3.055301379376002E-05,  7.281364299085752E-05
A.D. 2067-Jan-01, -1.036609118652174E+00,  2.986782531161139E+01, -5.912508169992987E-01, -3.149505055404797E-03, -9.006100757188347E-05,  7.453627923376817E-05
A.D. 2067-Jul-01, -1.606339377530194E+00,  2.984632920186007E+01, -5.776747493979453E-01, -3.146176036524919E-03, -1.481737054238146E-04,  7.524308295952339E-05
A.D. 2068-Jan-01, -2.184930799421422E+00,  2.981370804892455E+01, -5.636602399773371E-01, -3.143156205391603E-03, -2.068648090493073E-04,  7.708387418364054E-05
A.D. 2068-Jul-01, -2.756531159247764E+00,  2.977074303915958E+01, -5.495893873177510E-01, -3.138842914364647E-03, -2.653806979060964E-04,  7.815994302895826E-05
A.D. 2069-Jan-01, -3.333579968117463E+00,  2.971649887312443E+01, -5.351555420703993E-01, -3.133434937095686E-03, -3.240277047386709E-04,  7.917261559810445E-05
A.D. 2069-Jul-01, -3.900263124330684E+00,  2.965247487625981E+01, -5.207578063655631E-01, -3.128238381228086E-03, -3.828852863998311E-04,  8.049811908541800E-05
A.D. 2070-Jan-01, -4.475214007222843E+00,  2.957651294037056E+01, -5.059210393902299E-01, -3.121067811223946E-03, -4.425016929639600E-04,  8.107283107338398E-05
A.D. 2070-Jul-01, -5.039499792189006E+00,  2.949099178753514E+01, -4.911348990419927E-01, -3.113750793882571E-03, -5.016868328667032E-04,  8.256078670140581E-05
A.D. 2071-Jan-01, -5.611611423136667E+00,  2.939303370228320E+01, -4.759136731531411E-01, -3.104288178387739E-03, -5.626131725185997E-04,  8.290141731920420E-05
A.D. 2071-Jul-01, -6.172644838190009E+00,  2.928575239586966E+01, -4.607597907918601E-01, -3.094037018561863E-03, -6.221731522732469E-04,  8.433474316686821E-05
A.D. 2072-Jan-01, -6.740918778051122E+00,  2.916558155109439E+01, -4.451786480701845E-01, -3.082034400198093E-03, -6.839247407176732E-04,  8.473897007434641E-05
A.D. 2072-Jul-01, -7.300674626236366E+00,  2.903566380843979E+01, -4.295988975020854E-01, -3.068320202747259E-03, -7.440867355398536E-04,  8.564121099976283E-05
A.D. 2073-Jan-01, -7.863911257613293E+00,  2.889319588574642E+01, -4.136870518301486E-01, -3.053668887235941E-03, -8.049879129465921E-04,  8.700105393907070E-05
A.D. 2073-Jul-01, -8.415048006475208E+00,  2.874217987420349E+01, -3.978834354838487E-01, -3.036308047631176E-03, -8.642274433667894E-04,  8.735613624827158E-05
A.D. 2074-Jan-01, -8.972069942725923E+00,  2.857772401840476E+01, -3.816729533569077E-01, -3.018254030091028E-03, -9.237098360220324E-04,  8.880462503165723E-05
A.D. 2074-Jul-01, -9.516535500910633E+00,  2.840528354956315E+01, -3.655918298460715E-01, -2.998216045513688E-03, -9.821489921674406E-04,  8.905712015197784E-05
A.D. 2075-Jan-01, -1.006623937436104E+01,  2.821929813844296E+01, -3.491140999929825E-01, -2.977046744846371E-03, -1.039732013128012E-03,  9.030507261033284E-05
A.D. 2075-Jul-01, -1.060301987587782E+01,  2.802595055742805E+01, -3.327853574353147E-01, -2.954793950747409E-03, -1.096699657305469E-03,  9.066994050453812E-05
A.D. 2076-Jan-01, -1.114446134871919E+01,  2.781900606655741E+01, -3.160693770298105E-01, -2.930716777965505E-03, -1.152472171642619E-03,  9.146521128260755E-05
A.D. 2076-Jul-01, -1.167561443976854E+01,  2.760413767737547E+01, -2.994274670538286E-01, -2.906072223136159E-03, -1.207610241541353E-03,  9.208075732824821E-05
A.D. 2077-Jan-01, -1.220797485435346E+01,  2.737681258403603E+01, -2.824992713506787E-01, -2.879900133996175E-03, -1.262730899312949E-03,  9.195130656826333E-05
A.D. 2077-Jul-01, -1.272695110906277E+01,  2.714342020442974E+01, -2.657514916025819E-01, -2.853905305762878E-03, -1.315473817339780E-03,  9.293158666743929E-05
A.D. 2078-Jan-01, -1.324960150026495E+01,  2.689640115295575E+01, -2.486351223970639E-01, -2.826571998599161E-03, -1.369240285066182E-03,  9.285901917484907E-05
A.D. 2078-Jul-01, -1.375875515458207E+01,  2.664392969147923E+01, -2.317121091450078E-01, -2.798792979775507E-03, -1.420096808839649E-03,  9.359982053274877E-05
A.D. 2079-Jan-01, -1.427118131159381E+01,  2.637780215963045E+01, -2.144277863698796E-01, -2.770565664783317E-03, -1.472499893087243E-03,  9.383452539468568E-05
A.D. 2079-Jul-01, -1.477007148123228E+01,  2.610679615481555E+01, -1.973481254399227E-01, -2.741430374763716E-03, -1.522169966613501E-03,  9.421495766331997E-05
A.D. 2080-Jan-01, -1.527187117033879E+01,  2.582205794604820E+01, -1.799135271614674E-01, -2.712574161171198E-03, -1.573239311564441E-03,  9.486032045660997E-05
A.D. 2080-Jul-01, -1.576280945535845E+01,  2.553131085984560E+01, -1.625997441313418E-01, -2.682691896164525E-03, -1.622707795546264E-03,  9.514994006309423E-05
A.D. 2081-Jan-01, -1.625359180179160E+01,  2.522824836794874E+01, -1.450306934887307E-01, -2.652336308358635E-03, -1.671790638661909E-03,  9.606475491049762E-05
A.D. 2081-Jul-01, -1.673082354238802E+01,  2.492119353907504E+01, -1.276895493027768E-01, -2.621537901015057E-03, -1.721108486420998E-03,  9.607656609194820E-05
A.D. 2082-Jan-01, -1.721020556757714E+01,  2.460001385699394E+01, -1.100046412628657E-01, -2.589321615653730E-03, -1.769909644821816E-03,  9.657549333153970E-05
A.D. 2082-Jul-01, -1.767594769960776E+01,  2.427517246393446E+01, -9.256012305098496E-02, -2.557209599864807E-03, -1.819141768749510E-03,  9.683748007046570E-05
A.D. 2083-Jan-01, -1.814330669209553E+01,  2.393593943399502E+01, -7.478207071197766E-02, -2.522755287033514E-03, -1.867961361898673E-03,  9.681949953281943E-05
A.D. 2083-Jul-01, -1.859682503456625E+01,  2.359337462550710E+01, -5.725923361414068E-02, -2.488445834509449E-03, -1.916533389727155E-03,  9.730880413556801E-05
A.D. 2084-Jan-01, -1.905129962649263E+01,  2.323620062039697E+01, -3.941689149523752E-02, -2.451219450737192E-03, -1.965189417183280E-03,  9.685531038361716E-05
A.D. 2084-Jul-01, -1.949407247007359E+01,  2.287411089478566E+01, -2.174869578830207E-02, -2.413443388325362E-03, -2.012838432459157E-03,  9.701227516274654E-05
A.D. 2085-Jan-01, -1.993461837191351E+01,  2.249929266894414E+01, -3.875280694691110E-03, -2.374344332123601E-03, -2.061218004275058E-03,  9.682207155491983E-05
A.D. 2085-Jul-01, -2.036077051635531E+01,  2.212212299578478E+01,  1.371059310560186E-02, -2.333796928357330E-03, -2.106561382069603E-03,  9.681903769405778E-05
A.D. 2086-Jan-01, -2.078641599865601E+01,  2.173029555031233E+01,  3.158114531862227E-02, -2.292434164749085E-03, -2.152749318497434E-03,  9.699241865383464E-05
A.D. 2086-Jul-01, -2.119745751436490E+01,  2.133675630490889E+01,  4.914766723672051E-02, -2.249307772004512E-03, -2.196148311648679E-03,  9.659377609532943E-05
A.D. 2087-Jan-01, -2.160732721143921E+01,  2.092869294099211E+01,  6.698309933809027E-02, -2.205717311923729E-03, -2.239608619224592E-03,  9.702694918897064E-05
A.D. 2087-Jul-01, -2.200247800716686E+01,  2.051960841997145E+01,  8.449956017546902E-02, -2.160702554739680E-03, -2.281117756026093E-03,  9.637617413494769E-05
A.D. 2088-Jan-01, -2.239585035173911E+01,  2.009619428038311E+01,  1.022699798014238E-01, -2.115211877695148E-03, -2.321594441111801E-03,  9.682906940887470E-05
A.D. 2088-Jul-01, -2.277654283873752E+01,  1.967010114557207E+01,  1.198042698832373E-01, -2.068939466828961E-03, -2.360757465484317E-03,  9.653926019890282E-05
A.D. 2089-Jan-01, -2.315280725119645E+01,  1.923221718771123E+01,  1.374821715506327E-01, -2.021111900828293E-03, -2.398374831687744E-03,  9.604429688996191E-05
A.D. 2089-Jul-01, -2.351438443480199E+01,  1.879469800772281E+01,  1.548162726160601E-01, -1.974317957987852E-03, -2.435063646235349E-03,  9.601943917404390E-05
A.D. 2090-Jan-01, -2.387318068455733E+01,  1.834329438344624E+01,  1.723773171160621E-01, -1.925437998468456E-03, -2.470761580319793E-03,  9.510066562678714E-05
A.D. 2090-Jul-01, -2.421742650035333E+01,  1.789291322486859E+01,  1.895863572814675E-01, -1.877939368335537E-03, -2.504834024236013E-03,  9.519740462795186E-05
A.D. 2091-Jan-01, -2.455848205767598E+01,  1.742885289906107E+01,  2.070092325326148E-01, -1.828799808037945E-03, -2.538820591337909E-03,  9.412642882514366E-05
A.D. 2091-Jul-01, -2.488518417183205E+01,  1.696640163951153E+01,  2.240734538232653E-01, -1.780646664465450E-03, -2.570426237683319E-03,  9.414083966825053E-05
A.D. 2092-Jan-01, -2.520833763655873E+01,  1.649042409873778E+01,  2.413395666665544E-01, -1.731496976956196E-03, -2.602888159984786E-03,  9.321416804546812E-05
A.D. 2092-Jul-01, -2.551906372796106E+01,  1.601392697435862E+01,  2.583348750356585E-01, -1.682492052532409E-03, -2.633496162976651E-03,  9.273449577818844E-05
A.D. 2093-Jan-01, -2.582416298120170E+01,  1.552658378296560E+01,  2.754276157264750E-01, -1.633700786517312E-03, -2.664201409876787E-03,  9.279053184521068E-05
A.D. 2093-Jul-01, -2.611536712056689E+01,  1.504175885818124E+01,  2.921503803632362E-01, -1.584211659246833E-03, -2.693720938988353E-03,  9.181328020913969E-05
A.D. 2094-Jan-01, -2.640226662731807E+01,  1.454348313392321E+01,  3.090519407621425E-01, -1.534544411034553E-03, -2.722888977495860E-03,  9.193417128827453E-05
A.D. 2094-Jul-01, -2.667541014306051E+01,  1.404805353070468E+01,  3.255755845385356E-01, -1.484194795423675E-03, -2.751872663238202E-03,  9.092080739591830E-05
A.D. 2095-Jan-01, -2.694373269467634E+01,  1.353914813455306E+01,  3.422636763509574E-01, -1.432652567211535E-03, -2.779816263376940E-03,  9.078054404058211E-05
A.D. 2095-Jul-01, -2.719832694674404E+01,  1.303343607257824E+01,  3.585637309795392E-01, -1.380936685834810E-03, -2.808029323759341E-03,  8.991179697394388E-05
A.D. 2096-Jan-01, -2.744746251537789E+01,  1.251430205284349E+01,  3.750102538814378E-01, -1.327173776273490E-03, -2.834606007232712E-03,  8.929019313687822E-05
A.D. 2096-Jul-01, -2.768410300030789E+01,  1.199593657755362E+01,  3.911456111587998E-01, -1.273236318563470E-03, -2.860722069750205E-03,  8.860520660220157E-05
A.D. 2097-Jan-01, -2.791326866033291E+01,  1.146715516038362E+01,  4.073169145444352E-01, -1.217330701710989E-03, -2.886287155624381E-03,  8.714200319489347E-05
A.D. 2097-Jul-01, -2.812864336127325E+01,  1.094255030622911E+01,  4.230783380623368E-01, -1.161856618103023E-03, -2.909499074303017E-03,  8.675726432014534E-05
A.D. 2098-Jan-01, -2.833721493931349E+01,  1.040499843860005E+01,  4.389439242921024E-01, -1.104593235992132E-03, -2.932955721418828E-03,  8.538090876769520E-05
A.D. 2098-Jul-01, -2.853204604655841E+01,  9.872253048231997E+00,  4.543904026465621E-01, -1.047418731523034E-03, -2.953339044796303E-03,  8.470265075833000E-05
A.D. 2099-Jan-01, -2.871947866809597E+01,  9.326945194598279E+00,  4.699207836851046E-01, -9.894088267266869E-04, -2.973939432397070E-03,  8.365201104041230E-05
A.D. 2099-Jul-01, -2.889330863662898E+01,  8.787101322872285E+00,  4.850243064561459E-01, -9.309987370444016E-04, -2.991325156151372E-03,  8.258940673282153E-05
A.D. 2100-Jan-01, -2.905923513185975E+01,  8.235126251736194E+00,  5.001936967703746E-01, -8.724243176504291E-04, -3.008565836313524E-03,  8.190861691060698E-05
