julian, epoch, x, y, z, vx, vy, vz, LT, RG, RR
2433282.500000000, A.D. 1950-Jan-01, -1.236519569628824E+00,  1.890824977690852E+01,  8.664671510247715E-02, -5.039343697527570E-03, -4.225374124828077E-04, -1.606767945100449E-03,  1.094393515321310E-01,  1.894883632113789E+01, -1.001336951490437E-04

2433463.500000000, A.D. 1950-Jul-01, -1.961572272564501E+00,  1.881631718863650E+01,  9.436626750373439E-02, -5.520226052781462E-03, -8.553334196573459E-04,  1.813048113345118E-03,  1.092642688824878E-01,  1.891852170007778E+01, -2.693028588807469E-04

2433647.500000000, A.D. 1951-Jan-01, -2.679620165695838E+00,  1.868668684851225E+01,  1.023579299772206E-01, -4.421650226144398E-03, -1.648825300298681E-03, -1.487942868884287E-03,  1.090308810115183E-01,  1.887811184288815E+01, -1.012550505793301E-03

2433828.500000000, A.D. 1951-Jul-01, -3.390953795860689E+00,  1.853984833428593E+01,  1.140713909380838E-01, -2.187480380784377E-03, -9.508105621176754E-04,  1.622549820230870E-03,  1.088555066516277E-01,  1.884774671376442E+01, -5.319018953881574E-04

2434012.500000000, A.D. 1952-Jan-01, -4.096298986788352E+00,  1.836538727929761E+01,  1.172345475805995E-01, -5.437319367315634E-03,  4.272361268947444E-04, -3.296325062736388E-04,  1.086781387279879E-01,  1.881703640977760E+01,  1.598583207924159E-03

2434194.500000000, A.D. 1952-Jul-01, -4.800468943274762E+00,  1.816900383090380E+01,  1.335580628292543E-01, -2.968612006990695E-03, -8.434031512032345E-04,  3.657682433352066E-04,  1.085390380347969E-01,  1.879295187135031E+01, -5.449990241041404E-05

2434378.500000000, A.D. 1953-Jan-01, -5.512013760650260E+00,  1.793609708730711E+01,  1.364805761725000E-01, -5.491406771042863E-03, -1.826667333817557E-03,  1.563705367565784E-03,  1.083744122684532E-01,  1.876444780350802E+01, -1.215680617199926E-04

2434559.500000000, A.D. 1953-Jul-01, -6.190319987639989E+00,  1.767714259696516E+01,  1.498647744701622E-01, -2.113576438697934E-03, -3.070990075464026E-03, -1.025288658488066E-03,  1.081771529686662E-01,  1.873029341450481E+01, -2.207988350332530E-03

2434743.500000000, A.D. 1954-Jan-01, -6.875866903588912E+00,  1.738802368782326E+01,  1.540101104124120E-01, -2.386157876975453E-03, -1.222113887070866E-03,  1.707040882076326E-03,  1.079951866751384E-01,  1.869878692745285E+01, -2.449538415307966E-04

2434924.500000000, A.D. 1954-Jul-01, -7.528684376341208E+00,  1.708062127404509E+01,  1.619607361746763E-01, -2.567446103857166E-03, -1.145219021676209E-03, -1.741077292228606E-03,  1.078112996220773E-01,  1.866694787119705E+01, -2.751104140891525E-05

2435108.500000000, A.D. 1955-Jan-01, -8.199170789481942E+00,  1.674916934786512E+01,  1.712903430843330E-01, -3.253567766745043E-03, -1.385591296010861E-03,  1.474296346992616E-03,  1.077084488702808E-01,  1.864913981555697E+01,  1.995581187536577E-04

2435289.500000000, A.D. 1955-Jul-01, -8.836156767558119E+00,  1.638829232648790E+01,  1.744958373373015E-01, -5.371793797661941E-03, -2.406772373521304E-03, -1.483371909072011E-03,  1.075370247820332E-01,  1.861945865476581E+01,  4.169981963042485E-04

2435473.500000000, A.D. 1956-Jan-01, -9.479406365559102E+00,  1.599318091867011E+01,  1.869581194784348E-01, -1.366610784542015E-03, -3.667399815096291E-03,  1.581934382083968E-04,  1.073805290374793E-01,  1.859236225655995E+01, -2.456339522422346E-03

2435655.500000000, A.D. 1956-Jul-01, -1.009035757191947E+01,  1.557717551247642E+01,  1.851899575356364E-01, -4.004926309909473E-03, -2.218491562589010E-03, -9.251936499017137E-05,  1.071974178469531E-01,  1.856065753673774E+01,  3.144378050159035E-04

2435839.500000000, A.D. 1957-Jan-01, -1.068634998696888E+01,  1.514013387968256E+01,  1.965856157152677E-01, -2.131441702800043E-03, -1.743096498623473E-03, -1.539144052884898E-03,  1.070358561102690E-01,  1.853268398918537E+01, -2.112999889826602E-04

2436020.500000000, A.D. 1957-Jul-01, -1.127140896606282E+01,  1.468785176037719E+01,  1.977571532452785E-01, -5.091860968889482E-03, -1.171431957284503E-03,  1.308117068037894E-03,  1.069355205694965E-01,  1.851531142883415E+01,  2.184425474325191E-03

2436204.500000000, A.D. 1958-Jan-01, -1.184163403331685E+01,  1.420104243609151E+01,  2.064214022402932E-01, -4.381482016850581E-03, -3.506034162259892E-03, -1.647405885501571E-03,  1.067981440843374E-01,  1.849152542777320E+01,  9.488167000462839E-05

2436385.500000000, A.D. 1958-Jul-01, -1.239338454517432E+01,  1.369851836779219E+01,  2.117974603741296E-01, -3.380673599933510E-03, -3.660036521894575E-03,  1.790935727236106E-03,  1.066971707752502E-01,  1.847404244126138E+01, -4.254495984047175E-04

2436569.500000000, A.D. 1959-Jan-01, -1.291486139229543E+01,  1.316075494188735E+01,  2.137458643128370E-01, -3.109658056838430E-03, -2.988341658592245E-03, -1.267674752265400E-03,  1.065023123962650E-01,  1.844030375880848E+01,  3.042305061156221E-05

2436750.500000000, A.D. 1959-Jul-01, -1.341919344846203E+01,  1.262118205824339E+01,  2.227554349319225E-01, -8.703949660763925E-04, -2.330835424827213E-03,  1.490821139604119E-03,  1.064042050681328E-01,  1.842331700151639E+01, -9.447707655146910E-04

2436934.500000000, A.D. 1960-Jan-01, -1.390445336025997E+01,  1.205509512769584E+01,  2.212536466087731E-01, -5.075738793213764E-03, -1.858346598065022E-03,  1.470780604885366E-04,  1.062927772889425E-01,  1.840402387961879E+01,  2.619284248473651E-03

2437116.500000000, A.D. 1960-Jul-01, -1.436994899354762E+01,  1.147411380856708E+01,  2.333482770968011E-01, -1.844154565637117E-03, -3.855559973289777E-03, -6.162167057158032E-05,  1.062138349619069E-01,  1.839035543940176E+01, -9.653487260764228E-04

2437300.500000000, A.D. 1961-Jan-01, -1.482172932935609E+01,  1.086084128808550E+01,  2.317790222163359E-01, -2.816217457252434E-03, -4.115269000936251E-03,  1.618702795920912E-03,  1.061337345268602E-01,  1.837648647899856E+01, -1.403363610662790E-04

2437481.500000000, A.D. 1961-Jul-01, -1.522665288531924E+01,  1.024193521466075E+01,  2.386504329309536E-01, -8.719641593932321E-05, -4.515071728247146E-03, -1.434308743882811E-03,  1.059937671550636E-01,  1.835225187982245E+01, -2.466054916363962E-03

2437665.500000000, A.D. 1962-Jan-01, -1.562262880019309E+01,  9.603169677224468E+00,  2.391087604074533E-01, -8.839787273012871E-04, -2.448351163159303E-03,  1.688373256495260E-03,  1.059212696675825E-01,  1.833969932898273E+01, -5.069960593189083E-04

2437846.500000000, A.D. 1962-Jul-01, -1.597952091499134E+01,  8.959319266011784E+00,  2.405489475001029E-01, -2.169407672664346E-03, -2.753766419881031E-03, -1.722707841487089E-03,  1.058153697550289E-01,  1.832136332752339E+01,  5.228774196205649E-04

2438030.500000000, A.D. 1963-Jan-01, -1.633643352675909E+01,  8.293641143296806E+00,  2.463195339173533E-01, -1.400735232442182E-03, -4.149807687088238E-03,  1.125667699355800E-03,  1.058235439198139E-01,  1.832277864028252E+01, -6.143568088097868E-04

2438211.500000000, A.D. 1963-Jul-01, -1.664869450130069E+01,  7.616568137095086E+00,  2.426366194785023E-01, -3.321533887881936E-03, -4.725253039552647E-03, -1.404445189304477E-03,  1.057487803679278E-01,  1.830983373255377E+01,  1.035958145681873E-03

2438395.500000000, A.D. 1964-Jan-01, -1.694228070168147E+01,  6.915220424136284E+00,  2.495522817826662E-01,  1.240808105905831E-03, -4.783130352674303E-03, -3.431594339787438E-04,  1.056972598700395E-01,  1.830091323487172E+01, -2.960735098717179E-03

2438577.500000000, A.D. 1964-Jul-01, -1.720196538520730E+01,  6.214515300639415E+00,  2.421685981155693E-01, -2.123320742972158E-03, -2.821871012691763E-03,  3.195744699634636E-04,  1.056440755450132E-01,  1.829170465445101E+01,  1.042336982750322E-03

2438761.500000000, A.D. 1965-Jan-01, -1.743393964754678E+01,  5.502443475980023E+00,  2.474753401318875E-01, -1.370877684050064E-03, -3.302742562157092E-03, -1.620218066649469E-03,  1.055957429536949E-01,  1.828333612568100E+01,  2.912860371965842E-04

2438942.500000000, A.D. 1965-Jul-01, -1.765035470271839E+01,  4.789959220621168E+00,  2.445235700299594E-01, -3.212136659713512E-03, -3.352343101195523E-03,  1.589520228541077E-03,  1.056365073468467E-01,  1.829039426155946E+01,  2.243059347082167E-03

2439126.500000000, A.D. 1966-Jan-01, -1.783052749758044E+01,  4.049360990427794E+00,  2.454743221623743E-01, -1.860918025169535E-03, -5.221235190130699E-03, -1.673257193419759E-03,  1.056123121288924E-01,  1.828620498943430E+01,  6.358750899448425E-04

2439307.500000000, A.D. 1966-Jul-01, -1.798685963784354E+01,  3.317189647002577E+00,  2.462159072681067E-01,  8.857046526223483E-05, -4.746128405429151E-03,  1.680165383866243E-03,  1.056448696243666E-01,  1.829184214502897E+01, -9.251790474703360E-04

2439491.500000000, A.D. 1967-Jan-01, -1.809809056078612E+01,  2.566444197558947E+00,  2.405626593934417E-01, -1.286436594333779E-03, -3.147038646700351E-03, -9.125996770680610E-04,  1.055807384317698E-01,  1.828073817324382E+01,  8.197595394315464E-04

2439672.500000000, A.D. 1967-Jul-01, -1.819261658047515E+01,  1.831109891043635E+00,  2.449792201400210E-01,  9.331157310707024E-04, -3.040517327268231E-03,  1.330001082488525E-03,  1.056121515840384E-01,  1.828617719195452E+01, -1.214989618181717E-03

2439856.500000000, A.D. 1968-Jan-01, -1.825876276215604E+01,  1.079034210792816E+00,  2.372746345022479E-01, -3.122011305405379E-03, -3.575003178153468E-03,  5.422488791921202E-04,  1.056466918594973E-01,  1.829215765526132E+01,  2.912459860772162E-03

2440038.500000000, A.D. 1968-Jul-01, -1.829401606048435E+01,  3.279500997301609E-01,  2.427929143304179E-01,  9.171158308683023E-04, -5.522778569287154E-03, -5.705008975244494E-04,  1.056837042608252E-01,  1.829856615389363E+01, -1.023437625650668E-03

2440222.500000000, A.D. 1969-Jan-01, -1.830155155034719E+01, -4.364195910411697E-01,  2.353517122851501E-01,  7.436597409236365E-04, -4.456757620705872E-03,  1.622106262128577E-03,  1.057397318480014E-01,  1.830826702989487E+01, -6.162978310021983E-04

2440403.500000000, A.D. 1969-Jul-01, -1.826484029991382E+01, -1.183682979040778E+00,  2.344329186121223E-01,  2.194908057172163E-03, -4.250720460203895E-03, -1.700146592422843E-03,  1.057188800793009E-01,  1.830465665806261E+01, -1.937032235562449E-03

2440587.500000000, A.D. 1970-Jan-01, -1.821170091439850E+01, -1.932479114211920E+00,  2.305901034063975E-01,  1.050415038169524E-03, -2.960451375534967E-03,  1.612638666067937E-03,  1.057809001237618E-01,  1.831539509587924E+01, -7.118042212169364E-04

2440768.500000000, A.D. 1970-Jul-01, -1.812225118099276E+01, -2.671710975908830E+00,  2.245600986938435E-01, -7.935839635967295E-04, -3.691911552635625E-03, -1.660730153972957E-03,  1.058046670895764E-01,  1.831951021844499E+01,  1.303108790946448E-03

2440952.500000000, A.D. 1971-Jan-01, -1.801787793133687E+01, -3.419917883650128E+00,  2.252607924045302E-01,  1.829899463313721E-03, -5.332118431537774E-03,  6.444170947046286E-04,  1.059285022306894E-01,  1.834095160846516E+01, -7.955059465247534E-04

2441133.500000000, A.D. 1971-Jul-01, -1.787210604065107E+01, -4.155619737969732E+00,  2.140737492851342E-01, -1.704054073437925E-04, -4.975680932654766E-03, -1.278968253986677E-03,  1.059814974518154E-01,  1.835012744656051E+01,  1.277852044486806E-03

2441317.500000000, A.D. 1972-Jan-01, -1.769353036503436E+01, -4.892866522022330E+00,  2.148446996082719E-01,  3.773058696853255E-03, -4.064450478034447E-03, -7.492120297135888E-04,  1.060318659897161E-01,  1.835884848855367E+01, -2.561864335349153E-03

2441499.500000000, A.D. 1972-Jul-01, -1.749337202400038E+01, -5.608960960727773E+00,  2.021731810166013E-01, -1.862588306057092E-04, -2.343282550166219E-03,  7.708208968840409E-04,  1.061060934202025E-01,  1.837170056973958E+01,  9.012510632993457E-04

2441683.500000000, A.D. 1973-Jan-01, -1.726100239058436E+01, -6.322154303782009E+00,  2.008700976157300E-01,  2.752146929892904E-04, -3.932282471662951E-03, -1.684989235281884E-03,  1.061741022442968E-01,  1.838347593260601E+01,  1.075506677769131E-03

2441864.500000000, A.D. 1973-Jul-01, -1.701820493184062E+01, -7.017663277027477E+00,  1.935631820151000E-01, -1.178424765508043E-04, -4.127946315004366E-03,  1.704498326538745E-03,  1.063235691800931E-01,  1.840935533030139E+01,  1.700436122728476E-03

2442048.500000000, A.D. 1974-Jan-01, -1.672773408328208E+01, -7.721741317473202E+00,  1.864750236093656E-01,  1.211454538801788E-03, -4.639914060386525E-03, -1.606359866471668E-03,  1.064133805337397E-01,  1.842490568413852E+01,  8.284319604232633E-04

2442229.500000000, A.D. 1974-Jul-01, -1.642502691301788E+01, -8.394131994078661E+00,  1.828672773244986E-01,  3.432999693628164E-03, -3.668955879189492E-03,  1.554513714245675E-03,  1.065385746827874E-01,  1.844658237908835E+01, -1.371806561201074E-03

2442413.500000000, A.D. 1975-Jan-01, -1.607859852556692E+01, -9.061801055993493E+00,  1.707087243663048E-01,  2.823683083391835E-04, -2.142915424731461E-03, -4.562520667185060E-04,  1.065996589056689E-01,  1.845715878442136E+01,  8.018948396760014E-04

2442594.500000000, A.D. 1975-Jul-01, -1.572654599637727E+01, -9.701816358113286E+00,  1.708786928057668E-01,  2.776964653442179E-03, -2.844114863375243E-03,  1.094577772917000E-03,  1.067266233849505E-01,  1.847914200254924E+01, -8.599935119077815E-04

2442778.500000000, A.D. 1976-Jan-01, -1.534641737305170E+01, -1.034307241686725E+01,  1.576286139005549E-01, -2.706675238333027E-04, -3.747869691192714E-03,  8.272795909835560E-04,  1.068886834970598E-01,  1.850720184113156E+01,  2.326049487104275E-03

2442960.500000000, A.D. 1976-Jul-01, -1.493825701935210E+01, -1.096532012760878E+01,  1.568519876702184E-01,  4.018011223620738E-03, -4.927161288161397E-03, -1.075562431365706E-03,  1.070286873770888E-01,  1.853144276151214E+01, -3.325638324318599E-04

2443144.500000000, A.D. 1977-Jan-01, -1.450535714521608E+01, -1.157564974849648E+01,  1.451043479741954E-01,  3.662077775824625E-03, -2.772988190878089E-03,  1.628436202686372E-03,  1.071856083113229E-01,  1.855861277902900E+01, -1.119928146119341E-03

2443325.500000000, A.D. 1977-Jul-01, -1.404659420860387E+01, -1.215532422730287E+01,  1.378524561036104E-01,  3.598339650446303E-03, -2.506341592317822E-03, -1.803641176777150E-03,  1.072875742532197E-01,  1.857626763458402E+01, -1.094281100034041E-03

2443509.500000000, A.D. 1978-Jan-01, -1.357723239719079E+01, -1.271895413519198E+01,  1.313810206200795E-01,  2.899186116688284E-03, -2.563004391773392E-03,  1.427109797450145E-03,  1.074510769842301E-01,  1.860457725488605E+01, -3.534986648660034E-04

2443690.500000000, A.D. 1978-Jul-01, -1.308435590772789E+01, -1.326378303511437E+01,  1.194258884310675E-01,  9.515621797144079E-04, -3.374068794318911E-03, -1.591305547353728E-03,  1.076080856501536E-01,  1.863176246267403E+01,  1.723524287691705E-03

2443874.500000000, A.D. 1979-Jan-01, -1.257258127173281E+01, -1.380027438062043E+01,  1.162277387457334E-01,  4.980429093556904E-03, -4.283792479545579E-03,  1.180247451963958E-04,  1.078230466543381E-01,  1.866898180678286E+01, -1.867064967068940E-04

2444055.500000000, A.D. 1979-Jul-01, -1.203871702483192E+01, -1.430766735892122E+01,  9.987525809324711E-02,  2.409088629259930E-03, -2.982125445610525E-03, -1.033485325424447E-03,  1.079960199088007E-01,  1.869893119738924E+01,  7.252662115389113E-04

2444239.500000000, A.D. 1980-Jan-01, -1.147540320152217E+01, -1.479448755076687E+01,  9.684508516000902E-02,  5.043624871114563E-03, -2.016356056011867E-03, -1.039783445464138E-03,  1.081381746209925E-01,  1.872354452281461E+01, -1.503314306044476E-03

2444421.500000000, A.D. 1980-Jul-01, -1.091221772061783E+01, -1.525214510212330E+01,  8.169682119659777E-02,  1.140406768270816E-03, -1.100283825650264E-03,  1.191264765837947E-03,  1.083138527765126E-01,  1.875396225252102E+01,  2.364643855927666E-04

2444605.500000000, A.D. 1981-Jan-01, -1.032114678465044E+01, -1.569675189434171E+01,  7.563757420759590E-02,  2.008453417775147E-03, -3.214171446783376E-03, -1.741832877508418E-03,  1.084998121459395E-01,  1.878616011923278E+01,  1.575136217817169E-03

2444786.500000000, A.D. 1981-Jul-01, -9.733293503002407E+00, -1.611255776739393E+01,  6.632584721886955E-02,  2.915048961204724E-03, -3.055566845300535E-03,  1.694283599210533E-03,  1.087203426697205E-01,  1.882434379576628E+01,  1.114107626523168E-03

2444970.500000000, A.D. 1982-Jan-01, -9.101078197585348E+00, -1.651622354872905E+01,  5.397029882669888E-02,  3.181405167302619E-03, -2.087010946279272E-03, -1.382930685552570E-03,  1.089138079613430E-01,  1.885784127261948E+01,  2.885104859331623E-04

2445151.500000000, A.D. 1982-Jul-01, -8.477806093332495E+00, -1.687935341085545E+01,  4.886076836566197E-02,  5.255599366326784E-03, -1.172706485389453E-03,  1.446695735771077E-03,  1.090928231126678E-01,  1.888883678523874E+01, -1.307160347318108E-03

2445335.500000000, A.D. 1983-Jan-01, -7.825476510550771E+00, -1.722134046850231E+01,  3.358705669741704E-02,  1.031430969422976E-03, -5.656322364852387E-04,  2.589067213174942E-05,  1.092495096915127E-01,  1.891596622537783E+01,  8.830508960364014E-05

2445516.500000000, A.D. 1983-Jul-01, -7.180549916325027E+00, -1.753460593258114E+01,  3.189388200906853E-02,  4.149602002350841E-03, -1.912947075558692E-03,  7.499191052050178E-04,  1.094340664968913E-01,  1.894792124565264E+01,  1.989804903461630E-04

2445700.500000000, A.D. 1984-Jan-01, -6.515546453152798E+00, -1.783521550235743E+01,  1.591262960991814E-02,  2.277753338858538E-03, -2.232287142203715E-03,  1.039299768177228E-03,  1.096660541120420E-01,  1.898808865606288E+01,  1.316038333351360E-03

2445882.500000000, A.D. 1984-Jul-01, -5.834909567765227E+00, -1.810584138345122E+01,  1.151401499641446E-02,  5.924133163426526E-03, -2.413517443265106E-03, -1.471505630246515E-03,  1.098666628838547E-01,  1.902282298816962E+01,  4.791633605450017E-04

2446066.500000000, A.D. 1985-Jan-01, -5.146084594685512E+00, -1.834541763684829E+01, -7.710559651796439E-04,  4.864338310285459E-03, -1.182455175062906E-04,  1.642840531123969E-03,  1.100439405692535E-01,  1.905351766788934E+01, -1.200004123127599E-03

2446247.500000000, A.D. 1985-Jul-01, -4.453308472919070E+00, -1.855556435705312E+01, -1.109418660631667E-02,  3.569136398235413E-03, -2.740573991024344E-04, -1.777604720258738E-03,  1.102112138202006E-01,  1.908248013348080E+01, -5.654115451840326E-04

2446431.500000000, A.D. 1986-Jan-01, -3.762544693123581E+00, -1.873957253585838E+01, -1.727939515807350E-02,  4.228718441446629E-03, -1.467418532089496E-03,  1.101513214478453E-03,  1.103907832552961E-01,  1.911357161735993E+01,  6.052777911671263E-04

2446612.500000000, A.D. 1986-Jul-01, -3.064280309799478E+00, -1.890307612388796E+01, -3.202752789103421E-02,  2.295447850382313E-03, -1.822456039203947E-03, -1.501566138650302E-03,  1.106003657411009E-01,  1.914985969987954E+01,  1.434173486031968E-03

2446796.500000000, A.D. 1987-Jan-01, -2.353289180996635E+00, -1.904273250422312E+01, -3.616667036082077E-02,  6.670538042597465E-03, -1.563563442524200E-03, -3.533020207041365E-04,  1.108184778298970E-01,  1.918762463737595E+01,  7.343062732514962E-04

2446977.500000000, A.D. 1987-Jul-01, -1.646378674241500E+00, -1.915026919617532E+01, -5.373694885851286E-02,  3.221216749864368E-03,  2.210556740808169E-04, -6.357795452129014E-04,  1.110111506620552E-01,  1.922098490412630E+01, -4.943791081761632E-04

2447161.500000000, A.D. 1988-Jan-01, -9.255019805198212E-01, -1.922494679393316E+01, -5.700762389277156E-02,  4.700757228595706E-03,  2.573380882689741E-04, -1.242864223734641E-03,  1.111631078333539E-01,  1.924729547273302E+01, -4.793929857255450E-04

2447343.500000000, A.D. 1988-Jul-01, -2.255131257382774E-01, -1.927539507133785E+01, -7.098681003133597E-02,  1.702441850496356E-03,  3.421370069752513E-04,  1.506948332796594E-03,  1.113337712651788E-01,  1.927684492994728E+01, -3.675768748383443E-04

2447527.500000000, A.D. 1989-Jan-01,  4.933052726325789E-01, -1.930862355899045E+01, -7.891553863811218E-02,  3.049854747936747E-03, -1.305498113555397E-03, -1.747619127833660E-03,  1.115546294253702E-01,  1.931508533496672E+01,  1.390094576270613E-03

2447708.500000000, A.D. 1989-Jul-01,  1.191953435765497E+00, -1.931190613051431E+01, -8.678113737735052E-02,  4.728388392791785E-03, -5.805840671693173E-04,  1.631760796618570E-03,  1.117496387672045E-01,  1.934885015582667E+01,  8.634413726946255E-04

2447892.500000000, A.D. 1990-Jan-01,  1.918851281639225E+00, -1.928943053024181E+01, -1.002672433318830E-01,  3.163058826672228E-03,  1.175887622383925E-03, -9.914936531874726E-04,  1.119578193722680E-01,  1.938489551022029E+01, -8.518667936999290E-04

2448073.500000000, A.D. 1990-Jul-01,  2.616667121651180E+00, -1.923436375089448E+01, -1.032969337747608E-01,  5.125984540961415E-03,  1.422994602888774E-03,  1.332794073518134E-03,  1.121132642793702E-01,  1.941180996156158E+01, -7.261081868282466E-04

2448257.500000000, A.D. 1991-Jan-01,  3.323008800614911E+00, -1.915424877076727E+01, -1.178407700262680E-01,  9.679924529616195E-04,  9.589343634043226E-04,  4.564973714517026E-04,  1.122802237130602E-01,  1.944071809137934E+01, -7.821117430776705E-04

2448438.500000000, A.D. 1991-Jul-01,  4.013027804823823E+00, -1.905402878605562E+01, -1.184597119612356E-01,  4.773510502263204E-03, -5.355735133035399E-04,  3.015929683171157E-04,  1.124632144405592E-01,  1.947240195367494E+01,  1.505994841588844E-03

2448622.500000000, A.D. 1992-Jan-01,  4.709824541449167E+00, -1.893315851202738E+01, -1.334729228071146E-01,  3.522726253994750E-03,  3.807723342776888E-04,  1.238275448083774E-03,  1.126840116541538E-01,  1.951063180611828E+01,  4.724051712057457E-04

2448804.500000000, A.D. 1992-Jul-01,  5.406546753183378E+00, -1.878365943499606E+01, -1.379306407009452E-01,  5.746997471275748E-03,  8.180176825708566E-04, -1.698116844740914E-03,  1.128926423243034E-01,  1.954675508686591E+01,  8.154942971968910E-04

2448988.500000000, A.D. 1993-Jan-01,  6.089487797823860E+00, -1.859832969795874E+01, -1.466096077804488E-01,  4.269714003489924E-03,  2.173088413080938E-03,  1.619118072390631E-03,  1.130293024349930E-01,  1.957041705153248E+01, -7.487230175935222E-04

2449169.500000000, A.D. 1993-Jul-01,  6.761755183111055E+00, -1.839779333788857E+01, -1.564914985678999E-01,  2.342176209951581E-03,  1.487583473277951E-03, -1.687657301737059E-03,  1.132096800218003E-01,  1.960164846254290E+01, -5.747948795295957E-04

2449353.500000000, A.D. 1994-Jan-01,  7.420482911663996E+00, -1.817095329462847E+01, -1.595195256979060E-01,  4.776628917686282E-03,  1.913537603455436E-06,  6.657831421272363E-04,  1.133639589496722E-01,  1.962836103083865E+01,  1.798617673177832E-03

2449534.500000000, A.D. 1994-Jul-01,  8.073822278760922E+00, -1.792917208445110E+01, -1.735652401414371E-01,  2.616190098654874E-03,  4.799824354644141E-04, -1.336697068443076E-03,  1.135696524745714E-01,  1.966397576065080E+01,  6.483414404034419E-04

2449718.500000000, A.D. 1995-Jan-01,  8.728687239174567E+00, -1.765558412875815E+01, -1.752592557238233E-01,  6.249681321241984E-03,  1.532218108272714E-03, -7.094747662041117E-04,  1.137557719615782E-01,  1.969620135086211E+01,  1.402486165266972E-03

2449899.500000000, A.D. 1995-Jul-01,  9.358564402323102E+00, -1.736027535449144E+01, -1.901138339380346E-01,  2.085517065166667E-03,  3.130461842919085E-03, -1.269757319673018E-04,  1.139107387319049E-01,  1.972303301538703E+01, -1.764642078270818E-03

2450083.500000000, A.D. 1996-Jan-01,  9.986039867171053E+00, -1.703291802583257E+01, -1.906293228196955E-01,  3.214071180826983E-03,  1.818642201430228E-03, -1.417921571384983E-03,  1.140394526972719E-01,  1.974531914764054E+01,  7.036385843951356E-05

2450265.500000000, A.D. 1996-Jul-01,  1.058177061021775E+01, -1.669285794249715E+01, -2.004286934192961E-01,  1.701345970134162E-03,  1.573021480480416E-03,  1.674651716523582E-03,  1.141546279322376E-01,  1.976526112139185E+01, -4.346322334065021E-04

2450449.500000000, A.D. 1997-Jan-01,  1.118779147922043E+01, -1.633537466216286E+01, -2.075265616482908E-01,  2.899636473919487E-03,  1.180838542823428E-03, -1.638700511669611E-03,  1.143573355394030E-01,  1.980035885557479E+01,  6.813594745617310E-04

2450630.500000000, A.D. 1997-Jul-01,  1.176033789841346E+01, -1.595464900567282E+01, -2.109205349766410E-01,  4.771058925836539E-03,  2.245662973907927E-03,  1.571745590314748E-03,  1.144807474436209E-01,  1.982172696439822E+01,  1.006420236865178E-03

2450814.500000000, A.D. 1998-Jan-01,  1.233996014947020E+01, -1.554443647694181E+01, -2.219377138425657E-01,  1.386393567382739E-03,  3.725859185295919E-03, -4.884773293864105E-04,  1.146339826677352E-01,  1.984825882099025E+01, -2.050554100498134E-03

2450995.500000000, A.D. 1998-Jul-01,  1.288068778075209E+01, -1.511886607718560E+01, -2.203325765876184E-01,  3.637829417291513E-03,  3.025093473647736E-03,  1.148981334503877E-03,  1.147194123455366E-01,  1.986305051117264E+01,  4.372962785087307E-05

2451179.500000000, A.D. 1999-Jan-01,  1.341201646901690E+01, -1.467316051227717E+01, -2.314997351903086E-01,  4.590323996885793E-04,  2.122982996360778E-03,  7.890783570620549E-04,  1.148206478638195E-01,  1.988057889779933E+01, -1.266411392049177E-03

2451360.500000000, A.D. 1999-Jul-01,  1.392422705064804E+01, -1.421838802760464E+01, -2.289998004238359E-01,  4.584099639897910E-03,  1.023830071765144E-03, -1.954899362469527E-04,  1.149457433890352E-01,  1.990223851656199E+01,  2.477992517745691E-03

2451544.500000000, A.D. 2000-Jan-01,  1.442716827316144E+01, -1.373978860564176E+01, -2.399710751045799E-01,  3.094022521539843E-03,  3.097314930311598E-03,  1.458277108315140E-03,  1.150738600681890E-01,  1.992442123191351E+01,  8.690776138434826E-05

2451726.500000000, A.D. 2000-Jul-01,  1.491654957548433E+01, -1.324367908394195E+01, -2.417821732579195E-01,  3.630280710490407E-03,  3.434163053711517E-03, -1.759155582421619E-03,  1.152149965223695E-01,  1.994885825142954E+01,  4.559479610736170E-04

2451910.500000000, A.D. 2001-Jan-01,  1.537260489600813E+01, -1.271942827974136E+01, -2.441866486745332E-01,  2.651955680122457E-03,  3.299395637044544E-03,  1.485929926296653E-03,  1.152444537312986E-01,  1.995395860904918E+01, -7.827036124009355E-05

2452091.500000000, A.D. 2001-Jul-01,  1.581315030796111E+01, -1.219785998771142E+01, -2.513245288308337E-01,  6.178489573773732E-04,  2.432693436173322E-03, -1.586881648644903E-03,  1.153523956386953E-01,  1.997264817095554E+01, -9.765702097806585E-04

2452275.500000000, A.D. 2002-Jan-01,  1.623178928731411E+01, -1.165541530118719E+01, -2.494567023004883E-01,  4.418377413545091E-03,  1.592742895959652E-03,  1.903879838092145E-04,  1.154210885229526E-01,  1.998454197516761E+01,  2.657383779696178E-03

2452456.500000000, A.D. 2002-Jul-01,  1.663525391826109E+01, -1.110779067042359E+01, -2.601331026259701E-01,  1.627616355461198E-03,  2.871981210180357E-03, -1.045199715786356E-03,  1.155366936006569E-01,  2.000455837388199E+01, -2.276313031971494E-04

2452640.500000000, A.D. 2003-Jan-01,  1.702623112972028E+01, -1.052991989278947E+01, -2.569356338934150E-01,  3.972572939019952E-03,  3.767187225293156E-03, -9.541942202003677E-04,  1.156312680291788E-01,  2.002093342856880E+01,  1.409271547375136E-03

2452821.500000000, A.D. 2003-Jul-01,  1.738116884954590E+01, -9.948979344951065E+00, -2.663955636030333E-01, -3.033535012790884E-04,  4.688761681167076E-03,  4.075468085779985E-04,  1.156774740347285E-01,  2.002893375042703E+01, -2.597721918512935E-03

2453005.500000000, A.D. 2004-Jan-01,  1.772202016104152E+01, -9.347731811934580E+00, -2.626645313736089E-01,  1.311056856448439E-03,  2.438151327979548E-03, -1.599503357108883E-03,  1.157294958223536E-01,  2.003794104373644E+01,  4.309445312902762E-05

2453187.500000000, A.D. 2004-Jul-01,  1.802940570070980E+01, -8.746322965059424E+00, -2.664569215755151E-01,  1.274693461064570E-03,  2.522493018729945E-03,  1.717381398921267E-03,  1.157452829787981E-01,  2.004067450514000E+01,  2.304407338232101E-05

2453371.500000000, A.D. 2005-Jan-01,  1.833889229972672E+01, -8.131403063686989E+00, -2.706714398387852E-01,  1.362292261000973E-03,  3.458305336174007E-03, -1.373830434952491E-03,  1.158719185143767E-01,  2.006260076843126E+01, -1.378727972752095E-04

2453552.500000000, A.D. 2005-Jul-01,  1.860867192834128E+01, -7.507005054490481E+00, -2.676632023115313E-01,  3.122021647413552E-03,  4.301261885905206E-03,  1.523222575344391E-03,  1.159009168125484E-01,  2.006762166811638E+01,  1.265689161348182E-03

2453736.500000000, A.D. 2006-Jan-01,  1.886627592844280E+01, -6.861182087168712E+00, -2.739818062357474E-01, -1.254249539595869E-03,  4.707887324666122E-03,  3.000779195950289E-05,  1.159552719868752E-01,  2.007703297480913E+01, -2.787907542753845E-03

2453917.500000000, A.D. 2006-Jul-01,  1.908876614842731E+01, -6.219619751324661E+00, -2.666714793016906E-01,  1.706900827306402E-03,  3.263047166785889E-03,  8.456443652931908E-04,  1.159622511078646E-01,  2.007824137214924E+01,  6.007602292220318E-04

2454101.500000000, A.D. 2007-Jan-01,  1.929120676803795E+01, -5.567880008519318E+00, -2.731488226834887E-01, -2.970629035858274E-04,  2.896014468239744E-03,  1.044709570232433E-03,  1.159753068393946E-01,  2.008050190198929E+01, -1.102598144981847E-03

2454282.500000000, A.D. 2007-Jul-01,  1.947780388428002E+01, -4.917597662887196E+00, -2.665821002546210E-01,  3.482694881313692E-03,  2.428522573378316E-03, -6.495549399007469E-04,  1.160345583597029E-01,  2.009076098470846E+01,  2.790631510607414E-03

2454466.500000000, A.D. 2008-Jan-01,  1.964001863043845E+01, -4.246089713196756E+00, -2.715277160796407E-01,  1.217380696176644E-03,  4.849858276380038E-03,  1.690762352138215E-03,  1.160625345761337E-01,  2.009560491642598E+01,  1.421881743505456E-04

2454648.500000000, A.D. 2008-Jul-01,  1.978349172468946E+01, -3.574031453509525E+00, -2.694569922600896E-01,  4.339076310953709E-04,  4.481359800173963E-03, -1.708072159975697E-03,  1.161199312116576E-01,  2.010554283580052E+01, -3.467730725506761E-04

2454832.500000000, A.D. 2009-Jan-01,  1.988377238432996E+01, -2.888700900187989E+00, -2.649049377220089E-01,  9.299709946384091E-04,  3.149602376708826E-03,  1.198921492279242E-03,  1.160547507187609E-01,  2.009425718330039E+01,  4.516450672723816E-04

2455013.500000000, A.D. 2009-Jul-01,  1.997258202894144E+01, -2.219621253747973E+00, -2.685063178211205E-01, -1.055046367659675E-03,  2.674944461975517E-03, -1.476008486725512E-03,  1.160725228192361E-01,  2.009733432710901E+01, -1.324207761378309E-03

2455197.500000000, A.D. 2010-Jan-01,  2.003516842629319E+01, -1.536549220949238E+00, -2.612857210899989E-01,  3.099411645315380E-03,  2.902673300150001E-03, -2.404416568980039E-04,  1.160630936651063E-01,  2.009570171968077E+01,  2.871258675853383E-03

2455378.500000000, A.D. 2010-Jul-01,  2.007691593957548E+01, -8.592138506018071E-01, -2.672759829977445E-01, -5.412694249911957E-04,  4.536813908153890E-03, -6.143844831332030E-04,  1.160709984853290E-01,  2.009707039687460E+01, -7.265190193741871E-04

2455562.500000000, A.D. 2011-Jan-01,  2.009396635256594E+01, -1.616610505097589E-01, -2.584606435034606E-01,  7.854140185339476E-04,  4.351524728448470E-03, -1.133962489841706E-03,  1.160664263688747E-01,  2.009627875945058E+01,  7.649025802818881E-04

2455743.500000000, A.D. 2011-Jul-01,  2.007512146719205E+01,  5.205682828211526E-01, -2.617172803957807E-01, -2.832226343398658E-03,  4.558839340843082E-03,  8.740193688183378E-04,  1.159930562079412E-01,  2.008357510988649E+01, -2.724258324120592E-03

2455927.500000000, A.D. 2012-Jan-01,  2.003775529517372E+01,  1.207173988092612E+00, -2.540474174714807E-01, -4.685601716217733E-04,  2.363015885197662E-03, -1.766486818158572E-03,  1.159475325015044E-01,  2.007569292445752E+01, -3.032299487104921E-04

2456109.500000000, A.D. 2012-Jul-01,  1.996993010188515E+01,  1.885114391059908E+00, -2.514614071208635E-01,  4.309828742715205E-04,  3.147521870125322E-03,  1.695713538561944E-03,  1.158585384393895E-01,  2.006028408026244E+01,  7.035658158633378E-04

2456293.500000000, A.D. 2013-Jan-01,  1.989531121159197E+01,  2.569119471307070E+00, -2.519253029933968E-01, -1.274169247595185E-03,  4.724487687767398E-03, -9.584733753623450E-04,  1.158689389466503E-01,  2.006208487227174E+01, -6.465308463020393E-04

2456474.500000000, A.D. 2013-Jul-01,  1.978254277682347E+01,  3.245633965070731E+00, -2.422519594704094E-01,  4.916791720232860E-04,  4.789324961912964E-03,  1.444763626497644E-03,  1.157904032605941E-01,  2.004848683975773E+01,  1.243039606872402E-03

2456658.500000000, A.D. 2014-Jan-01,  1.964417551298945E+01,  3.926878895827894E+00, -2.435196285417104E-01, -3.689587875062798E-03,  4.076938439800689E-03,  4.774237410611831E-04,  1.157084863329409E-01,  2.003430336340941E+01, -2.824432139972304E-03

2456839.500000000, A.D. 2014-Jul-01,  1.948363949705512E+01,  4.588231729626837E+00, -2.310413285565034E-01,  6.104873616524733E-05,  2.446293988569117E-03,  4.192283019894495E-04,  1.156139125937306E-01,  2.001792842807322E+01,  6.152862543163820E-04

2457023.500000000, A.D. 2015-Jan-01,  1.929765185671667E+01,  5.248191952368962E+00, -2.327065233528021E-01, -1.322876980071945E-03,  3.275505633789445E-03,  1.274666212243103E-03,  1.155099389909502E-01,  1.999992595681199E+01, -4.317296106411631E-04

2457204.500000000, A.D. 2015-Jul-01,  1.910186440643103E+01,  5.896174256335439E+00, -2.222480067878441E-01,  1.466990488838059E-03,  3.222877166878274E-03, -9.965869719595971E-04,  1.154663905128621E-01,  1.999238577156990E+01,  2.363219117214258E-03

2457388.500000000, A.D. 2016-Jan-01,  1.886910467826240E+01,  6.554700806058400E+00, -2.205590761474716E-01, -1.381644068218183E-03,  4.917306863636062E-03,  1.877519371684650E-03,  1.153739636911380E-01,  1.997638256347324E+01,  2.876889624572563E-04

2457570.500000000, A.D. 2016-Jul-01,  1.862226225449677E+01,  7.194222145387416E+00, -2.148707950331303E-01, -2.745182681320073E-03,  3.726433948732272E-03, -1.618877610386414E-03,  1.153068390049272E-01,  1.996476028433590E+01, -1.200358448097637E-03

2457754.500000000, A.D. 2017-Jan-01,  1.833356338639023E+01,  7.828848206929933E+00, -2.042790505420067E-01, -3.718981022116781E-04,  2.112049487544819E-03,  7.812622060349005E-04,  1.151418987248310E-01,  1.993620176012545E+01,  4.793842892771367E-04

2457935.500000000, A.D. 2017-Jul-01,  1.804234346357522E+01,  8.438801212591679E+00, -2.046109652381401E-01, -2.547492665873674E-03,  2.434341543450114E-03, -1.305516949615127E-03,  1.150446993451978E-01,  1.991937220924269E+01, -1.262725046376516E-03

2458119.500000000, A.D. 2018-Jan-01,  1.772452572894897E+01,  9.052909693365956E+00, -1.924806997411457E-01,  9.249159391108869E-04,  3.347100808417751E-03, -5.786264123573303E-04,  1.149532790674217E-01,  1.990354327882817E+01,  2.351645205786645E-03

2458300.500000000, A.D. 2018-Jul-01,  1.738699397609678E+01,  9.648981344412579E+00, -1.936819437022671E-01, -3.344615697689648E-03,  4.713253402048099E-03, -9.427431161753181E-05,  1.148512194350077E-01,  1.988587220126299E+01, -6.364548399098288E-04

2458484.500000000, A.D. 2019-Jan-01,  1.702076566571896E+01,  1.024711765226695E+01, -1.801964419113596E-01, -2.186115060729220E-03,  3.128115149599071E-03, -1.313673079181593E-03,  1.147487148827051E-01,  1.986812408820711E+01, -2.475557814442498E-04

2458665.500000000, A.D. 2019-Jul-01,  1.662994613291895E+01,  1.081718335111177E+01, -1.779828752577952E-01, -4.573351758405845E-03,  3.012725737500296E-03,  1.207349353523380E-03,  1.145823015957351E-01,  1.983931052076258E+01, -2.201703237806219E-03

2458849.500000000, A.D. 2020-Jan-01,  1.622521445278377E+01,  1.137590950442193E+01, -1.678703209666069E-01, -1.974187128554689E-03,  1.827398108459852E-03, -1.855084857195932E-03,  1.144510558320353E-01,  1.981658602121672E+01, -5.516530606347681E-04

2459031.500000000, A.D. 2020-Jul-01,  1.579664727026512E+01,  1.192107796109800E+01, -1.596872889584587E-01, -8.099234075099836E-04,  3.122724753049234E-03,  1.658693172784384E-03,  1.143015299623175E-01,  1.979069641942915E+01,  1.221144426634850E-03

2459215.500000000, A.D. 2021-Jan-01,  1.535566981105917E+01,  1.246088679808886E+01, -1.568313644377064E-01, -4.221672596460178E-03,  4.323614096648151E-03, -4.553409868495860E-04,  1.142173390526738E-01,  1.977611921530437E+01, -5.501146487837871E-04

2459396.500000000, A.D. 2021-Jul-01,  1.488831039438144E+01,  1.297853342888571E+01, -1.419137240145699E-01, -2.011653097631760E-03,  3.403928334411132E-03,  1.267371840865659E-03,  1.140755163633106E-01,  1.975156337784971E+01,  7.112360792883465E-04

2459580.500000000, A.D. 2022-Jan-01,  1.439263540399096E+01,  1.348168558422837E+01, -1.395584671309822E-01, -5.105228979351651E-03,  2.294999940698448E-03,  8.091140225820300E-04,  1.138997929544025E-01,  1.972113781276204E+01, -2.162661751823657E-03

2459761.500000000, A.D. 2022-Jul-01,  1.389274921818138E+01,  1.395806059179132E+01, -1.238585153777971E-01, -9.434483258578422E-04,  1.055691503740655E-03, -7.772228083947845E-05,  1.137427121527015E-01,  1.969394011505135E+01,  8.316982486709310E-05

2459945.500000000, A.D. 2023-Jan-01,  1.336669054340857E+01,  1.442292697588442E+01, -1.216862571923875E-01, -2.548041781145937E-03,  2.994042385134779E-03,  1.509043231993445E-03,  1.135743669408273E-01,  1.966479204517892E+01,  4.546368382572069E-04

2460126.500000000, A.D. 2023-Jul-01,  1.283970286985858E+01,  1.486685132688578E+01, -1.088170718286515E-01, -1.027799385981270E-03,  2.854190727202255E-03, -1.224471752948220E-03,  1.134552145959688E-01,  1.964416145619612E+01,  1.495071905728936E-03

2460310.500000000, A.D. 2024-Jan-01,  1.227012258797878E+01,  1.530489765918224E+01, -1.016722584881559E-01, -3.571682267808721E-03,  3.143314338441995E-03,  1.938922794698512E-03,  1.132953178066584E-01,  1.961647618534519E+01,  2.082937980804701E-04

2460492.500000000, A.D. 2024-Jul-01,  1.170004395085501E+01,  1.570905408738769E+01, -9.424652934304704E-02, -4.868103153393913E-03,  1.600290057201831E-03, -1.541273564114216E-03,  1.131285749227334E-01,  1.958760554995694E+01, -1.616977533213395E-03

2460676.500000000, A.D. 2025-Jan-01,  1.109878658311387E+01,  1.609328339561611E+01, -7.993816137434742E-02, -1.062478123782327E-03,  6.667773648274881E-04,  3.027935987585431E-04,  1.129085360838748E-01,  1.954950700602871E+01, -5.554030668713290E-05

2460857.500000000, A.D. 2025-Jul-01,  1.050432440315832E+01,  1.645016117775723E+01, -7.834606534296319E-02, -3.826230095513440E-03,  1.769656150529240E-03, -1.023802606017728E-03,  1.127269289898626E-01,  1.951806271244494E+01, -5.636124094478768E-04

2461041.500000000, A.D. 2026-Jan-01,  9.886617084282296E+00,  1.679856681795136E+01, -6.292638647007727E-02, -1.519355197485998E-03,  2.441409003437737E-03, -8.346009427824016E-04,  1.125768389147841E-01,  1.949207542152741E+01,  1.336102343127079E-03

2461222.500000000, A.D. 2026-Jul-01,  9.257197555341197E+00,  1.711825699184055E+01, -6.066860655055697E-02, -5.784495956444207E-03,  3.117867095152077E-03,  4.286555628554236E-04,  1.123978947627910E-01,  1.946109220206137E+01, -1.036825473376697E-05

2461406.500000000, A.D. 2027-Jan-01,  8.606037668889293E+00,  1.741819736513995E+01, -4.509551123748331E-02, -3.976052748135298E-03,  6.397791734168222E-04, -1.524009822225382E-03,  1.122086033549998E-01,  1.942831741079097E+01, -1.184123839587921E-03

2461587.500000000, A.D. 2027-Jul-01,  7.947300566165156E+00,  1.768602182158594E+01, -3.940800324971822E-02, -5.031927355396033E-03,  7.486493084919053E-04,  1.408767668328020E-03,  1.119849781746268E-01,  1.938959791107859E+01, -1.382448875810558E-03

2461771.500000000, A.D. 2028-Jan-01,  7.285868246005649E+00,  1.792923138801804E+01, -2.907303022730819E-02, -3.195742248984266E-03,  9.014876063602587E-04, -1.801759689139613E-03,  1.117741211343447E-01,  1.935308914629216E+01, -3.652333960275826E-04

2461953.500000000, A.D. 2028-Jul-01,  6.609849385891332E+00,  1.815539108906395E+01, -1.711603149277497E-02, -2.135981636599613E-03,  2.057492647793588E-03,  1.609908597402752E-03,  1.115899235648699E-01,  1.932119632578595E+01,  1.201194332743548E-03

2462137.500000000, A.D. 2029-Jan-01,  5.923342520400974E+00,  1.836061325850440E+01, -1.270120316644095E-02, -6.387028616761564E-03,  2.168910476139144E-03,  4.075044358902408E-05,  1.114238447713132E-01,  1.929244067408060E+01,  1.031207359386907E-04

2462318.500000000, A.D. 2029-Jul-01,  5.231771747995747E+00,  1.853521112371032E+01,  4.658905605995453E-03, -3.316642609254034E-03,  5.398453615007417E-04,  9.443257908587759E-04,  1.112331707467573E-01,  1.925942649013835E+01, -3.811832003803628E-04

2462502.500000000, A.D. 2030-Jan-01,  4.521914805217762E+00,  1.867856143267207E+01,  8.054693501566951E-03, -5.178015529344972E-03,  4.891644765113873E-05,  1.050321761429599E-03,  1.109946493207583E-01,  1.921812778544881E+01, -1.170373953306556E-03

2462683.500000000, A.D. 2030-Jul-01,  3.827738872823255E+00,  1.879661607866011E+01,  2.412188047295654E-02, -1.279514436152953E-03, -5.501028846638254E-04, -5.522517665860198E-04,  1.107883740461802E-01,  1.918241232880222E+01, -7.950533521060757E-04

2462867.500000000, A.D. 2031-Jan-01,  3.113244066898778E+00,  1.889466758835925E+01,  2.828277061377448E-02, -3.589801301177196E-03,  1.693093211086320E-03,  1.734927478527636E-03,  1.105980170813683E-01,  1.914945304205286E+01,  1.089512808926603E-03

2463048.500000000, A.D. 2031-Jul-01,  2.412376215396107E+00,  1.896646799805972E+01,  4.089061023114161E-02, -3.127200582378042E-03,  1.023564856644326E-03, -1.371128492602459E-03,  1.104239441925479E-01,  1.911931325565951E+01,  6.178757235183046E-04

2463232.500000000, A.D. 2032-Jan-01,  1.676660242659421E+00,  1.901536068306961E+01,  5.061887027452618E-02, -4.266628310431109E-03,  3.766307405202859E-05,  1.814887044789445E-03,  1.102500452735523E-01,  1.908920359120757E+01, -3.324204469070760E-04

2463414.500000000, A.D. 2032-Jul-01,  9.611642939913135E-01,  1.902686091291550E+01,  5.665176562821344E-02, -5.318468038558510E-03, -1.072634985527092E-03, -1.469195738150968E-03,  1.100305943952229E-01,  1.905120684948920E+01, -1.343958468996086E-03

2463598.500000000, A.D. 2033-Jan-01,  2.331451533379170E-01,  1.901194616131502E+01,  7.139668458200696E-02, -1.107885443191663E-03, -9.084902855851765E-04, -1.502670565421632E-04,  1.098128737987517E-01,  1.901350969678758E+01, -9.225648167292083E-04

2463779.500000000, A.D. 2033-Jul-01, -4.788852994935799E-01,  1.897382315654006E+01,  7.254434428991642E-02, -4.655188072991087E-03,  5.541052046017498E-04, -6.189312819723248E-04,  1.096193621202365E-01,  1.898000418829288E+01,  6.690143588369889E-04

2463963.500000000, A.D. 2034-Jan-01, -1.203453836320125E+00,  1.891551600686450E+01,  8.823342514119394E-02, -3.191952929573142E-03,  1.343375223321390E-04, -1.054242742965520E-03,  1.094689788406372E-01,  1.895396613058631E+01,  3.318256485724503E-04

2464144.500000000, A.D. 2034-Jul-01, -1.925286587698329E+00,  1.882655859311327E+01,  9.111118026477376E-02, -6.680899969489224E-03,  1.648642955078224E-04,  8.627126903922235E-04,  1.093014880625600E-01,  1.892496600133981E+01,  8.478259456115931E-04

2464328.500000000, A.D. 2035-Jan-01, -2.649811746950172E+00,  1.870223042818525E+01,  1.047848343018178E-01, -4.016350087693847E-03, -2.143365157605194E-03, -1.737342156387518E-03,  1.090955367376075E-01,  1.888930663483213E+01, -1.568357436815273E-03

2464509.500000000, A.D. 2035-Jul-01, -3.365310225237349E+00,  1.855395974444024E+01,  1.108382428201750E-01, -4.088613295246810E-03, -1.451135609444636E-03,  1.524054223369434E-03,  1.089090366534385E-01,  1.885701514626500E+01, -6.891830949352146E-04

2464693.500000000, A.D. 2036-Jan-01, -4.068271617603882E+00,  1.837508614296401E+01,  1.184425036011729E-01, -3.889476139310128E-03, -4.182687385811409E-04, -1.589190995876488E-03,  1.086977488977851E-01,  1.882043180542382E+01,  4.223863514131785E-04

2464875.500000000, A.D. 2036-Jul-01, -4.774574539604158E+00,  1.817970166354812E+01,  1.310922311716636E-01, -2.777957830294651E-03, -8.176031460440335E-05,  1.505297725813528E-03,  1.085605884627549E-01,  1.879668321228307E+01,  6.370550220701967E-04

2465059.500000000, A.D. 2037-Jan-01, -5.480237423394573E+00,  1.795114190306717E+01,  1.338827525266718E-01, -6.691816267852702E-03, -9.941035222215061E-04,  4.474662800201030E-04,  1.084036362752514E-01,  1.876950778343035E+01,  1.006278735861974E-03

2465240.500000000, A.D. 2037-Jul-01, -6.166968714533411E+00,  1.769578491777933E+01,  1.497533082170340E-01, -2.718547008702670E-03, -2.708911467895082E-03,  4.786784734239294E-04,  1.082343126978593E-01,  1.874019031481971E+01, -1.659504846968316E-03

2465424.500000000, A.D. 2038-Jan-01, -6.853850417667212E+00,  1.740276862640055E+01,  1.509486705765400E-01, -3.950616948263292E-03, -1.906711635204943E-03,  1.254217213725465E-03,  1.080275784545461E-01,  1.870439539020005E+01, -3.162786745789914E-04

2465605.500000000, A.D. 2038-Jul-01, -7.509237539498883E+00,  1.709380798776756E+01,  1.639402561647227E-01, -9.612703733538701E-04, -2.055346726130137E-03, -9.374163943184857E-04,  1.078358713125127E-01,  1.867120232751165E+01, -1.503329807208867E-03

2465789.500000000, A.D. 2039-Jan-01, -8.174114725299805E+00,  1.676054308141043E+01,  1.674372654572127E-01, -3.740389710907400E-03, -5.205428920123666E-04,  1.892478913778632E-03,  1.077037376011496E-01,  1.864832408459382E+01,  1.188667916789594E-03

2465970.500000000, A.D. 2039-Jul-01, -8.808329982799892E+00,  1.640300845101189E+01,  1.763195602502986E-01, -3.822526022816504E-03, -1.784464295141516E-03, -1.499148525736019E-03,  1.075358168008066E-01,  1.861924949930006E+01,  2.220905012535533E-04

2466154.500000000, A.D. 2040-Jan-01, -9.457565025980509E+00,  1.601264196392626E+01,  1.848056983707636E-01, -2.926728664948936E-03, -3.191350937027576E-03,  1.505444843374672E-03,  1.074129017424724E-01,  1.859796741667465E+01, -1.244438059791328E-03

2466336.500000000, A.D. 2040-Jul-01, -1.006684832419865E+01,  1.559486750615469E+01,  1.860532633739529E-01, -4.100927422301121E-03, -3.247383789722240E-03, -1.347760649813951E-03,  1.072095427276626E-01,  1.856275689475442E+01, -5.176957773638152E-04

2466520.500000000, A.D. 2041-Jan-01, -1.066747419629024E+01,  1.515426137272383E+01,  1.978913454018503E-01, -5.197280516331921E-04, -2.362949345874133E-03, -5.272637146077863E-04,  1.070398183199445E-01,  1.853337002452421E+01, -1.638606864465443E-03

2466701.500000000, A.D. 2041-Jul-01, -1.124465620190811E+01,  1.470035087461793E+01,  1.959120288666968E-01, -4.621138199347096E-03, -1.106351263037738E-03, -1.410234314585240E-04,  1.068987426315658E-01,  1.850894352628062E+01,  1.927269934056836E-03

2466885.500000000, A.D. 2042-Jan-01, -1.181531704654348E+01,  1.421995396213919E+01,  2.081615782781649E-01, -3.161799063972339E-03, -2.826828891974745E-03, -1.293233156978714E-03,  1.067849668984154E-01,  1.848924386875705E+01, -1.681474808561530E-04

2467066.500000000, A.D. 2042-Jul-01, -1.236695587817973E+01,  1.371963357392218E+01,  2.083421997154094E-01, -5.350283123843941E-03, -2.974362759135151E-03,  1.151053178862878E-03,  1.066851503708312E-01,  1.847196117275367E+01,  1.385849659868615E-03

2467250.500000000, A.D. 2043-Jan-01, -1.289421771665434E+01,  1.318249002497361E+01,  2.161116874316165E-01, -2.424878835217032E-03, -4.127334434919770E-03, -1.881127061891109E-03,  1.065087007697335E-01,  1.844140987138608E+01, -1.276917713347966E-03

2467431.500000000, A.D. 2043-Jul-01, -1.340158660533514E+01,  1.264048135313361E+01,  2.194160446561005E-01, -2.026468478301130E-03, -2.916058647926270E-03,  1.611526742332341E-03,  1.064063722688913E-01,  1.842369224069566E+01, -5.074388566104608E-04

2467615.500000000, A.D. 2044-Jan-01, -1.387979241938863E+01,  1.207242359076766E+01,  2.214226690665057E-01, -3.672236586911226E-03, -1.922863983615355E-03, -1.258920121468763E-03,  1.062508714687829E-01,  1.839676811178035E+01,  1.493604713783623E-03

2467797.500000000, A.D. 2044-Jul-01, -1.434908073444060E+01,  1.149607333248642E+01,  2.312763391123402E-01, -1.954644880548998E-03, -2.672480689518076E-03,  1.284053555467483E-03,  1.061987807083906E-01,  1.838774887620649E+01, -1.293636104493687E-04

2467981.500000000, A.D. 2045-Jan-01, -1.479969965362996E+01,  1.088707252491799E+01,  2.289371310070077E-01, -4.717708183943040E-03, -3.789620363793193E-03,  7.302985823150217E-04,  1.061206302285824E-01,  1.837421754008678E+01,  1.563603175636749E-03

2468162.500000000, A.D. 2045-Jul-01, -1.521363717417302E+01,  1.026995212888062E+01,  2.394784019573066E-01, -2.901001118996295E-04, -4.969916614967180E-03, -6.494510215845340E-05,  1.060219095016482E-01,  1.835712457608443E+01, -2.540859851420269E-03

2468346.500000000, A.D. 2046-Jan-01, -1.560930316705086E+01,  9.625274247859982E+00,  2.357307303638029E-01, -1.773663048211719E-03, -2.959070139455936E-03,  1.456279510683952E-03,  1.059224108027679E-01,  1.833989691041524E+01, -2.469629708004651E-05

2468527.500000000, A.D. 2046-Jul-01, -1.596664145887971E+01,  8.981190443833610E+00,  2.425357884455305E-01,  8.083184688606309E-06, -3.111889986561061E-03, -1.213972121703456E-03,  1.058125153812745E-01,  1.832086910802818E+01, -1.548614830427901E-03

2468711.500000000, A.D. 2047-Jan-01, -1.632119939511727E+01,  8.318084540098919E+00,  2.426648932172056E-01, -2.368166737366981E-03, -2.862511173588158E-03,  1.911790252991371E-03,  1.058088461284314E-01,  1.832023379659248E+01,  8.353952318561143E-04

2468892.500000000, A.D. 2047-Jul-01, -1.663315986986175E+01,  7.644082290381419E+00,  2.446154430381156E-01, -2.552841941142368E-03, -4.314747390021185E-03, -1.643785166436989E-03,  1.057336111863638E-01,  1.830720727018391E+01,  4.958401708826092E-04

2469076.500000000, A.D. 2048-Jan-01, -1.693715312829955E+01,  6.943423219744278E+00,  2.484641055208601E-01,  1.309624072300610E-04, -5.088255559926204E-03,  1.076909408822555E-03,  1.057314309719185E-01,  1.830682977775463E+01, -2.036424070562000E-03

2469258.500000000, A.D. 2048-Jul-01, -1.719380808833641E+01,  6.237489191672918E+00,  2.425258917804734E-01, -1.808373829319983E-03, -3.994092326576036E-03, -1.115522526811298E-03,  1.056449703059201E-01,  1.829185957749957E+01,  3.230498099487211E-04

2469442.500000000, A.D. 2049-Jan-01, -1.742739929089721E+01,  5.522853744368375E+00,  2.490337621227168E-01,  6.480520902396993E-04, -3.283992188136910E-03, -8.304647767263761E-04,  1.055953950726087E-01,  1.828327589193811E+01, -1.621027054093918E-03

2469623.500000000, A.D. 2049-Jul-01, -1.763778345362425E+01,  4.809770406943549E+00,  2.419793829096665E-01, -3.421769135118449E-03, -2.582568528106358E-03,  3.330940063994882E-04,  1.055962911254664E-01,  1.828343103868102E+01,  2.625954785711143E-03

2469807.500000000, A.D. 2050-Jan-01, -1.782208576651499E+01,  4.074876278529490E+00,  2.477723542528281E-01, -1.247628236979475E-03, -5.001204856506842E-03, -1.564642152666591E-03,  1.055976965571918E-01,  1.828367438164087E+01,  8.031051690971414E-05

2469988.500000000, A.D. 2050-Jul-01, -1.798111769747099E+01,  3.341560864893010E+00,  2.430650970220445E-01, -2.139937770965785E-03, -4.741382295369964E-03,  1.311412276719395E-03,  1.056376411150195E-01,  1.829059056743328E+01,  1.254941105862413E-03

2470172.500000000, A.D. 2051-Jan-01, -1.809449284417587E+01,  2.586072687241203E+00,  2.427432236631913E-01, -4.811212626064714E-05, -4.424830901593746E-03, -1.878483753411673E-03,  1.055763119913742E-01,  1.827997175884748E+01, -6.033028476915157E-04

2470353.500000000, A.D. 2051-Jul-01, -1.819049903138956E+01,  1.847706607716412E+00,  2.417247265918283E-01,  4.609601853801157E-04, -3.158237360601556E-03,  1.696602718036309E-03,  1.056093767716158E-01,  1.828569674807687E+01, -7.552614050042510E-04

2470537.500000000, A.D. 2052-Jan-01, -1.824754309499555E+01,  1.096201685684255E+00,  2.367753372211265E-01, -2.462591351420073E-03, -2.992515535406154E-03, -8.800450927413727E-04,  1.055878722382424E-01,  1.828197335354510E+01,  2.267122233520364E-03

2470719.500000000, A.D. 2052-Jul-01, -1.828883361840708E+01,  3.499267805807530E-01,  2.417228120314699E-01,  3.780604432963178E-04, -4.516955405769732E-03,  9.192230180230752E-04,  1.056560502341409E-01,  1.829377800760141E+01, -4.522133717856070E-04

2470903.500000000, A.D. 2053-Jan-01, -1.829707385082122E+01, -4.147164314081943E-01,  2.326077848928153E-01, -1.234405374793452E-03, -4.803122345789505E-03,  9.339827393823537E-04,  1.057107633215137E-01,  1.830325128501705E+01,  1.354687827497745E-03

2471084.500000000, A.D. 2053-Jul-01, -1.826599657985908E+01, -1.163087528965514E+00,  2.361288451228885E-01,  2.872834889556045E-03, -5.209783035341132E-03, -5.762263606337211E-04,  1.057180447505401E-01,  1.830451202537117E+01, -2.543188378398252E-03

2471268.500000000, A.D. 2054-Jan-01, -1.820802384475023E+01, -1.917338670080048E+00,  2.270064690242397E-01,  6.050390556692936E-04, -2.813168437752623E-03,  1.657388190168799E-03,  1.057503323684849E-01,  1.831010245312014E+01, -2.865375054050094E-04

2471449.500000000, A.D. 2054-Jul-01, -1.811592384740689E+01, -2.654825458937160E+00,  2.265514776962206E-01,  1.325257385192442E-03, -3.382974408724586E-03, -1.406205166136361E-03,  1.057544752429225E-01,  1.831081976959286E+01, -8.380636876214742E-04

2471633.500000000, A.D. 2055-Jan-01, -1.801258519540026E+01, -3.397745567681608E+00,  2.222942662076022E-01,  3.494683265990172E-04, -4.225369265512172E-03,  1.755349260923585E-03,  1.058744534933400E-01,  1.833159335969030E+01,  4.610677095987672E-04

2471814.500000000, A.D. 2055-Jul-01, -1.786619125911756E+01, -4.131682683345660E+00,  2.162607985190120E-01,  1.232978186329877E-04, -5.230188549405370E-03, -1.786599916283036E-03,  1.059171424422404E-01,  1.833898472206690E+01,  1.037148229000156E-03

2471998.500000000, A.D. 2056-Jan-01, -1.769668894334047E+01, -4.871316849564684E+00,  2.145600725036254E-01,  3.613305807732818E-03, -4.794762849727310E-03,  6.349509839205750E-04,  1.060163312571808E-01,  1.835615873299515E+01, -2.203647578794026E-03

2472180.500000000, A.D. 2056-Jul-01, -1.748968701994917E+01, -5.591827289510564E+00,  2.016130216616645E-01,  4.586621892482328E-04, -3.046447317763889E-03, -7.434099855750923E-04,  1.060556171852951E-01,  1.836296088058777E+01,  4.826818525511740E-04

2472364.500000000, A.D. 2057-Jan-01, -1.725711176198387E+01, -6.302332714300404E+00,  2.025521338635054E-01,  2.064103264591394E-03, -3.342555694757479E-03, -1.089250563330958E-03,  1.061137872853807E-01,  1.837303272119972E+01, -8.041782143975955E-04

2472545.500000000, A.D. 2057-Jul-01, -1.701131761230720E+01, -6.995943227261967E+00,  1.905444591999641E-01, -1.302972902540460E-03, -3.132232493014667E-03,  7.333742270050082E-04,  1.062388434778394E-01,  1.839468552970661E+01,  2.403843594125445E-03

2472729.500000000, A.D. 2058-Jan-01, -1.672783693521918E+01, -7.695979261471016E+00,  1.891391369729278E-01,  1.638041011561415E-03, -5.186760789590301E-03, -1.819014620508041E-03,  1.063518064233578E-01,  1.841424445741421E+01,  6.610248771804562E-04

2472910.500000000, A.D. 2058-Jul-01, -1.642926450525487E+01, -8.370916773350855E+00,  1.798698550819945E-01,  1.578782430167122E-03, -4.208589977016544E-03,  1.411419143728256E-03,  1.064992633829449E-01,  1.843977583851717E+01,  5.176523906653569E-04

2473094.500000000, A.D. 2059-Jan-01, -1.608056146247539E+01, -9.043825942329461E+00,  1.722045797550282E-01,  1.888513652455930E-03, -2.951670925993137E-03, -1.695212546003199E-03,  1.065586887077014E-01,  1.845006501454368E+01, -2.149523661991893E-04

2473275.500000000, A.D. 2059-Jul-01, -1.573075773687436E+01, -9.684317376155679E+00,  1.676836268116948E-01,  2.528771084245734E-03, -2.210603042955520E-03,  1.752648182642018E-03,  1.066941406859788E-01,  1.847351779756752E+01, -9.785582600946726E-04

2473459.500000000, A.D. 2060-Jan-01, -1.534457908553020E+01, -1.032213367341420E+01,  1.566845162982070E-01, -6.677719244433870E-04, -3.018547868006984E-03, -5.146457214466497E-04,  1.068122900129901E-01,  1.849397471939360E+01,  2.234451885544209E-03

2473641.500000000, A.D. 2060-Jul-01, -1.494612025807535E+01, -1.094116998105577E+01,  1.570167802121999E-01,  3.358852645781849E-03, -4.612802826183535E-03,  4.355557266337870E-04,  1.069828626615321E-01,  1.852350845796969E+01,  1.814093674100215E-05

2473825.500000000, A.D. 2061-Jan-01, -1.451457270285699E+01, -1.155670936835213E+01,  1.424400125048969E-01,  2.159655865915531E-03, -3.483249999471158E-03,  1.132740353817566E-03,  1.071589243713447E-01,  1.855399259804319E+01,  4.888313566179533E-04

2474006.500000000, A.D. 2061-Jul-01, -1.405856346003811E+01, -1.213898315168384E+01,  1.401562242900079E-01,  5.220527208047504E-03, -3.383922003833312E-03, -9.725429998548545E-04,  1.072782532878826E-01,  1.857465375946454E+01, -1.747114602140581E-03

2474190.500000000, A.D. 2062-Jan-01, -1.358350622354350E+01, -1.270529214497979E+01,  1.279152789952482E-01,  2.369591777122569E-03, -1.665387940452618E-03,  1.813521732715502E-03,  1.074234691076745E-01,  1.859979709924091E+01, -5.804443531086454E-04

2474371.500000000, A.D. 2062-Jul-01, -1.308819261713346E+01, -1.324780777608085E+01,  1.217191943907691E-01,  2.452793993439443E-03, -2.744568201575830E-03, -1.559456344410805E-03,  1.075580800633885E-01,  1.862310426372194E+01,  2.183876489662631E-04

2474555.500000000, A.D. 2063-Jan-01, -1.258244985139506E+01, -1.378095990233581E+01,  1.145212243416473E-01,  3.378334287834213E-03, -3.862822251737508E-03,  1.443778791507385E-03,  1.077789738704264E-01,  1.866135084080152E+01,  5.836137057233990E-04

2474736.500000000, A.D. 2063-Jul-01, -1.204693297667607E+01, -1.429043416197759E+01,  1.024070138354042E-01,  2.748613411814780E-03, -3.956572967243224E-03, -1.857619335930924E-03,  1.079505389541378E-01,  1.869105641420046E+01,  1.243297873620083E-03

2474920.500000000, A.D. 2064-Jan-01, -1.148882915917254E+01, -1.478242573076487E+01,  9.742206496138003E-02,  5.908307569580122E-03, -2.600048767229706E-03,  2.549483869072166E-04,  1.081307215148192E-01,  1.872225405748394E+01, -1.571374408240172E-03

2475102.500000000, A.D. 2064-Jul-01, -1.091607507090784E+01, -1.524325799293357E+01,  8.048945513816486E-02,  1.639671674997594E-03, -9.985323077071470E-04, -2.664695429606966E-04,  1.082850525346592E-01,  1.874897564522438E+01, -1.439727457466161E-04

2475286.500000000, A.D. 2065-Jan-01, -1.032537529357015E+01, -1.568242237320347E+01,  7.797619063665266E-02,  3.171960003152164E-03, -2.542570408334559E-03, -1.341813274126344E-03,  1.084441544422113E-01,  1.877652328656527E+01,  3.737303234262653E-04

2475467.500000000, A.D. 2065-Jul-01, -9.736898500118576E+00, -1.609722542384787E+01,  6.357282973408133E-02,  9.402215520027420E-04, -2.428044842034279E-03,  1.024527176398428E-03,  1.086552763099849E-01,  1.881307790481042E+01,  1.594373636545444E-03

2475651.500000000, A.D. 2066-Jan-01, -9.109975245639934E+00, -1.650159652943736E+01,  5.704526812268918E-02,  3.934734953991133E-03, -3.256894074976732E-03, -1.967276381577486E-03,  1.088647045266745E-01,  1.884933927646077E+01,  9.436081480543465E-04

2475832.500000000, A.D. 2066-Jul-01, -8.488777332017854E+00, -1.686820624059066E+01,  4.618375899098581E-02,  4.149106130179282E-03, -1.755791623824422E-03,  1.522869023123960E-03,  1.090637258595326E-01,  1.888379875203282E+01, -2.930263712588984E-04

2476016.500000000, A.D. 2067-Jan-01, -7.828623093486782E+00, -1.721280879530023E+01,  3.451539539051575E-02,  2.462997994358973E-03, -5.889081693586078E-04, -1.362279417836037E-03,  1.092121833175839E-01,  1.890950336407486E+01, -4.861121255512667E-04

2476197.500000000, A.D. 2067-Jul-01, -7.186409415034447E+00, -1.752338990002150E+01,  2.928921916117729E-02,  3.622434609536039E-03, -7.188323081029529E-04,  1.723145513442224E-03,  1.093869345599359E-01,  1.893976060374127E+01, -7.067380665023871E-04

2476381.500000000, A.D. 2068-Jan-01, -6.518378413202648E+00, -1.781974388164884E+01,  1.499771512678091E-02,  1.016887162660179E-03, -1.913000763828779E-03, -1.950797839773712E-04,  1.095877405728579E-01,  1.897452908708742E+01,  1.447087432316778E-03

2476563.500000000, A.D. 2068-Jul-01, -5.847539494645722E+00, -1.808916603506050E+01,  1.304307354654045E-02,  5.717291345369769E-03, -2.905759689758626E-03, -9.138637636030274E-05,  1.097974212854465E-01,  1.901083417704745E+01,  1.006241514927922E-03

2476747.500000000, A.D. 2069-Jan-01, -5.157111463109051E+00, -1.833533452282504E+01, -3.379704285580822E-03,  4.026042958914802E-03, -6.103908263637945E-04,  1.368902291022936E-03,  1.100050988736153E-01,  1.904679243676561E+01, -5.027439039972444E-04

2476928.500000000, A.D. 2069-Jul-01, -4.463999680240155E+00, -1.854607289015349E+01, -8.374935788082587E-03,  5.741661848398347E-03, -5.744431386485820E-04, -1.230953084420572E-03,  1.101723354649878E-01,  1.907574855494850E+01, -7.845984726900493E-04

2477112.500000000, A.D. 2070-Jan-01, -3.770082630082821E+00, -1.872775984519392E+01, -2.015993307371413E-02,  3.193973754441540E-03, -1.773032356959563E-04,  1.860613847736491E-03,  1.103324944249277E-01,  1.910347921923678E+01, -4.584799608909721E-04

2477293.500000000, A.D. 2070-Jul-01, -3.071081073378807E+00, -1.888863058591197E+01, -2.917580348506477E-02,  3.038842263677590E-03, -1.441650575028975E-03, -1.698328286984784E-03,  1.105242814803274E-01,  1.913668611849563E+01,  9.378752499751573E-04

2477477.500000000, A.D. 2071-Jan-01, -2.369732502403677E+00, -1.902837166799983E+01, -3.646952267661142E-02,  5.559182217831131E-03, -1.907551421159105E-03,  1.048819502334435E-03,  1.107478629682412E-01,  1.917539805309321E+01,  1.203916216952258E-03

2477658.500000000, A.D. 2071-Jul-01, -1.659606858364279E+00, -1.914040673636478E+01, -5.112710311971312E-02,  3.995504394718677E-03, -1.063093478401408E-03, -1.776452400202964E-03,  1.109609318655451E-01,  1.921228978905121E+01,  7.187014195570479E-04

2477842.500000000, A.D. 2072-Jan-01, -9.408099876792921E-01, -1.921922143651001E+01, -5.566827101663881E-02,  6.189807344957734E-03,  2.666806327723270E-04, -5.176104692914729E-05,  1.111343442907599E-01,  1.924231521971618E+01, -5.688476221833628E-04

2478024.500000000, A.D. 2072-Jul-01, -2.324443830915300E-01, -1.927065981416173E+01, -7.256295036903906E-02,  1.484559716771191E-03,  1.127485522141179E-03,  2.379094145755703E-04,  1.113069342887799E-01,  1.927219825152660E+01, -1.146196745739422E-03

2478208.500000000, A.D. 2073-Jan-01,  4.824286357828140E-01, -1.929889999950166E+01, -7.567069472651188E-02,  3.639892945007151E-03, -1.125798974258559E-03, -1.596173831415497E-03,  1.114968270991680E-01,  1.930507717242873E+01,  1.222655251958817E-03

2478389.500000000, A.D. 2073-Jul-01,  1.179123173422467E+00, -1.930422859335563E+01, -8.894340770077618E-02,  2.527677692769766E-03, -6.380102361368068E-04,  1.226045434952133E-03,  1.117008962259550E-01,  1.934041064642642E+01,  7.852827121640892E-04

2478573.500000000, A.D. 2074-Jan-01,  1.904637706069901E+00, -1.928738700305954E+01, -9.709243506465973E-02,  4.482414695268101E-03, -9.242426793706190E-05, -1.934285878211615E-03,  1.119378847560636E-01,  1.938144393842007E+01,  5.421579128179936E-04

2478754.500000000, A.D. 2074-Jul-01,  2.601915748003804E+00, -1.923606365002549E+01, -1.056398941856737E-01,  4.669623493877929E-03,  1.342065633771778E-03,  1.662114532716352E-03,  1.121116136094379E-01,  1.941152415692250E+01, -7.130650091791286E-04

2478938.500000000, A.D. 2075-Jan-01,  3.317923242091771E+00, -1.915585147303205E+01, -1.172930378776554E-01,  1.624756705638981E-03,  1.555554420696521E-03, -9.546662081618375E-04,  1.122843082478144E-01,  1.944142530664899E+01, -1.249660213784507E-03

2479119.500000000, A.D. 2075-Jul-01,  4.003308453354535E+00, -1.905273607214911E+01, -1.200108220276721E-01,  3.750678308206103E-03,  6.578575422993958E-04,  1.559885082377848E-03,  1.124444076975035E-01,  1.946914566705677E+01,  1.178240174877607E-04

2479303.500000000, A.D. 2076-Jan-01,  4.701163198413166E+00, -1.893171274105375E+01, -1.342192091141577E-01,  1.952184842615806E-03,  2.276460820901074E-05,  1.011978641955567E-04,  1.126638722791911E-01,  1.950714478143807E+01,  4.476812940017371E-04

2479485.500000000, A.D. 2076-Jul-01,  5.391349473747469E+00, -1.878453091867780E+01, -1.353168856806201E-01,  6.448930593235281E-03, -1.432318257243112E-04, -5.584490225318702E-04,  1.128731287347330E-01,  1.954337641356759E+01,  1.920576465764267E-03

2479669.500000000, A.D. 2077-Jan-01,  6.080393557144204E+00, -1.860519766594665E+01, -1.492381559229017E-01,  3.833324885467476E-03,  2.361768535727151E-03,  1.628771389954201E-03,  1.130507868783624E-01,  1.957413696758789E+01, -1.066515544751976E-03

2479850.500000000, A.D. 2077-Jul-01,  6.756036080973908E+00, -1.840336325567471E+01, -1.535449377515828E-01,  4.426611339837283E-03,  1.842529483119459E-03, -1.388095436493613E-03,  1.132283524987110E-01,  1.960488150169872E+01, -1.932813738777779E-04

2480034.500000000, A.D. 2078-Jan-01,  7.414569514229949E+00, -1.817182702889142E+01, -1.615335902949215E-01,  3.234144182202254E-03,  1.073126576962932E-03,  1.752875241414507E-03,  1.133558191446544E-01,  1.962695166728880E+01,  2.137860306250548E-04

2480215.500000000, A.D. 2078-Jul-01,  8.069341533624147E+00, -1.792891198122752E+01, -1.703339891427415E-01,  2.930224540697579E-03,  1.743727039570415E-04, -1.810202298149077E-03,  1.135574964002627E-01,  1.966187100162985E+01,  1.059258740167399E-03

2480399.500000000, A.D. 2079-Jan-01,  8.716463171360248E+00, -1.765842740984752E+01, -1.746554246144681E-01,  6.109011047635137E-03,  8.019487603824799E-04,  6.633983804591038E-04,  1.137391952897513E-01,  1.969333118910767E+01,  1.978941466959180E-03

2480580.500000000, A.D. 2079-Jul-01,  9.353469963456279E+00, -1.736693181798192E+01, -1.881763369762479E-01,  3.289666918291237E-03,  2.158515298453820E-03, -1.506460530420791E-03,  1.139305177783706E-01,  1.972645765112199E+01, -3.261359538379015E-04

2480764.500000000, A.D. 2080-Jan-01,  9.981413487103064E+00, -1.703830172759604E+01, -1.889231089898449E-01,  4.713000793575295E-03,  2.457815901674717E-03, -3.232276814824638E-04,  1.140526736410045E-01,  1.974760828308673E+01,  2.646632374755020E-04

2480946.500000000, A.D. 2080-Jul-01,  1.058280708627522E+01, -1.669579426322635E+01, -2.024378352960351E-01,  4.972039033858690E-04,  2.545850449064495E-03,  6.834257972667658E-04,  1.141722737048465E-01,  1.976831639220847E+01, -1.890982156890474E-03

2481130.500000000, A.D. 2081-Jan-01,  1.118259956924688E+01, -1.633449512698767E+01, -2.038966936861702E-01,  3.355234709975101E-03,  5.894648966291307E-04, -1.815036595521993E-03,  1.143359859888300E-01,  1.979666229548306E+01,  1.427599980233317E-03

2481311.500000000, A.D. 2081-Jul-01,  1.175224781706670E+01, -1.595637335103479E+01, -2.129934529386960E-01,  2.971279466572419E-03,  1.674633421105773E-03,  1.386932138157118E-03,  1.144611779729907E-01,  1.981833861559433E+01,  3.987584035081703E-04

2481495.500000000, A.D. 2082-Jan-01,  1.233520970532594E+01, -1.555108558775900E+01, -2.195158672060027E-01,  3.054171235440697E-03,  2.962153509334878E-03, -1.706538680059042E-03,  1.146468536674405E-01,  1.985048736550637E+01, -4.038312821612533E-04

2481676.500000000, A.D. 2082-Jul-01,  1.287462375274866E+01, -1.512560676402158E+01, -2.227256107885076E-01,  3.357925928116582E-03,  3.706827545683860E-03,  1.779408906493284E-03,  1.147264992570965E-01,  1.986427757187148E+01, -6.661356181528392E-04

2481860.500000000, A.D. 2083-Jan-01,  1.341242018638120E+01, -1.467599443461085E+01, -2.315020311390931E-01,  5.422827136101883E-05,  2.828933737259421E-03, -5.518531113903260E-04,  1.148343015978617E-01,  1.988294296856469E+01, -2.045086000122702E-03

2482041.500000000, A.D. 2083-Jul-01,  1.391642653287462E+01, -1.421835999734755E+01, -2.295716437953063E-01,  3.301884053492189E-03,  1.653075339509906E-03,  1.251224771711994E-03,  1.149141504615392E-01,  1.989676837073560E+01,  1.113706529126486E-03

2482225.500000000, A.D. 2084-Jan-01,  1.441928302617228E+01, -1.374369995750071E+01, -2.410054455351936E-01,  1.787483549238673E-03,  2.281447905180388E-03,  4.198068921227793E-04,  1.150565438394015E-01,  1.992142301984080E+01, -2.852446844677573E-04

2482407.500000000, A.D. 2084-Jul-01,  1.490511590178442E+01, -1.325065741567233E+01, -2.387797272716983E-01,  5.270480685180071E-03,  2.600767402668840E-03, -9.035955062643703E-04,  1.151921908397825E-01,  1.994490956989514E+01,  2.221670032314671E-03

2482591.500000000, A.D. 2085-Jan-01,  1.536761425909737E+01, -1.272856347699048E+01, -2.469430919033916E-01,  2.082692982136453E-03,  4.234996493246660E-03,  1.843269549506673E-03,  1.152560905917924E-01,  1.995597346898486E+01, -1.120195015093078E-03

2482772.500000000, A.D. 2085-Jul-01,  1.581086543944523E+01, -1.220431168770487E+01, -2.483070013864720E-01,  2.071923360653918E-03,  3.075593698318371E-03, -1.508378903465946E-03,  1.153644926513636E-01,  1.997474270377045E+01, -2.203813929263247E-04

2482956.500000000, A.D. 2086-Jan-01,  1.622398463043265E+01, -1.165848784387104E+01, -2.505166354454976E-01,  2.783109119557868E-03,  1.966087964176569E-03,  1.494123917717510E-03,  1.153949104153642E-01,  1.998000937634511E+01,  1.093953643448346E-03

2483137.500000000, A.D. 2086-Jul-01,  1.662968347312489E+01, -1.111277307696697E+01, -2.568798458028069E-01,  2.032342115683586E-03,  1.861157424948753E-03, -1.844206824627152E-03,  1.155256830288463E-01,  2.000265195247032E+01,  6.793261996448365E-04

2483321.500000000, A.D. 2087-Jan-01,  1.701644634822100E+01, -1.053980591224713E+01, -2.558465992138093E-01,  4.840280669098018E-03,  3.229422790991361E-03,  3.398869182718645E-04,  1.156131846508772E-01,  2.001780238867525E+01,  2.409851343398970E-03

2483502.500000000, A.D. 2087-Jul-01,  1.738083794995339E+01, -9.961409143363026E+00, -2.654656177104336E-01,  8.955952089348041E-04,  4.460730795442033E-03, -1.083490024793288E-03,  1.157114211020954E-01,  2.003481150293665E+01, -1.426583922870579E-03

2483686.500000000, A.D. 2088-Jan-01,  1.772139764927729E+01, -9.354950050699957E+00, -2.605269972322073E-01,  2.348802630798904E-03,  3.285967471922756E-03, -6.168722182503659E-04,  1.157456093230783E-01,  2.004073100990052E+01,  5.511134156351002E-04

2483868.500000000, A.D. 2088-Jul-01,  1.803117545505863E+01, -8.751431789277534E+00, -2.686471637317041E-01, -7.038697702090859E-04,  3.097152070956371E-03,  1.017892483327380E-03,  1.157675266934398E-01,  2.004452588494094E+01, -1.999027992619141E-03

2484052.500000000, A.D. 2089-Jan-01,  1.833596618501365E+01, -8.136951064895500E+00, -2.671016633007630E-01,  2.183849875691537E-03,  2.269030875803572E-03, -1.928160180171497E-03,  1.158691868773196E-01,  2.006212780013641E+01,  1.101329793331269E-03

2484233.500000000, A.D. 2089-Jul-01,  1.860462013498498E+01, -7.515532245385303E+00, -2.699530946439377E-01,  2.064047943453272E-03,  3.731448488812549E-03,  1.557001867118503E-03,  1.158978301662598E-01,  2.006708723187853E+01,  4.951734599777734E-04

2484417.500000000, A.D. 2090-Jan-01,  1.887067969828675E+01, -6.871388748886734E+00, -2.726384177886106E-01,  2.019671516722013E-04,  4.732403404261260E-03, -1.339435504156482E-03,  1.159992213658039E-01,  2.008464257388000E+01, -1.411115203948310E-03

2484598.500000000, A.D. 2090-Jul-01,  1.909099422382229E+01, -6.226364345335532E+00, -2.690188849780327E-01,  1.110616474922055E-03,  4.482825275366648E-03,  1.798209615298645E-03,  1.159867373661751E-01,  2.008248103634998E+01, -3.581570965230058E-04

2484782.500000000, A.D. 2091-Jan-01,  1.929669535076591E+01, -5.569649041784221E+00, -2.736828541691373E-01, -1.541464297056818E-03,  3.162241949019898E-03, -2.007520377742320E-04,  1.160086352164773E-01,  2.008627253159692E+01, -2.354981607988640E-03

2484963.500000000, A.D. 2091-Jul-01,  1.947454055158521E+01, -4.917189228455843E+00, -2.663453937638448E-01,  2.519182126406520E-03,  2.258251958127076E-03,  8.386300681420756E-04,  1.160156904438444E-01,  2.008749410634781E+01,  1.878397415745622E-03

2485147.500000000, A.D. 2092-Jan-01,  1.963941490359928E+01, -4.251126071302846E+00, -2.733400954784065E-01,  4.510504380104295E-04,  4.132392458613529E-03,  7.941514430823459E-04,  1.160654184016711E-01,  2.009610423533936E+01, -4.441670858130845E-04

2485329.500000000, A.D. 2092-Jul-01,  1.978269582560950E+01, -3.579067459643364E+00, -2.666531054163279E-01,  2.593709638045725E-03,  4.249913496085550E-03, -1.125092869586574E-03,  1.161203662899171E-01,  2.010561816726593E+01,  1.810431837211112E-03

2485513.500000000, A.D. 2093-Jan-01,  1.988632838167961E+01, -2.890114974748707E+00, -2.677023295696691E-01, -1.737300096844101E-04,  4.448832797302918E-03,  1.931614620909626E-03,  1.160707466058020E-01,  2.009702678528642E+01, -8.374168091443575E-04

2485694.500000000, A.D. 2093-Jul-01,  1.997567918614941E+01, -2.217257881385582E+00, -2.655286111613415E-01, -3.403263502986110E-04,  3.033107285559571E-03, -1.629275034100019E-03,  1.160885645285127E-01,  2.010011186296918E+01, -6.512805490036188E-04

2485878.500000000, A.D. 2094-Jan-01,  2.002869704444011E+01, -1.533405787867370E+00, -2.615926291239332E-01,  1.986405192844206E-03,  2.531912084729169E-03,  1.142410721621746E-03,  1.160244665790942E-01,  2.008901364706195E+01,  1.772302690972730E-03

2486059.500000000, A.D. 2094-Jul-01,  2.007358293870311E+01, -8.594195340493309E-01, -2.645675080498776E-01,  3.175178386502052E-04,  3.255229332002500E-03, -1.737046044443496E-03,  1.160516117694385E-01,  2.009371369107298E+01,  2.008428605245123E-04

2486243.500000000, A.D. 2095-Jan-01,  2.008848708723248E+01, -1.646855577669959E-01, -2.572105523670045E-01,  2.235990029933288E-03,  4.430170417894382E-03,  7.066889426903776E-05,  1.160348336290707E-01,  2.009080864612204E+01,  2.198512551181820E-03

2486424.500000000, A.D. 2095-Jul-01,  2.007741227416691E+01,  5.171558142243962E-01, -2.618263012627594E-01, -2.254203817025519E-03,  5.073414180610872E-03, -5.922469865669544E-04,  1.160057803211482E-01,  2.008577822179383E+01, -2.114917701268435E-03

2486608.500000000, A.D. 2096-Jan-01,  2.003480541426752E+01,  1.210037918438894E+00, -2.513023924399010E-01,  5.711043777422997E-05,  2.825028037883646E-03, -9.575069104184632E-04,  1.159313239746915E-01,  2.007288650503632E+01,  2.392885213884578E-04

2486790.500000000, A.D. 2096-Jul-01,  1.996521630216600E+01,  1.886918438410104E+00, -2.535906035662205E-01, -1.746201006853633E-03,  3.035701131250452E-03,  1.251863921820367E-03,  1.158325711127682E-01,  2.005578797703307E+01, -1.468534735811871E-03

2486974.500000000, A.D. 2097-Jan-01,  1.988879397017624E+01,  2.565982369655695E+00, -2.487373220296676E-01,  1.183097095372445E-04,  3.475933042685109E-03, -1.874827593987545E-03,  1.158290621107908E-01,  2.005518041217464E+01,  5.853131059923614E-04

2487155.500000000, A.D. 2097-Jul-01,  1.977523239158636E+01,  3.239498339669928E+00, -2.446807160843865E-01,  4.146283776456768E-05,  4.755114455510190E-03,  1.737145899940226E-03,  1.157431791258560E-01,  2.004031023429513E+01,  7.883648680346872E-04

2487339.500000000, A.D. 2098-Jan-01,  1.964582518254407E+01,  3.921777674984833E+00, -2.429341399596673E-01, -3.041105396767144E-03,  4.690445164071939E-03, -9.209745741785560E-04,  1.157120167143492E-01,  2.003491463000155E+01, -2.052736757295321E-03

2487520.500000000, A.D. 2098-Jul-01,  1.948006008592272E+01,  4.586535764936171E+00, -2.326928639388397E-01, -1.043062769395086E-03,  3.625803072742970E-03,  1.660511139078436E-03,  1.155916569248080E-01,  2.001407497845269E+01, -2.036286487582507E-04

2487704.500000000, A.D. 2099-Jan-01,  1.929456684913853E+01,  5.246915429914902E+00, -2.334115960822753E-01, -2.843751462328784E-03,  2.860619081702484E-03,  1.143260391986391E-04,  1.154908599585775E-01,  1.999662252476003E+01, -1.994647409443270E-03

2487885.500000000, A.D. 2099-Jul-01,  1.909161309067730E+01,  5.893760798367090E+00, -2.210749083209649E-01,  1.364626322610896E-03,  2.476540487120521E-03,  4.052826256609187E-04,  1.154056351172485E-01,  1.998186630091341E+01,  2.029813260337688E-03

2488069.500000000, A.D. 2100-Jan-01,  1.886571542530216E+01,  6.545956704509329E+00, -2.229448896198394E-01, -1.782575446619649E-03,  4.818778419661347E-03,  1.212524012329947E-03,  1.153390636551839E-01,  1.997033980956764E+01, -1.179935970489354E-04
