epoch, x, y, z, vx, vy, vz
A.D. 1950-Jan-01, -1.395593207631415E+00,  9.044403961300015E-01,  5.339986460877013E-02, -7.890159205299190E-03, -1.141832499262906E-02,  2.942127415173921E-04
A.D. 1950-Jul-01, -1.003295602709549E+00, -1.182442912368378E+00, -9.675552512252839E-06,  1.169403532588248E-02, -6.762442521818771E-03, -6.445437016216497E-04
A.D. 1951-Jan-01,  1.268463279339790E+00, -5.455237983215488E-01, -4.275387256757808E-02,  6.749112725191777E-03,  1.502249022546183E-02, -1.523153473972478E-04
A.D. 1951-Jul-01,  2.190548852802067E-01,  1.534683625945171E+00,  2.674556309808785E-02, -1.369210061257163E-02,  1.999048036444567E-03,  4.889153427197051E-04
A.D. 1952-Jan-01, -1.612187936212217E+00,  4.061937542952263E-01,  4.832251721094083E-02, -3.458444530515768E-03, -1.343784609136280E-02,  1.116918559414738E-05
A.D. 1952-Jul-01, -4.441312177117356E-01, -1.426033577321398E+00, -1.890700891004849E-02,  1.319806660277865E-02, -1.999167407187784E-03, -2.453924015406383E-05
A.D. 1953-Jan-01,  1.391554060432598E+00,  1.088508584259400E-01, -3.209441717789252E-02, -1.016074304733894E-03,  1.623403505703768E-02,  6.230641236528078E-04
A.D. 1953-Jul-01, -3.689632748880406E-01,  1.557734573594707E+00,  4.172604953012767E-02, -1.227933046204447E-02, -2.875449999662219E-03, -1.977838530347698E-04
A.D. 1954-Jan-01, -1.636560048050668E+00, -1.523250752782586E-01,  3.722014619765435E-02,  2.421882593177902E-03, -1.375193455308612E-02, -6.839358142124271E-04
A.D. 1954-Jul-01,  1.735933788972430E-01, -1.429823691623147E+00, -3.422168813979457E-02,  1.349886709542821E-02,  3.573871264426617E-03,  1.853356645945842E-04
A.D. 1955-Jan-01,  1.233757290092275E+00,  7.293838038452887E-01, -1.519641967820882E-02, -7.319350036795855E-03,  1.414571626766431E-02,  8.473603114636588E-04
A.D. 1955-Jul-01, -8.961751648699754E-01,  1.371699727953083E+00,  5.083169580086502E-02, -1.018974067159218E-02, -6.986347603664997E-03, -4.084584039465229E-04
A.D. 1956-Jan-01, -1.458244403820566E+00, -6.794259716165791E-01,  2.176772512275158E-02,  7.282888865599395E-03, -1.226792922820791E-02, -8.901455480168849E-04
A.D. 1956-Jul-01,  7.699165531089437E-01, -1.168365462694337E+00, -4.343686146208595E-02,  1.126917544302787E-02,  8.248408859469515E-03,  2.942844899115902E-04
A.D. 1957-Jan-01,  8.384715968168311E-01,  1.226473168785563E+00,  5.002695033929615E-03, -1.208192849050986E-02,  8.672071134585443E-03,  9.616769004923469E-04
A.D. 1957-Jul-01, -1.321311449365088E+00,  1.005884194753973E+00,  5.363716902830214E-02, -7.102993930554397E-03, -9.158234396558473E-03, -4.094365233003930E-04
A.D. 1958-Jan-01, -1.079121071804082E+00, -1.125927317162294E+00,  3.033824730628437E-03,  1.162197412017508E-02, -7.904620666101484E-03, -9.114195600934288E-04
A.D. 1958-Jul-01,  1.200996314904564E+00, -6.822429263686985E-01, -4.388870573006787E-02,  6.688252430886792E-03,  1.246122045126380E-02,  3.963775484007921E-04
A.D. 1959-Jan-01,  3.107779452844445E-01,  1.509566423607751E+00,  2.395318423619203E-02, -1.408593753096869E-02,  3.280567299280435E-03,  8.028601566241066E-04
A.D. 1959-Jul-01, -1.578570437823425E+00,  5.272505599746595E-01,  4.995529432237389E-02, -3.275809719817337E-03, -1.107214429933151E-02, -4.303029276221927E-04
A.D. 1960-Jan-01, -5.531745968566483E-01, -1.398713703536841E+00, -1.565630225848834E-02,  1.434025757452315E-02, -3.093115299993134E-03, -7.822651116295390E-04
A.D. 1960-Jul-01,  1.389356591659819E+00, -4.203254864800324E-02, -3.512219564663209E-02,  1.352009560904600E-03,  1.403511802543467E-02,  3.641974487835906E-06
A.D. 1961-Jan-01, -2.778737720133613E-01,  1.568987512726610E+00,  3.972217379116984E-02, -1.308044736658860E-02, -2.450347838958289E-03,  1.360939414332422E-04
A.D. 1961-Jul-01, -1.649248877797108E+00, -2.600689197367449E-02,  4.010554189436025E-02,  1.848826003096120E-04, -1.173001256567745E-02,  3.382894977517237E-05
A.D. 1962-Jan-01,  7.312795846258976E-02, -1.446724322323668E+00, -3.211676986624918E-02,  1.418730697532807E-02,  3.066463073103493E-03, -9.980965310534255E-05
A.D. 1962-Jul-01,  1.292711420070317E+00,  5.941076455100489E-01, -1.941811860491091E-02, -4.618956816895306E-03,  1.294691865761929E-02, -3.095530565894394E-06
A.D. 1963-Jan-01, -8.174782421326057E-01,  1.413997782820692E+00,  4.978556322447528E-02, -1.112530665521643E-02, -6.917467738835444E-03, -1.495568687020885E-04
A.D. 1963-Jul-01, -1.516497180653827E+00, -5.637274485129834E-01,  2.557519333201569E-02,  4.576136750192940E-03, -1.109478518823353E-02,  5.892536337986588E-05
A.D. 1964-Jan-01,  6.712139047266701E-01, -1.234923221530952E+00, -4.242897975871053E-02,  1.221209867696580E-02,  8.899568687928594E-03,  1.965783294472880E-04
A.D. 1964-Jul-01,  9.441190215552890E-01,  1.130597315454067E+00,  3.817845334089774E-04, -9.148876742567992E-03,  1.050056331728729E-02, -6.809084524430722E-05
A.D. 1965-Jan-01, -1.264228604123055E+00,  1.073091854781855E+00,  5.363235107531081E-02, -7.405666956425902E-03, -9.418448838956241E-03, -5.518177088512888E-04
A.D. 1965-Jul-01, -1.180062673652994E+00, -1.037449736226873E+00,  7.388427111722921E-03,  8.750279525690803E-03, -9.812865987978148E-03,  1.781439908321488E-05
A.D. 1966-Jan-01,  1.146838422681076E+00, -7.719707571997378E-01, -4.442896900603843E-02,  7.244956984630232E-03,  1.255648254716274E-02,  5.859844034833186E-04
A.D. 1966-Jul-01,  4.399570370385312E-01,  1.463986044149679E+00,  1.978673847810562E-02, -1.193640505023931E-02,  5.857353354118073E-03, -2.200139208807437E-05
A.D. 1967-Jan-01, -1.549221216454714E+00,  6.100682316744866E-01,  5.094582759143420E-02, -3.551788772986066E-03, -1.140478845388429E-02, -6.497416904476290E-04
A.D. 1967-Jul-01, -6.854258510878799E-01, -1.353440726288850E+00, -1.142537834320765E-02,  1.215399584090402E-02, -5.899504623579263E-03, -6.545415075810539E-05
A.D. 1968-Jan-01,  1.376691604950644E+00, -1.614857368990714E-01, -3.729794267342901E-02,  1.177936251913076E-03,  1.451267959030349E-02,  7.014655238004737E-04
A.D. 1968-Jul-01, -1.461699513739266E-01,  1.575871304919038E+00,  3.657318474938119E-02, -1.349693928636065E-02,  1.118609452266752E-03,  4.270280153941709E-04
A.D. 1969-Jan-01, -1.651935373369047E+00,  6.239303358735742E-02,  4.199168991519774E-02,  1.274045244291723E-04, -1.158172387574714E-02, -2.674836441243957E-04
A.D. 1969-Jul-01, -7.125435413650381E-02, -1.458947170063754E+00, -2.876834022013309E-02,  1.474729715257947E-02, -6.808673486636397E-04, -5.652381187905780E-04
A.D. 1970-Jan-01,  1.326047503985488E+00,  4.961896336393760E-01, -2.226464959120717E-02, -4.355538996609361E-03,  1.308687811394472E-02,  3.128113513010513E-04
A.D. 1970-Jul-01, -7.002766568187657E-01,  1.466749171605494E+00,  4.794771445044432E-02, -1.251332735015574E-02, -3.691652432097456E-03,  4.530422835670852E-04
A.D. 1971-Jan-01, -1.551484453511176E+00, -4.803528058026745E-01,  2.815060914372071E-02,  4.491962809668204E-03, -1.097188562327609E-02, -2.282065406224104E-04
A.D. 1971-Jul-01,  5.404668127240903E-01, -1.306663071806252E+00, -4.065288980295161E-02,  1.401836253298282E-02,  5.484200849338204E-03, -5.583205588380205E-04
A.D. 1972-Jan-01,  1.022089309235082E+00,  1.046809255921678E+00, -3.241249593106484E-03, -9.167338245328904E-03,  9.800896539318744E-03,  2.138937650103775E-04
A.D. 1972-Jul-01, -1.175900502274220E+00,  1.163439312228686E+00,  5.333339130022827E-02, -1.043069560438999E-02, -8.750643127113558E-03,  5.791486213971368E-04
A.D. 1973-Jan-01, -1.245788403361168E+00, -9.712298058529979E-01,  1.035024897887594E-02,  8.048344898052302E-03, -9.538363119206431E-03,  1.183586690839791E-04
A.D. 1973-Jul-01,  1.057361272249003E+00, -8.951418589338281E-01, -4.479608368804559E-02,  1.066160715768159E-02,  1.204959598252476E-02, -5.432442496487399E-04
A.D. 1974-Jan-01,  5.281138320147486E-01,  1.424808230384141E+00,  1.682750492866852E-02, -1.147942683910215E-02,  5.936447683696932E-03, -1.387608374997546E-04
A.D. 1974-Jul-01, -1.498776529904306E+00,  7.252519965805382E-01,  5.211577192460349E-02, -6.635112144921378E-03, -1.174220382537172E-02,  3.873628719284470E-04
A.D. 1975-Jan-01, -7.739561385434975E-01, -1.315557188699650E+00, -8.483877822231452E-03,  1.146564360943360E-02, -5.972117578339266E-03,  1.041513381792711E-04
A.D. 1975-Jul-01,  1.347629057924062E+00, -3.109757469240274E-01, -3.971921121803797E-02,  4.682670305508517E-03,  1.532550966668171E-02, -2.683669932166619E-04
A.D. 1976-Jan-01, -3.943775342155244E-02,  1.572759436926287E+00,  3.389931040468922E-02, -1.237134623765530E-02,  1.093508780706505E-03, -1.990436405674590E-04
A.D. 1976-Jul-01, -1.646618149952504E+00,  1.890396579764821E-01,  4.454317002367349E-02, -1.296849426877935E-03, -1.391341102596108E-02, -2.260746119720675E-04
A.D. 1977-Jan-01, -1.710843909765324E-01, -1.459127878475900E+00, -2.631598325825328E-02,  1.400326547386122E-02, -1.564514750479261E-03, -2.313346102403002E-04
A.D. 1977-Jul-01,  1.362800573224943E+00,  3.519634641522887E-01, -2.622076428824373E-02, -2.906031448486531E-03,  1.597338365678393E-02,  4.060439594986676E-04
A.D. 1978-Jan-01, -6.151269331581789E-01,  1.497842069226259E+00,  4.648337688474571E-02, -1.213639442274294E-02, -2.946812148045915E-03,  1.394311463564188E-04
A.D. 1978-Jul-01, -1.592722768199370E+00, -3.578309727102744E-01,  3.174961517245006E-02,  3.683056116516717E-03, -1.369087320488874E-02, -4.928799089325071E-04
A.D. 1979-Jan-01,  4.456941341576478E-01, -1.348503994595811E+00, -3.918636063709622E-02,  1.367761638393420E-02,  4.383764756516820E-03, -2.461671639477832E-04
A.D. 1979-Jul-01,  1.110953708404407E+00,  9.337066092203697E-01, -7.823350193210798E-03, -8.736979840199444E-03,  1.311075707637407E-02,  6.481821823844011E-04
A.D. 1980-Jan-01, -1.099872480473047E+00,  1.230316653676573E+00,  5.281658514560793E-02, -9.925516754577160E-03, -6.915227746472455E-03,  1.384404625736542E-04
A.D. 1980-Jul-01, -1.331853574499589E+00, -8.703395973138439E-01,  1.456509234368275E-02,  9.232035513724290E-03, -1.087255946326939E-02, -9.944553608315855E-04
A.D. 1981-Jan-01,  9.879165507978726E-01, -9.752360308288747E-01, -4.473642662830973E-02,  1.130569442927574E-02,  1.052816284891723E-02, -5.424618427256943E-04
A.D. 1981-Jul-01,  6.501669830392006E-01,  1.358961430509566E+00,  1.245565736447600E-02, -1.319343087592257E-02,  7.404533017191833E-03,  9.858195764703174E-04
A.D. 1982-Jan-01, -1.458258733110133E+00,  8.026998255179166E-01,  5.270344086240849E-02, -7.255264668317394E-03, -1.060231792253192E-02,  4.506355248032244E-04
A.D. 1982-Jul-01, -8.954302401655885E-01, -1.252046055885989E+00, -4.179458985783432E-03,  1.300248515612117E-02, -6.937596845118283E-03, -1.006073984800143E-03
A.D. 1983-Jan-01,  1.318575147433035E+00, -4.127816280412306E-01, -4.110037304826780E-02,  5.793421513394586E-03,  1.426808200845809E-02, -3.871027784423558E-04
A.D. 1983-Jul-01,  9.385409882529294E-02,  1.558472597901169E+00,  3.033305870733629E-02, -1.453026427371884E-02,  1.852494196426557E-03,  8.889879145968399E-04
A.D. 1984-Jan-01, -1.634920579242523E+00,  2.888120889433932E-01,  4.629129033235989E-02, -3.030051078845421E-03, -1.249207225235649E-02,  3.253517719726120E-04
A.D. 1984-Jul-01, -3.132188330742972E-01, -1.448378075820498E+00, -2.264588445015186E-02,  1.469687876539373E-02, -6.595356957655496E-04, -5.878449875304559E-04
A.D. 1985-Jan-01,  1.379695698688798E+00,  2.491741517144077E-01, -2.876026772691638E-02, -1.268520415419388E-03,  1.594174013592912E-02,  7.124389501024222E-05
A.D. 1985-Jul-01, -4.903300871966288E-01,  1.533481912383347E+00,  4.420696213373582E-02, -1.316647166442319E-02, -4.240012042366471E-03,  3.387924632995760E-04
A.D. 1986-Jan-01, -1.614864345699260E+00, -2.716183866118116E-01,  3.407429428134945E-02,  2.284361295665518E-03, -1.367040985603889E-02, -1.360556944985269E-04
A.D. 1986-Jul-01,  3.067617403204832E-01, -1.397396545823118E+00, -3.684082114249213E-02,  1.440075815960922E-02,  5.418222615851401E-03, -3.093661534323121E-04
A.D. 1987-Jan-01,  1.166921721959708E+00,  8.489193334667172E-01, -1.095970755810966E-02, -7.283681892829032E-03,  1.364374049180117E-02,  2.959763402314874E-04
A.D. 1987-Jul-01, -9.983734195261559E-01,  1.306835763555962E+00,  5.196516105204806E-02, -1.064610602800021E-02, -8.545688040175470E-03,  4.083215690269363E-05
A.D. 1988-Jan-01, -1.393330038486659E+00, -7.852228532051444E-01,  1.786483245048618E-02,  7.109647261834992E-03, -1.218000757737922E-02, -3.652975061859239E-04
A.D. 1988-Jul-01,  8.803956726028224E-01, -1.080306235323426E+00, -4.430080800413441E-02,  1.044505274806112E-02,  1.071592554460694E-02,  4.129466775301537E-04
A.D. 1989-Jan-01,  7.328201251803548E-01,  1.305916067686713E+00,  9.301618346179180E-03, -1.241682893087866E-02,  8.935849676084859E-03,  8.709241616645817E-04
A.D. 1989-Jul-01, -1.391955017508351E+00,  9.099017076811495E-01,  5.330812656078554E-02, -6.133167931720203E-03, -1.102802949148036E-02, -5.983217054165195E-04
A.D. 1990-Jan-01, -9.763772967337850E-01, -1.201306872529468E+00, -1.127520413140301E-03,  1.224314860376723E-02, -8.394438391478905E-03, -9.310715124510301E-04
A.D. 1990-Jul-01,  1.264610122830382E+00, -5.540784536593371E-01, -4.271553423375516E-02,  5.086528159894283E-03,  1.434663795663050E-02,  6.735836010607803E-04
A.D. 1991-Jan-01,  1.865135706966963E-01,  1.541713414181998E+00,  2.769024233949316E-02, -1.432969893353841E-02,  3.480170264032499E-03,  8.900606340792792E-04
A.D. 1991-Jul-01, -1.610919855553516E+00,  4.126478825310200E-01,  4.826391518768277E-02, -1.868821883624447E-03, -1.251753844575349E-02, -7.537859374158994E-04
A.D. 1992-Jan-01, -4.255784444253899E-01, -1.430389716683011E+00, -1.949062838630492E-02,  1.497179835218060E-02, -3.226416637922940E-03, -9.665330430690877E-04
A.D. 1992-Jul-01,  1.391230587526909E+00,  9.934771091341917E-02, -3.211178327070243E-02, -1.204739523472018E-03,  1.424045012653269E-02,  6.197220406838022E-04
A.D. 1993-Jan-01, -4.014553756280378E-01,  1.552043399912168E+00,  4.240302044367001E-02, -1.391756848392749E-02, -3.061480209234311E-03,  6.631054300077580E-04
A.D. 1993-Jul-01, -1.637746829580645E+00, -1.460462469833476E-01,  3.719443999747652E-02,  2.378418959823412E-03, -1.172417203011518E-02, -5.766736284887293E-04
A.D. 1994-Jan-01,  2.075938774144232E-01, -1.423341548262658E+00, -3.494230600592643E-02,  1.515910254158080E-02,  4.093795139527542E-03, -6.403006782141839E-04
A.D. 1994-Jul-01,  1.237455426250681E+00,  7.203627273032452E-01, -1.531642105427524E-02, -7.006418804886342E-03,  1.218154521964624E-02,  5.985370813203916E-04
A.D. 1995-Jan-01, -9.237608796400454E-01,  1.354954243638357E+00,  5.112072913327440E-02, -1.171386634783532E-02, -7.668876693273554E-03,  3.897008760987900E-04
A.D. 1995-Jul-01, -1.461603149604030E+00, -6.738020294441150E-01,  2.180235791110049E-02,  6.726723659008963E-03, -1.033292875952666E-02, -5.144104852674381E-04
A.D. 1996-Jan-01,  7.873919384062823E-01, -1.156064817932267E+00, -4.359949608384887E-02,  1.263504654551826E-02,  1.014225793970624E-02, -3.334396709293916E-04
A.D. 1996-Jul-01,  8.450295376756246E-01,  1.220555037899461E+00,  4.808533769859550E-03, -1.027152897741386E-02,  8.211974139097463E-03,  2.670207703571216E-05
A.D. 1997-Jan-01, -1.340692935987344E+00,  9.808419432380504E-01,  5.352735300391227E-02, -7.256287828732496E-03, -1.118833581190359E-02, -3.417634408413467E-04
A.D. 1997-Jul-01, -1.085150367228385E+00, -1.121412067232670E+00,  3.171586127216798E-03,  9.738231460655604E-03, -7.724982916888232E-03,  8.409972914152581E-06
A.D. 1998-Jan-01,  1.218598679386921E+00, -6.496846466934592E-01, -4.358795575355196E-02,  6.484343214154263E-03,  1.454608975086426E-02,  4.697946247511729E-04
A.D. 1998-Jul-01,  3.178985672901431E-01,  1.507082202331527E+00,  2.377042798861248E-02, -1.223440128687600E-02,  3.425267605971856E-03, -1.157211915063367E-04
A.D. 1999-Jan-01, -1.588075806159796E+00,  4.971047342922011E-01,  4.946998350649912E-02, -2.902228984710611E-03, -1.304753013227782E-02, -6.178164671241048E-04
A.D. 1999-Jul-01, -5.610750979540740E-01, -1.396760565719199E+00, -1.547641944948507E-02,  1.249906939618905E-02, -3.532978290548220E-03,  1.020801108437147E-04
A.D. 2000-Jan-01,  1.390395276732320E+00, -2.096038877582673E-02, -3.463248768541780E-02, -1.421805809275689E-04,  1.593438950866721E-02,  7.661688664758470E-04
A.D. 2000-Jul-01, -2.708048975327782E-01,  1.569339908104638E+00,  3.951308390499338E-02, -1.234434591480748E-02, -5.171364517602240E-04, -1.385345090357199E-04
A.D. 2001-Jan-01, -1.647322276941410E+00, -5.757987781326464E-02,  3.927033247526007E-02,  2.053467486463550E-03, -1.233500683122441E-02, -7.973202931570969E-04
A.D. 2001-Jul-01,  6.460369929503268E-02, -1.447959901880806E+00, -3.189677447200454E-02,  1.366783283901077E-02,  1.020910346967826E-03,  2.927882497619718E-05
A.D. 2002-Jan-01,  1.279409187256270E+00,  6.274313846127071E-01, -1.828532135002247E-02, -6.601709123205919E-03,  1.314371262575800E-02,  8.587891768945375E-04
A.D. 2002-Jul-01, -8.112585391037662E-01,  1.416909200548129E+00,  4.959260698354692E-02, -1.088948947219013E-02, -4.837326066272581E-03, -1.597102351814032E-04
A.D. 2003-Jan-01, -1.503660793856888E+00, -5.926380099147160E-01,  2.450965081573483E-02,  6.526809875219192E-03, -1.106654982772554E-02, -7.962125962004864E-04
A.D. 2003-Jul-01,  6.626930857671701E-01, -1.239876784376391E+00, -4.223225457495585E-02,  1.225188076141318E-02,  6.766489084924813E-03,  7.605710107261793E-05
A.D. 2004-Jan-01,  9.289518737778318E-01,  1.144940343159849E+00,  1.187580901002077E-03, -1.111844340248913E-02,  9.134803185665121E-03,  7.774829043732266E-04
A.D. 2004-Jul-01, -1.259971244133236E+00,  1.077869973293976E+00,  5.351475044912520E-02, -9.021475825398056E-03, -8.308877036813741E-03,  2.839335935119550E-04
A.D. 2005-Jan-01, -1.156722788001273E+00, -1.060245642793044E+00,  6.174506248067014E-03,  9.770913804268545E-03, -7.925525975838356E-03, -2.717351388951672E-04
A.D. 2005-Jul-01,  1.140777409902042E+00, -7.811029872606902E-01, -4.436994669588707E-02,  9.024557181585931E-03,  1.170573221723440E-02, -3.221884346806413E-04
A.D. 2006-Jan-01,  4.082632548243671E-01,  1.475652836355373E+00,  2.091372033993598E-02, -1.260811879279282E-02,  3.771579042301179E-03,  1.567260747873069E-04
A.D. 2006-Jul-01, -1.546960460605691E+00,  6.160270083123738E-01,  5.089231424389456E-02, -5.394959590502486E-03, -1.088366315030906E-02,  2.736192902407152E-04
A.D. 2007-Jan-01, -6.537577711281782E-01, -1.366052807335861E+00, -1.258433601771997E-02,  1.263350261535644E-02, -3.755761973321341E-03, -1.210137280337449E-04
A.D. 2007-Jul-01,  1.375285622214463E+00, -1.717876659421981E-01, -3.736334231905490E-02,  3.112919890916520E-03,  1.430220743929047E-02, -2.269120809982454E-04
A.D. 2008-Jan-01, -1.652143795985682E-01,  1.574960838409225E+00,  3.707330753724517E-02, -1.274354387126631E-02, -1.260828539946482E-03, -8.499862948075638E-05
A.D. 2008-Jul-01, -1.652179613595149E+00,  6.914611471391298E-02,  4.203614038500188E-02, -1.120299133153764E-03, -1.317136491756941E-02,  2.122572068726780E-04
A.D. 2009-Jan-01, -3.641743413159914E-02, -1.457445956482317E+00, -2.963757769845913E-02,  1.339709633230200E-02,  7.294767053585726E-04,  1.991001816006852E-04
A.D. 2009-Jul-01,  1.328657333886519E+00,  4.873540365545648E-01, -2.242876816947684E-02, -3.302764667540462E-03,  1.487477571810544E-02, -7.306017767068179E-05
A.D. 2010-Jan-01, -7.296585853753739E-01,  1.454225843168584E+00,  4.837887772959942E-02, -1.090052857942330E-02, -4.778335238199515E-03, -3.495874245350319E-04
A.D. 2010-Jul-01, -1.554330483567431E+00, -4.739482703056144E-01,  2.825316358754819E-02,  3.680679172127159E-03, -1.287558665777599E-02,  2.934970362763679E-05
A.D. 2011-Jan-01,  5.722095723796424E-01, -1.290928831656970E+00, -4.108952789965566E-02,  1.228372846463801E-02,  6.395918031797222E-03,  2.831656482277234E-04
A.D. 2011-Jul-01,  1.027418140885778E+00,  1.040002872060456E+00, -3.455123494602075E-03, -8.601883238986304E-03,  1.184933218926197E-02,  8.754451021916762E-05
A.D. 2012-Jan-01, -1.189455175758930E+00,  1.150268257188213E+00,  5.329155138323036E-02, -8.254840742984512E-03, -8.236472514999827E-03, -4.164262840540758E-04
A.D. 2012-Jul-01, -1.250940296135474E+00, -9.661155448631430E-01,  1.049965623136338E-02,  9.218575149156274E-03, -1.110255448903116E-02, -6.006990230662976E-04
A.D. 2013-Jan-01,  1.080007124699317E+00, -8.665108922795135E-01, -4.464577324883449E-02,  9.199969576720845E-03,  1.089751603815695E-02, -2.009659420023145E-05
A.D. 2013-Jul-01,  5.351585523817536E-01,  1.421029845987096E+00,  1.660887960928178E-02, -1.288917784530651E-02,  7.308543368626025E-03,  6.490645486032739E-04
A.D. 2014-Jan-01, -1.512382562558317E+00,  6.968204564855883E-01,  5.169545799852987E-02, -5.407872872972029E-03, -1.029760823827167E-02, -1.531620327423304E-05
A.D. 2014-Jul-01, -7.816071705535115E-01, -1.312308087814752E+00, -8.288412711834042E-03,  1.301990825219450E-02, -7.076570091363403E-03, -7.570152004762831E-04
A.D. 2015-Jan-01,  1.355794321888194E+00, -2.749756347217804E-01, -3.901355898205350E-02,  3.535673743107416E-03,  1.371636715563578E-02,  2.550707218662966E-05
A.D. 2015-Jul-01, -3.241631294912145E-02,  1.572093748944400E+00,  3.371697153190786E-02, -1.409123640722172E-02,  1.917073567132804E-03,  7.115279172019527E-04
A.D. 2016-Jan-01, -1.648349444196779E+00,  1.700410624736784E-01,  4.399361110483040E-02, -1.307928458013090E-03, -1.157333390733876E-02, -6.363701791856295E-07
A.D. 2016-Jul-01, -1.802997532805458E-01, -1.459386239151199E+00, -2.616093478618566E-02,  1.550634477694374E-02, -4.415006835573054E-04, -9.300866958920025E-04
A.D. 2017-Jan-01,  1.354691479016619E+00,  3.868142358470861E-01, -2.513925371870333E-02, -2.214399116082809E-03,  1.443696155399759E-02, -1.863339946103804E-04
A.D. 2017-Jul-01, -6.090117718575182E-01,  1.499629193873661E+00,  4.637966225569145E-02, -1.352235599821141E-02, -4.315201079940087E-03,  7.242295984961025E-04
A.D. 2018-Jan-01, -1.583670882078226E+00, -3.889664538961296E-01,  3.071618291648499E-02,  2.736318354477162E-03, -1.236725068969315E-02,  1.889186708132169E-04
A.D. 2018-Jul-01,  4.374105384972274E-01, -1.352530337724547E+00, -3.908349002062927E-02,  1.487099929625289E-02,  5.912592233963095E-03, -7.328219361131331E-04
A.D. 2019-Jan-01,  1.090220223736670E+00,  9.612201326950358E-01, -6.616352369861073E-03, -7.627067711539789E-03,  1.185198342930674E-02, -1.009791610616715E-04
A.D. 2019-Jul-01, -1.094788586529600E+00,  1.234232400014343E+00,  5.273865033042779E-02, -1.092817936526008E-02, -8.651122792821115E-03,  5.160036787397597E-04
A.D. 2020-Jan-01, -1.320122442176002E+00, -8.856973944534526E-01,  1.383982420203786E-02,  7.242525994820555E-03, -1.075803370973932E-02,  7.001244429402931E-05
A.D. 2020-Jul-01,  9.818378119952506E-01, -9.820360958135556E-01, -4.469060457584235E-02,  1.056537848310003E-02,  1.231821857646377E-02, -4.055542249457637E-05
A.D. 2021-Jan-01,  6.209287053047862E-01,  1.375654765576761E+00,  1.356898614669601E-02, -1.187131497302868E-02,  8.103891351952488E-03,  3.261628229671253E-04
A.D. 2021-Jul-01, -1.454974891856655E+00,  8.083631118644728E-01,  5.265794617376235E-02, -6.266286196031969E-03, -1.227718530265987E-02, -1.810075515007076E-04
A.D. 2022-Jan-01, -8.668297484006965E-01, -1.268813700878071E+00, -5.301987947022776E-03,  1.185833002568260E-02, -7.891612032008321E-03, -4.203427351403248E-04
A.D. 2022-Jul-01,  1.315410486830672E+00, -4.218196538846296E-01, -4.113188259397200E-02,  4.614658029761055E-03,  1.574888000697112E-02,  3.391399620833545E-04
A.D. 2023-Jan-01,  6.093417445301510E-02,  1.562750596491205E+00,  3.123036027106391E-02, -1.339955510552815E-02,  2.955872352024844E-03,  3.934012648966218E-04
A.D. 2023-Jul-01, -1.634050865398355E+00,  2.953798296389913E-01,  4.629810907826545E-02, -1.620821991430476E-03, -1.375179712411963E-02, -4.775942266296150E-04
A.D. 2024-Jan-01, -2.934144465061430E-01, -1.451129315987584E+00, -2.318827026529613E-02,  1.432915923999490E-02, -2.793292744683857E-03, -5.264225987766079E-04
A.D. 2024-Jul-01,  1.380634132523224E+00,  2.396152100300531E-01, -2.884619832552275E-02, -2.945830208531720E-03,  1.523993521718978E-02,  8.937703364165344E-04
A.D. 2025-Jan-01, -5.216607533811873E-01,  1.525290098558679E+00,  4.474552485777487E-02, -1.371537257655885E-02, -2.797545746852067E-03,  7.604060592573516E-04
A.D. 2025-Jul-01, -1.616692396099594E+00, -2.648112237308267E-01,  3.409562009852359E-02,  3.870926622434527E-03, -1.268854833308208E-02, -9.029009666572025E-04
A.D. 2026-Jan-01,  3.405621120414631E-01, -1.387061049839135E+00, -3.741297016528172E-02,  1.517579194394127E-02,  4.180880598508307E-03, -8.213734443274451E-04
A.D. 2026-Jul-01,  1.171169958332863E+00,  8.414404764346308E-01, -1.107916927952724E-02, -8.729621636978210E-03,  1.246255281684139E-02,  9.735697889022169E-04
A.D. 2027-Jan-01, -1.024368538413545E+00,  1.288280064148393E+00,  5.211242183269467E-02, -1.153635517717921E-02, -7.344356362435970E-03,  6.403256529344174E-04
A.D. 2027-Jul-01, -1.397901663794320E+00, -7.794076198407235E-01,  1.792910763977595E-02,  8.399003098683926E-03, -1.075813838236890E-02, -9.402252710640258E-04
A.D. 2028-Jan-01,  8.955374647445012E-01, -1.066663983214812E+00, -4.431653334334772E-02,  1.234590327317786E-02,  1.021672887146502E-02, -6.353484703530821E-04
A.D. 2028-Jul-01,  7.387091490810037E-01,  1.301107748414120E+00,  9.186864948170514E-03, -1.207180638168950E-02,  6.963054803093065E-03,  5.752426222736288E-04
A.D. 2029-Jan-01, -1.409701890862582E+00,  8.832142527966884E-01,  5.309694453091753E-02, -7.521329925887308E-03, -1.168972990950256E-02,  1.733781755112430E-04
A.D. 2029-Jul-01, -9.828201947692113E-01, -1.197646677687557E+00, -1.032076116755571E-03,  1.160730705713427E-02, -6.476056390079187E-03, -5.188652381627788E-04
A.D. 2030-Jan-01,  1.278672918950554E+00, -5.212942490906166E-01, -4.229959000420746E-02,  6.283748540535345E-03,  1.526151230562392E-02, -3.101388773013085E-05
A.D. 2030-Jul-01,  1.936713236882321E-01,  1.539395017878109E+00,  2.754209558394778E-02, -1.347859574235255E-02,  1.699779253445179E-03,  3.528486104905631E-04
A.D. 2031-Jan-01, -1.618137633410657E+00,  3.815463342402970E-01,  4.768959043525851E-02, -3.036805317981502E-03, -1.358921941496880E-02, -1.174562921050236E-04
A.D. 2031-Jul-01, -4.331365910567713E-01, -1.429134698834357E+00, -1.935817684141039E-02,  1.385768343207487E-02, -1.611743567193642E-03, -3.075043871335249E-04
A.D. 2032-Jan-01,  1.390658859937690E+00,  1.203549624072087E-01, -3.158886884057260E-02, -4.920260981389256E-04,  1.634715943360992E-02,  2.950640337495955E-04
A.D. 2032-Jul-01, -3.940950383153274E-01,  1.552823856520169E+00,  4.221182668082376E-02, -1.206755305322105E-02, -2.821331355151412E-03, -2.717611868123888E-04
A.D. 2033-Jan-01, -1.633365034050137E+00, -1.775972838175937E-01,  3.632160393144199E-02,  2.847922140833922E-03, -1.353175483751678E-02, -7.914702110803564E-04
A.D. 2033-Jul-01,  1.989609719300352E-01, -1.425277342783409E+00, -3.475398476275782E-02,  1.333700252853801E-02,  3.534010231382599E-03,  2.391265690344580E-04
A.D. 2034-Jan-01,  1.221146959338074E+00,  7.524031031396369E-01, -1.416521551254287E-02, -7.746276153621264E-03,  1.377736337333732E-02,  9.321944491386245E-04
A.D. 2034-Jul-01, -9.178001832250909E-01,  1.358359473795346E+00,  5.096621901877091E-02, -9.997855906428144E-03, -6.858690732464848E-03, -4.345545349562837E-04
A.D. 2035-Jan-01, -1.446098529009930E+00, -7.019912613899223E-01,  2.072845539469748E-02,  7.640148430982917E-03, -1.188613282561739E-02, -9.590318904963312E-04
A.D. 2035-Jul-01,  7.795798827948646E-01, -1.161986292511227E+00, -4.345675322956943E-02,  1.105136627753388E-02,  9.039387227238181E-03,  4.261324352597818E-04
A.D. 2036-Jan-01,  8.291985974769247E-01,  1.233084754082432E+00,  5.525410258587306E-03, -1.216681611821430E-02,  9.315268056169654E-03,  9.953639018685813E-04
A.D. 2036-Jul-01, -1.336563677177064E+00,  9.862362257907412E-01,  5.339477826997040E-02, -7.130522930577648E-03, -9.076084690408954E-03, -3.083729223813262E-04
A.D. 2037-Jan-01, -1.059635886619504E+00, -1.141992176445948E+00,  2.002390458602962E-03,  1.159987834061890E-02, -7.485919125397154E-03, -8.104298174456048E-04
A.D. 2037-Jul-01,  1.213982786214447E+00, -6.582544659049355E-01, -4.351116069964307E-02,  6.658564837576301E-03,  1.241544200903148E-02,  2.885262451902205E-04
A.D. 2038-Jan-01,  2.858024443441636E-01,  1.516320914065629E+00,  2.480331583280837E-02, -1.394024352421910E-02,  2.836785606973798E-03,  6.815879839391832E-04
A.D. 2038-Jul-01, -1.586283496952793E+00,  5.037385682128021E-01,  4.938580953698460E-02, -3.327156531350986E-03, -1.097533797913130E-02, -3.023092644089578E-04
A.D. 2039-Jan-01, -5.293710480410311E-01, -1.406242802081672E+00, -1.654034649354272E-02,  1.419915476871959E-02, -2.684219770054307E-03, -6.575062243441060E-04
A.D. 2039-Jul-01,  1.389337651533010E+00, -3.052477931317675E-02, -3.463880232694628E-02,  5.988797889038011E-04,  1.396912935214387E-02,  3.283131481071623E-04
A.D. 2040-Jan-01, -2.904475122886850E-01,  1.567185681304980E+00,  3.999410447346399E-02, -1.369401322971530E-02, -2.478032674308741E-03,  4.313484631579622E-04
A.D. 2040-Jul-01, -1.648227226245234E+00, -5.096241414984917E-02,  3.928142376618359E-02,  1.362981636883459E-04, -1.194651111207077E-02,  1.438342206615124E-04
A.D. 2041-Jan-01,  9.853888939766285E-02, -1.443922026885137E+00, -3.270660690689847E-02,  1.388498987608699E-02,  3.184976336498769E-03,  3.767759283660148E-05
A.D. 2041-Jul-01,  1.282512215034368E+00,  6.179156264102779E-01, -1.844134928528662E-02, -4.640326047830114E-03,  1.311720327569554E-02, -9.129380587613516E-05
A.D. 2042-Jan-01, -8.400024704106187E-01,  1.401812941802621E+00,  4.997621278652519E-02, -1.075283442486442E-02, -6.915741313190049E-03, -2.853990097727071E-04
A.D. 2042-Jul-01, -1.506759011054205E+00, -5.867764236661506E-01,  2.458945757872258E-02,  4.601004414818939E-03, -1.132007487760245E-02,  1.265455845669980E-04
A.D. 2043-Jan-01,  6.936061130715420E-01, -1.221262448077523E+00, -4.259846720690934E-02,  1.182790423330444E-02,  8.891526876780260E-03,  3.169605227471169E-04
A.D. 2043-Jul-01,  9.353234901994975E-01,  1.138152278525352E+00,  9.625953589167609E-04, -9.244761059495041E-03,  9.728317560209232E-03, -9.208849904008962E-05
A.D. 2044-Jan-01, -1.272429927899004E+00,  1.063500136505743E+00,  5.345639107150271E-02, -7.503094125943963E-03, -1.015946034649162E-02, -5.309309110939160E-04
A.D. 2044-Jul-01, -1.162389519966229E+00, -1.055492319068284E+00,  6.351047002600789E-03,  9.065008783900938E-03, -9.936356050099243E-03, -7.605043732342183E-05
A.D. 2045-Jan-01,  1.160841357261803E+00, -7.499583590565833E-01, -4.412539972883086E-02,  7.132339704370779E-03,  1.237095938393944E-02,  5.146857565171199E-04
A.D. 2045-Jul-01,  4.155961410885986E-01,  1.472642328740203E+00,  2.067939008304926E-02, -1.219262215895831E-02,  5.893794580345319E-03,  8.386749326741322E-05
A.D. 2046-Jan-01, -1.558187595786800E+00,  5.864530629141722E-01,  5.041907271754256E-02, -3.518972851301970E-03, -1.117272927994600E-02, -5.604060401767282E-04
A.D. 2046-Jul-01, -6.615212384826087E-01, -1.363674172568979E+00, -1.237292105207601E-02,  1.246841099060019E-02, -5.921242409396130E-03, -1.831141826791050E-04
A.D. 2047-Jan-01,  1.380038460221383E+00, -1.356316749454472E-01, -3.660512257576649E-02,  1.095886492889602E-03,  1.427045466743598E-02,  5.954583483969905E-04
A.D. 2047-Jul-01, -1.580287544733880E-01,  1.574836763898869E+00,  3.685907797477843E-02, -1.289504641558815E-02,  9.066666509184955E-04,  1.300474655202291E-04
A.D. 2048-Jan-01, -1.652234828624877E+00,  5.022383169590768E-02,  4.147205151029499E-02,  7.686822718969442E-04, -1.182405201391956E-02, -5.708342835873557E-04
A.D. 2048-Jul-01, -4.477593054733760E-02, -1.458280108263349E+00, -2.945131276507740E-02,  1.507984931799811E-02, -2.802930881812765E-04, -7.126121932806632E-04
A.D. 2049-Jan-01,  1.317749215796903E+00,  5.215676704345962E-01, -2.129391796806002E-02, -4.289914356430216E-03,  1.304667822480454E-02,  1.568067574563669E-04
A.D. 2049-Jul-01, -7.232680875113291E-01,  1.456818195821053E+00,  4.821853368820971E-02, -1.273237924409135E-02, -4.093046693536425E-03,  5.873988933411804E-04
A.D. 2050-Jan-01, -1.543181548983652E+00, -5.035613128545459E-01,  2.717796106709681E-02,  4.363970217040434E-03, -1.100700989328771E-02, -7.667816120650905E-05
A.D. 2050-Jul-01,  5.638196318905361E-01, -1.295201351048991E+00, -4.093194514986438E-02,  1.418674524717799E-02,  5.995747315143938E-03, -6.669665832027033E-04
A.D. 2051-Jan-01,  1.003760627457145E+00,  1.066426824635883E+00, -2.177711510647500E-03, -9.029922949763181E-03,  9.785586007179029E-03,  6.079255623874362E-05
A.D. 2051-Jul-01, -1.184895761265554E+00,  1.154746404118289E+00,  5.318882117151739E-02, -1.017713680124359E-02, -8.187509710753927E-03,  5.341094172807736E-04
A.D. 2052-Jan-01, -1.238509660480530E+00, -9.804201583742636E-01,  9.723109156252014E-03,  8.420633762772734E-03, -8.891450585336805E-03, -8.494000531919319E-06
A.D. 2052-Jul-01,  1.073466434709755E+00, -8.749247897391462E-01, -4.462068590443354E-02,  1.035414538872696E-02,  1.257403314946337E-02, -4.597461529998667E-04
A.D. 2053-Jan-01,  5.039989688540710E-01,  1.434924730901664E+00,  1.775051255266684E-02, -1.159723866114348E-02,  6.122738751049936E-03, -1.057467122825023E-04
A.D. 2053-Jul-01, -1.509925418349260E+00,  7.024127291637509E-01,  5.168482054076745E-02, -6.313235410874998E-03, -1.216133532244314E-02,  2.922710522598845E-04
A.D. 2054-Jan-01, -7.510850834867456E-01, -1.326982416254300E+00, -9.437922774159887E-03,  1.166081259903719E-02, -6.153307949428054E-03,  3.939854122207226E-05
A.D. 2054-Jul-01,  1.353664960512816E+00, -2.852049614331637E-01, -3.911068074460405E-02,  4.244460154288293E-03,  1.570119675234139E-02, -1.518968287151418E-04
A.D. 2055-Jan-01, -6.509248302803394E-02,  1.573166734049565E+00,  3.455915938979211E-02, -1.250660471559169E-02,  1.230167339757069E-03, -1.169162990392064E-04
A.D. 2055-Jul-01, -1.648107444923132E+00,  1.764947976242824E-01,  4.403415204178157E-02, -1.708740477840221E-03, -1.365374868916718E-02,  5.258458950513465E-05
A.D. 2056-Jan-01, -1.599031981026710E-01, -1.460152409720310E+00, -2.668491122746933E-02,  1.355458944365909E-02, -1.073910960355545E-03,  7.450159439358470E-06
A.D. 2056-Jul-01,  1.356722044108189E+00,  3.778440404763005E-01, -2.528041832082448E-02, -3.538238280901124E-03,  1.586913244752460E-02,  5.957654829069168E-04
A.D. 2057-Jan-01, -6.391379067962402E-01,  1.488932210010655E+00,  4.682162734807096E-02, -1.240119946275037E-02, -3.110994906194238E-03,  3.039327296761679E-04
A.D. 2057-Jul-01, -1.586016008875339E+00, -3.826559439403868E-01,  3.078277758389730E-02,  4.262567279409240E-03, -1.352558374636871E-02, -6.766452635608707E-04
A.D. 2058-Jan-01,  4.701303974921949E-01, -1.339206995422365E+00, -3.955341209153179E-02,  1.393943097110289E-02,  4.642812215532998E-03, -4.162710743266394E-04
A.D. 2058-Jul-01,  1.095024790512302E+00,  9.542461680905678E-01, -6.786473080671929E-03, -9.293617342832973E-03,  1.276629161656512E-02,  8.187905496706170E-04
A.D. 2059-Jan-01, -1.119036935975273E+00,  1.213792705935627E+00,  5.279146611062577E-02, -1.015483122811835E-02, -7.138268989141323E-03,  3.088046857179778E-04
A.D. 2059-Jul-01, -1.324708817250260E+00, -8.804475248510236E-01,  1.394966396129750E-02,  9.015186901360731E-03, -1.134714374205656E-02, -8.651182826049758E-04
A.D. 2060-Jan-01,  9.962864355174985E-01, -9.666932081803346E-01, -4.460899561909543E-02,  1.080075194430479E-02,  1.016845902163131E-02, -3.735758353194917E-04
A.D. 2060-Jul-01,  6.276055968601174E-01,  1.371365615215079E+00,  1.341558697760535E-02, -1.328493417355303E-02,  6.776002164712644E-03,  9.487227984254659E-04
A.D. 2061-Jan-01, -1.470324058328737E+00,  7.809248165584363E-01,  5.231728612227415E-02, -7.165388093823132E-03, -1.113729139220644E-02,  4.576488126714488E-04
A.D. 2061-Jul-01, -8.738521877438956E-01, -1.265138032786329E+00, -5.175788902227280E-03,  1.306639423099040E-02, -6.344745002441431E-03, -9.444728298323466E-04
A.D. 2062-Jan-01,  1.326453191813742E+00, -3.865770006302279E-01, -4.053502143328402E-02,  5.542873834428657E-03,  1.479923432972327E-02, -3.596711515176035E-04
A.D. 2062-Jul-01,  6.793756678815317E-02,  1.561583670953095E+00,  3.109763624797969E-02, -1.443936563279462E-02,  1.237543049850726E-03,  8.058704460139731E-04
A.D. 2063-Jan-01, -1.638936821438521E+00,  2.641768325156313E-01,  4.560475891492486E-02, -2.783787720268604E-03, -1.295809071620201E-02,  2.683139666746873E-04
A.D. 2063-Jul-01, -3.024975530127790E-01, -1.450516719056637E+00, -2.304271032960509E-02,  1.512318201871737E-02, -9.394468848675138E-04, -7.996777339038041E-04
A.D. 2064-Jan-01,  1.377348161364890E+00,  2.603548454122338E-01, -2.821499338134506E-02, -1.069251771934703E-03,  1.545635526019239E-02, -1.275208064843209E-04
A.D. 2064-Jul-01, -5.154213445472912E-01,  1.526605552612596E+00,  4.463933861746498E-02, -1.271741283687901E-02, -4.522709726730809E-03,  1.323631783298607E-04
A.D. 2065-Jan-01, -1.609849329910958E+00, -2.962526490314706E-01,  3.315705910362342E-02,  2.837940928449805E-03, -1.376444722190218E-02, -3.256464703115925E-04
A.D. 2065-Jul-01,  3.317990701538523E-01, -1.390374836469408E+00, -3.728965750547313E-02,  1.392995049255779E-02,  5.676520570638467E-03, -9.395213933726090E-05
A.D. 2066-Jan-01,  1.152410262353920E+00,  8.705321496322104E-01, -9.932611170903856E-03, -7.863744709135274E-03,  1.358745294339980E-02,  4.869100674173665E-04
A.D. 2066-Jul-01, -1.019044839657349E+00,  1.291746860111682E+00,  5.201401016196749E-02, -1.010467049077051E-02, -8.641468563572180E-03, -1.720430569073202E-04
A.D. 2067-Jan-01, -1.379960862085352E+00, -8.064749308268154E-01,  1.683257769187487E-02,  7.680366211514069E-03, -1.210286835056595E-02, -5.647592634896275E-04
A.D. 2067-Jul-01,  8.888004047242255E-01, -1.073025258575974E+00, -4.423632228077721E-02,  1.077299273250647E-02,  1.121394295936989E-02,  2.562790660651332E-04
A.D. 2068-Jan-01,  7.225081692547245E-01,  1.311931033240385E+00,  9.837390256214409E-03, -1.201672397304129E-02,  9.138632085646477E-03,  6.453328516001910E-04
A.D. 2068-Jul-01, -1.405888344321388E+00,  8.886641197837148E-01,  5.298020050562214E-02, -5.870654484027914E-03, -1.068846252744689E-02, -6.228334134168687E-04
A.D. 2069-Jan-01, -9.556656033000290E-01, -1.216252864120853E+00, -2.159115698715170E-03,  1.258703216131486E-02, -7.781711591629388E-03, -1.008222560748390E-03
A.D. 2069-Jul-01,  1.274717754613149E+00, -5.300931598772642E-01, -4.225061227965297E-02,  4.805235707420484E-03,  1.400409973142976E-02,  6.716297531290308E-04
A.D. 2070-Jan-01,  1.611130172819460E-01,  1.545994789697983E+00,  2.848979048673216E-02, -1.450554372710880E-02,  2.790873071395293E-03,  9.257183530898121E-04
A.D. 2070-Jul-01, -1.616688173102822E+00,  3.881076488810659E-01,  4.762411130784523E-02, -1.690720963982165E-03, -1.212180902639594E-02, -7.201371780707680E-04
A.D. 2071-Jan-01, -3.999110203800895E-01, -1.436151619096222E+00, -2.035698746365869E-02,  1.510227257940791E-02, -2.508620238453159E-03, -9.659994312517556E-04
A.D. 2071-Jul-01,  1.390714029169664E+00,  1.104348238566215E-01, -3.164128967414082E-02, -1.604667855107503E-03,  1.469762220831556E-02,  8.035965726056964E-04
A.D. 2072-Jan-01, -4.129992263292573E-01,  1.549209495433609E+00,  4.258304309366293E-02, -1.409401342532262E-02, -2.632327462117185E-03,  7.750650416135000E-04
A.D. 2072-Jul-01, -1.634644940090202E+00, -1.705635013905015E-01,  3.631799475914405E-02,  2.211399224880455E-03, -1.150894566502823E-02, -3.821051512651489E-04
A.D. 2073-Jan-01,  2.333400141885195E-01, -1.417626068936787E+00, -3.545358291931795E-02,  1.478139765671247E-02,  4.594935191103329E-03, -4.484209614616939E-04
A.D. 2073-Jul-01,  1.225023081549348E+00,  7.441286590517165E-01, -1.428197318163526E-02, -6.828159284631459E-03,  1.191640496209141E-02,  3.874106796250707E-04
A.D. 2074-Jan-01, -9.449224287908194E-01,  1.341506794856329E+00,  5.123114635019820E-02, -1.123803613671799E-02, -8.038745370605865E-03,  1.865751874078219E-04
A.D. 2074-Jul-01, -1.450227732479870E+00, -6.956847818132907E-01,  2.078910866422105E-02,  6.476242176665687E-03, -1.017384113077460E-02, -2.915350824895851E-04
A.D. 2075-Jan-01,  8.079372851769994E-01, -1.140419092403189E+00, -4.367257238033409E-02,  1.209458940819532E-02,  1.051065386922614E-02, -1.191714623026145E-04
A.D. 2075-Jul-01,  8.349789781601615E-01,  1.227649302397579E+00,  5.391661897807826E-03, -1.078869508259751E-02,  7.859252757551520E-03,  2.424497497024996E-04
A.D. 2076-Jan-01, -1.348312289156238E+00,  9.709285834021618E-01,  5.330910550831855E-02, -7.665980915123053E-03, -1.138997830975698E-02, -1.251028404035431E-04
A.D. 2076-Jul-01, -1.066021250583248E+00, -1.137773864295669E+00,  2.154347824474827E-03,  9.672194037318475E-03, -8.009204693629824E-03,  9.002898925141832E-05
A.D. 2077-Jan-01,  1.230455708982384E+00, -6.266067927982016E-01, -4.319461701467316E-02,  5.917583386837454E-03,  1.430130239348493E-02,  6.192214713003450E-04
A.D. 2077-Jul-01,  2.929513676373695E-01,  1.513448573346708E+00,  2.459503270892130E-02, -1.214194021696928E-02,  3.675613596786258E-03, -1.647581956201390E-04
A.D. 2078-Jan-01, -1.595440353647936E+00,  4.730128152744156E-01,  4.887570092611338E-02, -2.436861190303219E-03, -1.266989434392616E-02, -7.335778156502618E-04
A.D. 2078-Jul-01, -5.368656345483049E-01, -1.404523589456055E+00, -1.634936848470358E-02,  1.249641887439027E-02, -3.790234157812466E-03,  1.196878927831641E-04
A.D. 2079-Jan-01,  1.391118041741674E+00,  5.570753325174283E-03, -3.384077331576004E-02, -6.170526147225563E-04,  1.545888969196422E-02,  8.446245689499445E-04
A.D. 2079-Jul-01, -2.828599752968045E-01,  1.567356209332371E+00,  3.977044754153762E-02, -1.217060539801284E-02, -1.123707864201946E-03, -2.429985133379491E-04
A.D. 2080-Jan-01, -1.646922806222956E+00, -7.006855973248534E-02,  3.872277811570173E-02,  2.202785453224703E-03, -1.285980718205408E-02, -8.711838345419775E-04
A.D. 2080-Jul-01,  9.000011677178864E-02, -1.445309944523493E+00, -3.248519876197201E-02,  1.398000364385831E-02,  9.714184662828780E-04, -1.490031039418530E-04
A.D. 2081-Jan-01,  1.268535209126634E+00,  6.513139912529277E-01, -1.727018973422447E-02, -6.544755837848568E-03,  1.267521942432714E-02,  6.906647474423980E-04
A.D. 2081-Jul-01, -8.336526897269153E-01,  1.404936876707971E+00,  4.978787856647114E-02, -1.116481746191170E-02, -4.765499588016988E-03,  3.833584920777386E-05
A.D. 2082-Jan-01, -1.493005711430326E+00, -6.159274710548808E-01,  2.348557068470101E-02,  6.393760660433464E-03, -1.067164757398708E-02, -6.129608225452984E-04
A.D. 2082-Jul-01,  6.854350184678912E-01, -1.226633090497883E+00, -4.242906899198320E-02,  1.254010666643582E-02,  6.799757671239425E-03, -1.387042962515055E-04
A.D. 2083-Jan-01,  9.097930500307643E-01,  1.161979783487812E+00,  2.202333590367700E-03, -1.091418186333548E-02,  8.685301528701743E-03,  5.757339768735479E-04
A.D. 2083-Jul-01, -1.267962915181223E+00,  1.068556339993427E+00,  5.332599476829232E-02, -8.482043355899929E-03, -8.253173921629759E-03,  6.796729711277459E-05
A.D. 2084-Jan-01, -1.148265476506504E+00, -1.068755228197417E+00,  5.570530054947492E-03,  1.030788037921737E-02, -7.844795237492565E-03, -5.110258693330152E-04
A.D. 2084-Jul-01,  1.155743452551738E+00, -7.583231422786302E-01, -4.409050784590958E-02,  9.133301887644982E-03,  1.226348596734082E-02, -4.581025888732865E-04
A.D. 2085-Jan-01,  3.839367631650721E-01,  1.483951001864858E+00,  2.177683723596683E-02, -1.225701556759466E-02,  3.821928425519401E-03, -4.140879734248308E-05
A.D. 2085-Jul-01, -1.556068923081404E+00,  5.929422618272150E-01,  5.038431402871824E-02, -5.484436083725115E-03, -1.141033309410926E-02,  3.770588205043817E-04
A.D. 2086-Jan-01, -6.303768251847023E-01, -1.375211354283986E+00, -1.348910211555401E-02,  1.234109812965231E-02, -3.896112807590547E-03,  5.424770325364048E-05
A.D. 2086-Jul-01,  1.378515580586428E+00, -1.450300943004740E-01, -3.665831271791956E-02,  3.045641383210857E-03,  1.482772430769371E-02, -2.918933433100408E-04
A.D. 2087-Jan-01, -1.912093355072358E-01,  1.573595171727366E+00,  3.768489895544393E-02, -1.238990275688074E-02, -1.053794332664953E-03, -2.325286648037768E-04
A.D. 2087-Jul-01, -1.652711447495475E+00,  5.685201726069338E-02,  4.149942950322268E-02, -1.052858684928754E-03, -1.266917673137938E-02,  2.686110811795408E-04
A.D. 2088-Jan-01, -2.533592002648009E-02, -1.457574496408858E+00, -2.996837633884533E-02,  1.345042201407338E-02,  1.343160927900810E-03,  1.946619902320668E-04
A.D. 2088-Jul-01,  1.320176028744527E+00,  5.121078828675720E-01, -2.147369667960104E-02, -3.828138580477918E-03,  1.519366339621363E-02,  9.461063697041953E-05
A.D. 2089-Jan-01, -7.530744795775834E-01,  1.443420995809255E+00,  4.862817618544465E-02, -1.102949849788279E-02, -4.499305916900792E-03, -2.163904618765272E-04
A.D. 2089-Jul-01, -1.545961994592054E+00, -4.977554070132464E-01,  2.728326186803215E-02,  4.206770511888519E-03, -1.317398268758074E-02, -1.601303028951686E-04
A.D. 2090-Jan-01,  5.957480159336828E-01, -1.279033499940884E+00, -4.133663227074987E-02,  1.244395839322473E-02,  6.213587001473298E-03,  1.289334887752843E-04
A.D. 2090-Jul-01,  1.009747342638338E+00,  1.059174290222971E+00, -2.427582280976786E-03, -9.161286137679088E-03,  1.199744978761735E-02,  2.971379138920673E-04
A.D. 2091-Jan-01, -1.207426376350904E+00,  1.132175011556745E+00,  5.316486059626391E-02, -8.426723707306264E-03, -8.004174555918963E-03, -2.405339530890950E-04
A.D. 2091-Jul-01, -1.243619671497878E+00, -9.754896293994303E-01,  9.884268237073815E-03,  8.859160104304807E-03, -1.101978738171393E-02, -3.705282742371343E-04
A.D. 2092-Jan-01,  1.086734502844724E+00, -8.576116788731768E-01, -4.445883711125136E-02,  8.680608765055322E-03,  1.109152066864128E-02,  1.931663136024518E-04
A.D. 2092-Jul-01,  5.111955548000842E-01,  1.431494384064019E+00,  1.755340052923942E-02, -1.343295072482751E-02,  6.782273330292437E-03,  8.532220962729923E-04
A.D. 2093-Jan-01, -1.522872561338337E+00,  6.736463645554742E-01,  5.123208274319756E-02, -5.703124003827268E-03, -1.053869706008021E-02,  2.096517826484826E-04
A.D. 2093-Jul-01, -7.585222266492962E-01, -1.324198408043172E+00, -9.278500160373866E-03,  1.353392823480053E-02, -6.482261404495283E-03, -9.320985889562015E-04
A.D. 2094-Jan-01,  1.361096020595070E+00, -2.493306614991536E-01, -3.839088514770296E-02,  3.738785253319825E-03,  1.401352617908278E-02, -1.879361398452241E-04
A.D. 2094-Jul-01, -5.802476095028738E-02,  1.572725264042010E+00,  3.440166416044031E-02, -1.443211736742405E-02,  1.244979237061747E-03,  8.465112902566356E-04
A.D. 2095-Jan-01, -1.650241241259655E+00,  1.449774737990747E-01,  4.325126871181099E-02, -1.546536128328951E-03, -1.192373910160955E-02,  1.955822019187308E-04
A.D. 2095-Jul-01, -1.682365035330642E-01, -1.460395230211900E+00, -2.652969380923041E-02,  1.544471937231861E-02, -7.936546135806122E-04, -9.074599563778728E-04
A.D. 2096-Jan-01,  1.351806975878584E+00,  3.981215867930393E-01, -2.458420706195992E-02, -2.500045757182605E-03,  1.396627081259341E-02, -1.394464063604883E-04
A.D. 2096-Jul-01, -6.327077981998143E-01,  1.491059607313303E+00,  4.671664915577955E-02, -1.325208647072782E-02, -5.008947849882753E-03,  5.869971456502769E-04
A.D. 2097-Jan-01, -1.576818901740457E+00, -4.127149732504760E-01,  2.977710615879716E-02,  3.051774479562510E-03, -1.287582931332116E-02,  9.255334939798172E-05
A.D. 2097-Jul-01,  4.617389274958937E-01, -1.342758749679018E+00, -3.944057078910561E-02,  1.453578793694835E-02,  6.630907314711790E-03, -5.679175018412354E-04
A.D. 2098-Jan-01,  1.073363902877813E+00,  9.822861484029173E-01, -5.559349236549428E-03, -8.010337816697645E-03,  1.221232256230867E-02,  2.709719383767779E-05
A.D. 2098-Jul-01, -1.114202193979449E+00,  1.217981380778199E+00,  5.272415262069485E-02, -1.048265074922828E-02, -9.241922717591710E-03,  3.246647480156302E-04
A.D. 2099-Jan-01, -1.305204748355388E+00, -9.056720119932027E-01,  1.281152540261410E-02,  7.663055074585780E-03, -1.111604105740906E-02, -8.467714405997793E-05
A.D. 2099-Jul-01,  9.890474756721439E-01, -9.743749649927600E-01, -4.456500661560233E-02,  1.087759536963585E-02,  1.227435811952070E-02, -2.256499085890064E-04
A.D. 2100-Jan-01,  6.096986345948560E-01,  1.380711900124995E+00,  1.409948475414396E-02, -1.157641542947504E-02,  7.791712403199370E-03
