julian, epoch, x, y, z, vx, vy, vz, LT, RG, RR
2433282.500000000, A.D. 1950-Jan-01, -2.653296174543575E+01,  2.428864534103904E+01,  5.074449506675807E+00, -2.387607488205720E-03, -2.307385644645593E-03,  8.020199817824826E-04,  2.098100732680291E-01,  3.632748806734835E+01,  3.131743224217773E-04

2433463.500000000, A.D. 1950-Jul-01, -2.676641509388276E+01,  2.381688761157650E+01,  5.192056143347243E+00, -2.204937521085104E-03, -3.258880619425651E-03,  7.292557259214145E-04,  2.090899216196068E-01,  3.620279767471253E+01, -4.091336798942834E-04

2433647.500000000, A.D. 1951-Jan-01, -2.699602898718273E+01,  2.332672017951742E+01,  5.310074243035153E+00, -5.859886203772928E-04, -3.592414958371934E-03,  5.258337026532134E-04,  2.083288260384856E-01,  3.607101805988930E+01, -1.807203683909875E-03

2433828.500000000, A.D. 1951-Jul-01, -2.721218130608731E+01,  2.284408644284849E+01,  5.424624927961681E+00, -7.364968007837538E-05, -2.858531834472456E-03,  4.801157048805490E-04,  2.075800071428039E-01,  3.594136408725696E+01, -1.688637418172239E-03

2434012.500000000, A.D. 1952-Jan-01, -2.742432021940214E+01,  2.235448785303225E+01,  5.539878616044957E+00, -9.762613164297737E-04, -1.559551909664099E-03,  6.263791813528301E-04,  2.068334574013524E-01,  3.581210300650030E+01, -1.289959606120690E-04

2434194.500000000, A.D. 1952-Jul-01, -2.763557486249109E+01,  2.186585346250376E+01,  5.653554229874735E+00, -2.046691622309809E-03, -2.021378457047161E-03,  7.652115882378560E-04,  2.061304436635530E-01,  3.569037995110408E+01,  4.675909768687097E-04

2434378.500000000, A.D. 1953-Jan-01, -2.784806395562382E+01,  2.136155521938415E+01,  5.767658077724449E+00, -1.813572277123173E-03, -3.672577052972980E-03,  6.712334156312361E-04,  2.054247696764505E-01,  3.556819628781945E+01, -6.768978591583489E-04

2434559.500000000, A.D. 1953-Jul-01, -2.804579331757161E+01,  2.085774421220624E+01,  5.877920271531273E+00, -8.779041339485326E-04, -3.902197483624811E-03,  5.570491941650875E-04,  2.046980879489689E-01,  3.544237524704356E+01, -1.509357879151683E-03

2434743.500000000, A.D. 1954-Jan-01, -2.823439371731754E+01,  2.034049853672190E+01,  5.987890690616795E+00,  8.209657732655747E-05, -2.611764455464933E-03,  4.760565736969309E-04,  2.039315571130030E-01,  3.530965454701676E+01, -1.489449956975735E-03

2434924.500000000, A.D. 1954-Jul-01, -2.841578470060882E+01,  1.983262047303104E+01,  6.095216340399312E+00, -3.683209890446421E-04, -1.853254867595371E-03,  5.446395148101931E-04,  2.032080908652552E-01,  3.518439024929827E+01, -6.528200338378293E-04

2435108.500000000, A.D. 1955-Jan-01, -2.859811650935535E+01,  1.931578410035761E+01,  6.203587591394648E+00, -1.923077789332778E-03, -2.224200564400386E-03,  7.329707403541379E-04,  2.025088369513108E-01,  3.506331818722234E+01,  4.728951458393259E-04

2435289.500000000, A.D. 1955-Jul-01, -2.877313508284827E+01,  1.879699443982569E+01,  6.308901993986614E+00, -2.027248330338672E-03, -3.165432048132482E-03,  6.930800792304355E-04,  2.018147054456720E-01,  3.494313304265088E+01,  9.164191822357781E-05

2435473.500000000, A.D. 1956-Jan-01, -2.894376190227395E+01,  1.825869300293233E+01,  6.414241405315093E+00, -6.027703200156353E-04, -4.011442850645855E-03,  5.019329452716339E-04,  2.010895581913348E-01,  3.481757768766393E+01, -1.510091950561969E-03

2435655.500000000, A.D. 1956-Jul-01, -2.909881325024148E+01,  1.772403616798472E+01,  6.516150759290084E+00,  2.496421510256058E-04, -3.221894475737281E-03,  4.086892410528243E-04,  2.003482782226610E-01,  3.468922903977914E+01, -1.778828343815889E-03

2435839.500000000, A.D. 1957-Jan-01, -2.924607349644257E+01,  1.718595948692377E+01,  6.617587106787579E+00, -5.231141630780480E-04, -1.841637352243856E-03,  5.371168311145368E-04,  1.996093398139245E-01,  3.456128582042958E+01, -3.702655137000517E-04

2436020.500000000, A.D. 1957-Jul-01, -2.938980925841026E+01,  1.665288402320820E+01,  6.716535735484534E+00, -1.403626241767236E-03, -2.020314462944806E-03,  6.549240770391839E-04,  1.989153651894978E-01,  3.444112783899797E+01,  3.486258085798077E-04

2436204.500000000, A.D. 1958-Jan-01, -2.953419158307018E+01,  1.610461378064568E+01,  6.816128557954673E+00, -1.693792435295066E-03, -3.637912292257526E-03,  6.228466919574371E-04,  1.982346584646214E-01,  3.432326712316036E+01, -1.257741289295773E-04

2436385.500000000, A.D. 1958-Jul-01, -2.966455508031964E+01,  1.555702061635974E+01,  6.911784863352225E+00, -8.855521530841360E-04, -4.151030190898080E-03,  5.239568791664652E-04,  1.975345046364075E-01,  3.420203924575879E+01, -1.014169773958797E-03

2436569.500000000, A.D. 1959-Jan-01, -2.978355964122595E+01,  1.499454257804406E+01,  7.006490248356468E+00,  4.702199181150110E-04, -3.237371825680352E-03,  3.716377763853769E-04,  1.967907877960319E-01,  3.407326866661831E+01, -1.759263450393805E-03

2436750.500000000, A.D. 1959-Jul-01, -2.989316745163065E+01,  1.444394459558291E+01,  7.098151369732618E+00,  3.049581085663812E-04, -2.339949418020369E-03,  4.231481024679420E-04,  1.960797190911907E-01,  3.395015093691243E+01, -1.175567506209065E-03

2436934.500000000, A.D. 1960-Jan-01, -2.999964149379070E+01,  1.388645952851319E+01,  7.190007329515629E+00, -1.266184179577665E-03, -2.165003802937718E-03,  6.199512553394222E-04,  1.953891614363431E-01,  3.383058458542347E+01,  3.658904504722619E-04

2437116.500000000, A.D. 1960-Jul-01, -3.010244326985710E+01,  1.332715079415055E+01,  7.279551355573127E+00, -1.640670571002321E-03, -3.276905872873459E-03,  6.053129888304198E-04,  1.947267980169903E-01,  3.371589991448277E+01,  3.002376058821306E-04

2437300.500000000, A.D. 1961-Jan-01, -3.019796315125184E+01,  1.275147953857600E+01,  7.367881260665838E+00, -2.881072052718531E-04, -4.233510706032341E-03,  4.164495961479842E-04,  1.940439120276899E-01,  3.359766187070697E+01, -1.256483958999537E-03

2437481.500000000, A.D. 1961-Jul-01, -3.027843306101273E+01,  1.218437289571900E+01,  7.452197921248643E+00,  5.170890320419507E-04, -3.764646349538629E-03,  3.138015015578191E-04,  1.933529080514998E-01,  3.347801824107310E+01, -1.767965751818078E-03

2437665.500000000, A.D. 1962-Jan-01, -3.034807098048681E+01,  1.160948958785773E+01,  7.535576385178872E+00,  2.510463122674924E-04, -2.174406388499643E-03,  3.940673894200661E-04,  1.926436733852526E-01,  3.335521806530589E+01, -8.962014476634837E-04

2437846.500000000, A.D. 1962-Jul-01, -3.041449299838775E+01,  1.104354865323841E+01,  7.616349528186410E+00, -6.290738116090865E-04, -2.048107351793337E-03,  5.066764741914437E-04,  1.919880053639637E-01,  3.324169266660358E+01,  1.123928859360323E-05

2438030.500000000, A.D. 1963-Jan-01, -3.048035702743202E+01,  1.046511806951979E+01,  7.697195864893863E+00, -1.414562472679174E-03, -3.451337980705524E-03,  5.449796174121642E-04,  1.913621659544311E-01,  3.313333193192700E+01,  3.378025675038823E-04

2438211.500000000, A.D. 1963-Jul-01, -3.053481086660840E+01,  9.887731892861247E+00,  7.774154735956769E+00, -8.262837325655553E-04, -4.199267564563053E-03,  4.631321216626057E-04,  1.907302646344781E-01,  3.302392160999737E+01, -3.842776064458859E-04

2438395.500000000, A.D. 1964-Jan-01, -3.057731218852755E+01,  9.294071093414869E+00,  7.849539124652882E+00,  7.742937997122450E-04, -3.765397061002659E-03,  2.594068676367410E-04,  1.900634405834331E-01,  3.290846460462082E+01, -1.720999978062361E-03

2438577.500000000, A.D. 1964-Jul-01, -3.060834314224965E+01,  8.710538925590093E+00,  7.921801819912595E+00,  7.961761433130922E-04, -2.580915182263081E-03,  3.011065885427895E-04,  1.894069857749562E-01,  3.279480297793985E+01, -1.355869954875284E-03

2438761.500000000, A.D. 1965-Jan-01, -3.063472867517707E+01,  8.124169296389478E+00,  7.993200394456945E+00, -7.468705159294790E-04, -2.257895160664744E-03,  5.004870164331004E-04,  1.887790678759532E-01,  3.268608236396739E+01,  2.611859688279757E-04

2438942.500000000, A.D. 1965-Jul-01, -3.065679151820198E+01,  7.540560716785363E+00,  8.061647843385737E+00, -1.196579010171503E-03, -3.035743661949235E-03,  5.094969917992800E-04,  1.881870106351029E-01,  3.258357083047826E+01,  5.493397044981633E-04

2439126.500000000, A.D. 1966-Jan-01, -3.067278825328774E+01,  6.938878425203893E+00,  8.128988579682961E+00, -2.333996077984552E-04, -4.380055139925243E-03,  3.556150477069865E-04,  1.875975507904649E-01,  3.248150902220220E+01, -6.262905669730349E-04

2439307.500000000, A.D. 1966-Jul-01, -3.067364008873762E+01,  6.344771244859310E+00,  8.192154606748208E+00,  7.111323581580966E-04, -4.184345145703067E-03,  2.176064293867347E-04,  1.869912443698795E-01,  3.237653031972189E+01, -1.438667602602505E-03

2439491.500000000, A.D. 1967-Jan-01, -3.065990683006706E+01,  5.741420129908917E+00,  8.253379131353288E+00,  9.866271313751379E-04, -2.572663365145174E-03,  2.385760238755048E-04,  1.863544230705625E-01,  3.226626812977252E+01, -1.334259623897508E-03

2439672.500000000, A.D. 1967-Jul-01, -3.064185567636331E+01,  5.150064883880112E+00,  8.311858823371354E+00,  2.230347716305740E-04, -2.153122985316176E-03,  3.291440742191314E-04,  1.857647222880666E-01,  3.216416460439957E+01, -4.721752754906185E-04

2439856.500000000, A.D. 1968-Jan-01, -3.062014856857979E+01,  4.548881788714728E+00,  8.369647507862441E+00, -9.628442715565378E-04, -3.188531200674696E-03,  4.362491550465220E-04,  1.852075387684113E-01,  3.206769126855671E+01,  5.809409423739295E-04

2440038.500000000, A.D. 1968-Jul-01, -3.058945135534559E+01,  3.945606282807046E+00,  8.424070032178133E+00, -4.308320257948776E-04, -4.265993119452678E-03,  3.493528497360699E-04,  1.846583507987641E-01,  3.197260231928302E+01, -2.220779778694514E-05

2440222.500000000, A.D. 1969-Jan-01, -3.054321458757907E+01,  3.330038044611109E+00,  8.475697000399771E+00,  1.208771126512525E-03, -3.966899192004419E-03,  1.356188975731746E-04,  1.840764292818653E-01,  3.187184573199434E+01, -1.536786317973627E-03

2440403.500000000, A.D. 1969-Jul-01, -3.048580026889567E+01,  2.729108157445351E+00,  8.523811482067291E+00,  1.435328454469184E-03, -3.044029371019112E-03,  1.446009941540389E-04,  1.835022613014719E-01,  3.177243162793581E+01, -1.599879762182862E-03

2440587.500000000, A.D. 1970-Jan-01, -3.041793782956922E+01,  2.123699698194349E+00,  8.570269693002519E+00,  1.065898328359968E-04, -2.208251997115727E-03,  3.218306030486846E-04,  1.829308764583978E-01,  3.167349940916612E+01, -1.633457635311100E-04

2440768.500000000, A.D. 1970-Jul-01, -3.034716760912641E+01,  1.525082145112849E+00,  8.613973424717836E+00, -5.579581915436570E-04, -2.751674401528179E-03,  3.766464347894413E-04,  1.824073823017532E-01,  3.158285920570680E+01,  5.059815368340414E-04

2440952.500000000, A.D. 1971-Jan-01, -3.026942916073044E+01,  9.114103994417604E-01,  8.655985191533016E+00, -8.363868963765489E-05, -4.325920086416771E-03,  2.679007900035431E-04,  1.819054571165736E-01,  3.149595355388891E+01,  2.882757960276542E-05

2441133.500000000, A.D. 1971-Jul-01, -3.017746359667278E+01,  3.057285431867647E-01,  8.693838630430001E+00,  8.971175976954850E-04, -4.413348935168759E-03,  1.175084900515652E-04,  1.813876548914044E-01,  3.140629887781409E+01, -8.724498433674504E-04

2441317.500000000, A.D. 1972-Jan-01, -3.006799290431561E+01, -3.090415584976838E-01,  8.728772138941729E+00,  1.684027756722850E-03, -2.957772301466106E-03,  7.106269251424440E-05,  1.808365577849674E-01,  3.131087937175221E+01, -1.568176014623461E-03

2441499.500000000, A.D. 1972-Jul-01, -2.995258583987038E+01, -9.102019556593823E-01,  8.761024342609137E+00,  8.499137096751419E-04, -2.199438499495364E-03,  1.724166847550536E-04,  1.803165858470129E-01,  3.122084902155417E+01, -7.028839393372383E-04

2441683.500000000, A.D. 1973-Jan-01, -2.983299241479404E+01, -1.515549758150177E+00,  8.791694598788130E+00, -4.198446225780477E-04, -3.107825664544959E-03,  2.881457035659263E-04,  1.798402392800107E-01,  3.113837217018494E+01,  6.348621820272930E-04

2441864.500000000, A.D. 1973-Jul-01, -2.970579982386734E+01, -2.116455596522344E+00,  8.818792719761209E+00, -1.784926220754667E-04, -4.012470820738629E-03,  2.342246396765901E-04,  1.793840135805037E-01,  3.105937913902725E+01,  5.106367677866989E-04

2442048.500000000, A.D. 1974-Jan-01, -2.956410701715049E+01, -2.731952952118436E+00,  8.842924783934949E+00,  1.480576507899666E-03, -4.237676366893862E-03,  4.991499320578200E-08,  1.789196769044968E-01,  3.097898173582286E+01, -1.039231978183702E-03

2442229.500000000, A.D. 1974-Jul-01, -2.941113782323959E+01, -3.331809160434740E+00,  8.863384185104325E+00,  1.982574158343491E-03, -3.418230302366884E-03, -2.455439652691934E-05,  1.784509518684821E-01,  3.089782451163687E+01, -1.525625398449332E-03

2442413.500000000, A.D. 1975-Jan-01, -2.924422617963973E+01, -3.934316594203348E+00,  8.881156538863841E+00,  1.018270954480498E-03, -2.158838395269897E-03,  1.112018489199473E-04,  1.779739401301519E-01,  3.081523248942239E+01, -6.586804549201361E-04

2442594.500000000, A.D. 1975-Jul-01, -2.907676221287939E+01, -4.526222586311962E+00,  8.896443412723114E+00,  2.045390842577987E-04, -2.415340411858995E-03,  2.061054007841066E-04,  1.775529508895051E-01,  3.074234046199079E+01,  2.217996073899108E-04

2442778.500000000, A.D. 1976-Jan-01, -2.890228686933147E+01, -5.129681909607605E+00,  8.909474882327860E+00,  1.404211453566755E-04, -4.043183086025490E-03,  1.501322521471398E-04,  1.771714561526499E-01,  3.067628669591085E+01,  5.874032478621968E-04

2442960.500000000, A.D. 1976-Jul-01, -2.871516254164314E+01, -5.729953580032602E+00,  8.918590379712818E+00,  1.324022843733158E-03, -4.386481242413558E-03, -3.423208142823237E-05,  1.767850389077041E-01,  3.060938062397571E+01, -4.309299603960070E-04

2443144.500000000, A.D. 1977-Jan-01, -2.850926934399688E+01, -6.334046154835557E+00,  8.923865856820845E+00,  2.238249712082214E-03, -2.991242068795503E-03, -1.002169980501283E-04,  1.763694234060249E-01,  3.053741903060375E+01, -1.498441029942756E-03

2443325.500000000, A.D. 1977-Jul-01, -2.829950446046464E+01, -6.920788459356499E+00,  8.926453707663951E+00,  1.741946817383864E-03, -2.254155960496994E-03, -4.421305902466292E-05,  1.759819334721586E-01,  3.047032722833950E+01, -1.118805214681156E-03

2443509.500000000, A.D. 1978-Jan-01, -2.808113299573301E+01, -7.511118281011010E+00,  8.926687046739136E+00,  2.436689815628300E-04, -2.657667986714855E-03,  1.238517133404321E-04,  1.756225507667444E-01,  3.040810204182108E+01,  4.678076582122518E-04

2443690.500000000, A.D. 1978-Jul-01, -2.785851522260979E+01, -8.095432452995199E+00,  8.923840740330116E+00,  1.798559261594137E-04, -3.582370513437180E-03,  9.086948540658972E-05,  1.753008088097813E-01,  3.035239414886681E+01,  8.171093242472903E-04

2443874.500000000, A.D. 1979-Jan-01, -2.762144824763492E+01, -8.693099489863515E+00,  8.917521697978071E+00,  1.677389630257404E-03, -4.309370737773806E-03, -1.332286068887380E-04,  1.749931136935540E-01,  3.029911839099199E+01, -3.319638269347188E-04

2444055.500000000, A.D. 1979-Jul-01, -2.737290601665432E+01, -9.275368374065829E+00,  8.907558258741831E+00,  2.409965188968748E-03, -3.689647149533393E-03, -1.989265455636863E-04,  1.746703364827412E-01,  3.024323124939018E+01, -1.108243482855377E-03

2444239.500000000, A.D. 1980-Jan-01, -2.710643081651716E+01, -9.859051252938883E+00,  8.893939845126397E+00,  1.929035259819739E-03, -2.143380698681868E-03, -1.161421194225845E-04,  1.743270774638233E-01,  3.018379779264753E+01, -1.066483478813017E-03

2444421.500000000, A.D. 1980-Jul-01, -2.683935871076586E+01, -1.043051584350201E+01,  8.878168266673010E+00,  8.265255499533826E-04, -2.219443012402215E-03,  2.500256715056074E-05,  1.740309165519391E-01,  3.013251912034687E+01,  3.944233070305127E-05

2444605.500000000, A.D. 1981-Jan-01, -2.656519811388359E+01, -1.100831479893557E+01,  8.859564075016495E+00,  6.210487245305557E-04, -3.817839682431740E-03, -1.026904621168545E-05,  1.737830932952357E-01,  3.008960985359682E+01,  8.454320119609413E-04

2444786.500000000, A.D. 1981-Jul-01, -2.628113444381605E+01, -1.157693166900659E+01,  8.837417819708145E+00,  1.486389468889687E-03, -4.246671332389343E-03, -1.528437096394143E-04,  1.735371068729264E-01,  3.004701862486322E+01,  2.911662802246008E-04

2444970.500000000, A.D. 1982-Jan-01, -2.597643161144817E+01, -1.215250356675749E+01,  8.810830524488500E+00,  2.797152644310940E-03, -3.208041465338479E-03, -2.822543166414714E-04,  1.732741241362777E-01,  3.000148457552652E+01, -1.205313819707586E-03

2445151.500000000, A.D. 1982-Jul-01, -2.566738131128082E+01, -1.270795756071669E+01,  8.781726151021747E+00,  2.588470355090612E-03, -2.304383076832070E-03, -2.613843597834936E-04,  1.730175413866623E-01,  2.995705864959382E+01, -1.316906963473038E-03

2445335.500000000, A.D. 1983-Jan-01, -2.534658384717887E+01, -1.326228060781101E+01,  8.749436874524436E+00,  1.030437211250711E-03, -2.153425574147199E-03, -6.343919995338209E-05,  1.727729724801531E-01,  2.991471285611274E+01,  6.305304656833826E-05

2445516.500000000, A.D. 1983-Jul-01, -2.502533069748300E+01, -1.380728237550988E+01,  8.714763271964525E+00,  6.771444075757081E-04, -2.978096299695607E-03, -7.295532249158531E-05,  1.725764426138794E-01,  2.988068476460726E+01,  7.877284487389296E-04

2445700.500000000, A.D. 1984-Jan-01, -2.469066688947375E+01, -1.436196538948325E+01,  8.676265813174922E+00,  1.840408000473364E-03, -4.119973244810706E-03, -2.601132729412293E-04,  1.724137493565691E-01,  2.985251530033170E+01,  3.843294360344097E-04

2445882.500000000, A.D. 1984-Jul-01, -2.434341376092116E+01, -1.490467761655729E+01,  8.634072895780966E+00,  2.896095181684806E-03, -3.528117580146289E-03, -3.699373965035234E-04,  1.722323501861225E-01,  2.982110700759731E+01, -7.078695843277602E-04

2446066.500000000, A.D. 1985-Jan-01, -2.397917718053968E+01, -1.544145718339534E+01,  8.587871047294364E+00,  2.543829941749906E-03, -1.926348988801912E-03, -3.030800488590418E-04,  1.720281610662407E-01,  2.978575275743931E+01, -1.136655034769081E-03

2446247.500000000, A.D. 1985-Jul-01, -2.361791968703286E+01, -1.596139956365765E+01,  8.540030310174053E+00,  1.681615539065156E-03, -1.771832056409234E-03, -1.851777683093700E-04,  1.718645711915871E-01,  2.975742804868318E+01, -4.374291039836944E-04

2446431.500000000, A.D. 1986-Jan-01, -2.324814732396990E+01, -1.648429517273100E+01,  8.488894070535034E+00,  9.597358221279988E-04, -3.186230590041949E-03, -1.618829026214576E-04,  1.717446944698379E-01,  2.973667203772971E+01,  9.697278465102418E-04

2446612.500000000, A.D. 1986-Jul-01, -2.287321428549252E+01, -1.699777344539887E+01,  8.434950044184593E+00,  1.617005309377559E-03, -3.833553538989913E-03, -2.716119304535564E-04,  1.716462881532591E-01,  2.971963351219284E+01,  8.709640557642063E-04

2446796.500000000, A.D. 1987-Jan-01, -2.247872461131458E+01, -1.751689367426304E+01,  8.376148878504095E+00,  3.176644053932037E-03, -3.267501167791429E-03, -4.557872550309295E-04,  1.715527764546473E-01,  2.970344246348598E+01, -6.055923742492742E-04

2446977.500000000, A.D. 1987-Jul-01, -2.208102382231255E+01, -1.801498936511021E+01,  8.315203414685461E+00,  3.272369755754798E-03, -2.298367229449055E-03, -4.640790611482633E-04,  1.714515962009741E-01,  2.968592364562985E+01, -1.169278933170343E-03

2447161.500000000, A.D. 1988-Jan-01, -2.166987615349949E+01, -1.850841576881297E+01,  8.250407543930123E+00,  1.827132867220095E-03, -1.616446041465780E-03, -2.646412695612640E-04,  1.713504126764261E-01,  2.966840426143930E+01, -3.997277968732759E-04

2447343.500000000, A.D. 1988-Jul-01, -2.126161332237771E+01, -1.899271206464075E+01,  8.183879537642021E+00,  1.148504851528855E-03, -2.530480125714388E-03, -2.434085779474690E-04,  1.713057289060736E-01,  2.966066750643511E+01,  7.299089906139187E-04

2447527.500000000, A.D. 1989-Jan-01, -2.084239153763349E+01, -1.948231390643562E+01,  8.113479737202592E+00,  2.195274631292553E-03, -3.759558091425265E-03, -4.228122875896944E-04,  1.713095450473824E-01,  2.966132825082026E+01,  8.111450153932002E-04

2447708.500000000, A.D. 1989-Jul-01, -2.041621743825079E+01, -1.995653992944964E+01,  8.040411326447863E+00,  3.099471570368024E-03, -3.466653603021963E-03, -5.298694191973297E-04,  1.713036296011556E-01,  2.966030402305621E+01,  5.537898212502068E-05

2447892.500000000, A.D. 1990-Jan-01, -1.996982500462115E+01, -2.042819249993452E+01,  7.962525929404469E+00,  3.285614825258667E-03, -1.800304060449138E-03, -5.238634963556428E-04,  1.712815412291146E-01,  2.965647953999280E+01, -1.112993597787772E-03

2448073.500000000, A.D. 1990-Jul-01, -1.952796904492005E+01, -2.088098451375860E+01,  7.883617948529205E+00,  2.491624992645927E-03, -1.353144976953161E-03, -4.037836909123173E-04,  1.712817109060476E-01,  2.965650891864303E+01, -7.952605897413386E-04

2448257.500000000, A.D. 1991-Jan-01, -1.907727744028002E+01, -2.133216518883437E+01,  7.801188837813021E+00,  1.344336493647160E-03, -2.422397363447106E-03, -3.221657248537289E-04,  1.713161593890228E-01,  2.966247348857395E+01,  7.927668203413233E-04

2448438.500000000, A.D. 1991-Jul-01, -1.862574426859545E+01, -2.177437722395636E+01,  7.716894325259884E+00,  1.721905262858788E-03, -3.223946221300025E-03, -3.888717233476858E-04,  1.713872108645985E-01,  2.967477567021348E+01,  1.183724941573266E-03

2448622.500000000, A.D. 1992-Jan-01, -1.815587055431883E+01, -2.222097051035714E+01,  7.627637430669024E+00,  3.369133387040205E-03, -3.189163779472144E-03, -6.099632244109229E-04,  1.714840793877883E-01,  2.969154793507887E+01,  1.698862696614810E-04

2448804.500000000, A.D. 1992-Jul-01, -1.767938989751577E+01, -2.264910116984293E+01,  7.536103916910225E+00,  3.718929904932050E-03, -1.986992525027286E-03, -6.389342590628045E-04,  1.715567603751071E-01,  2.970413225793058E+01, -8.604827038267543E-04

2448988.500000000, A.D. 1993-Jan-01, -1.719216062559213E+01, -2.306641227352184E+01,  7.441066531622497E+00,  2.333473932516290E-03, -1.161560377326732E-03, -4.408338083039595E-04,  1.716212772876294E-01,  2.971530301505054E+01, -5.587929494784000E-04

2449169.500000000, A.D. 1993-Jul-01, -1.671160485615754E+01, -2.347110054487649E+01,  7.345374355443259E+00,  1.666705713685773E-03, -1.723446793908174E-03, -4.088416558106232E-04,  1.717306281557049E-01,  2.973423653093607E+01,  3.226842788089148E-04

2449353.500000000, A.D. 1994-Jan-01, -1.622027326341805E+01, -2.387853524005628E+01,  7.245635545300209E+00,  2.223804544301021E-03, -3.201818827554770E-03, -5.259919599957420E-04,  1.718913938412126E-01,  2.976207224649994E+01,  1.228841861825081E-03

2449534.500000000, A.D. 1994-Jul-01, -1.572475333241051E+01, -2.427192984021422E+01,  7.144012424505549E+00,  3.161185196404917E-03, -3.210760718825548E-03, -6.614186416756009E-04,  1.720514560175439E-01,  2.978978615322585E+01,  7.887709678318708E-04

2449718.500000000, A.D. 1995-Jan-01, -1.520877773243969E+01, -2.466130461078069E+01,  7.037324296006538E+00,  3.863406679076985E-03, -1.659588429995714E-03, -7.131510447757208E-04,  1.722044954855093E-01,  2.981628411569138E+01, -7.663179206677625E-04

2449899.500000000, A.D. 1995-Jul-01, -1.469867413915740E+01, -2.502972923419891E+01,  6.930298861669685E+00,  3.231738408425887E-03, -9.624075668840338E-04, -6.140018274832628E-04,  1.723551900261036E-01,  2.984237606656860E+01, -9.271609291683176E-04

2450083.500000000, A.D. 1996-Jan-01, -1.417979642884414E+01, -2.539117463988017E+01,  6.819680994130336E+00,  1.786218925157938E-03, -1.555522873345402E-03, -4.782649807585148E-04,  1.725214539585701E-01,  2.987116377408248E+01,  3.651252987799273E-04

2450265.500000000, A.D. 1996-Jul-01, -1.366347036557431E+01, -2.574571650256370E+01,  6.707795312137381E+00,  1.998649897820703E-03, -2.649305190170879E-03, -5.278412317698712E-04,  1.727379093985066E-01,  2.990864187172063E+01,  1.249107730303996E-03

2450449.500000000, A.D. 1997-Jan-01, -1.313233661482975E+01, -2.609996093989267E+01,  6.591464507862033E+00,  3.623937018328638E-03, -2.749583680117954E-03, -7.466052250246465E-04,  1.729874888130519E-01,  2.995185520777513E+01,  6.427663288542775E-04

2450630.500000000, A.D. 1997-Jul-01, -1.260136999211208E+01, -2.643383018303253E+01,  6.474335715835822E+00,  4.077324955609867E-03, -1.851581930881505E-03, -7.909278243167264E-04,  1.732134591415712E-01,  2.999098075730188E+01, -2.519494222475916E-04

2450814.500000000, A.D. 1998-Jan-01, -1.205576573735254E+01, -2.675712650139014E+01,  6.352858909709581E+00,  3.006971387988721E-03, -5.985807008357535E-04, -6.226547560603913E-04,  1.734237387204954E-01,  3.002738953775360E+01, -8.056205113420546E-04

2450995.500000000, A.D. 1998-Jul-01, -1.152110319545847E+01, -2.706615108460637E+01,  6.231815525922930E+00,  2.181606438134978E-03, -8.747953582928147E-04, -5.604588532589904E-04,  1.736643600693292E-01,  3.006905183281102E+01, -1.646159573260336E-04

2451179.500000000, A.D. 1999-Jan-01, -1.097898214545768E+01, -2.737384210110371E+01,  6.107020194028376E+00,  2.180484093222218E-03, -2.442055868947262E-03, -6.068658273662888E-04,  1.739534900318515E-01,  3.011911313396705E+01,  1.301592573245187E-03

2451360.500000000, A.D. 1999-Jul-01, -1.043711017766166E+01, -2.767025392214016E+01,  5.981338921605724E+00,  3.048451763810910E-03, -2.746530295294026E-03, -7.535976885077211E-04,  1.742592312284764E-01,  3.017205058115005E+01,  1.314880486934385E-03

2451544.500000000, A.D. 2000-Jan-01, -9.876735976020649E+00, -2.796266887508489E+01,  5.850653717151709E+00,  4.181644442538959E-03, -1.492571279577588E-03, -8.569927458663538E-04,  1.745784444667648E-01,  3.022732064003826E+01, -1.514751998684173E-04

2451726.500000000, A.D. 2000-Jul-01, -9.319944549501614E+00, -2.823517628871723E+01,  5.719576922456540E+00,  3.551004928261846E-03, -4.634908581509259E-04, -7.501165095578019E-04,  1.748752281929517E-01,  3.027870714929259E+01, -8.025036173347742E-04

2451910.500000000, A.D. 2001-Jan-01, -8.759994349831670E+00, -2.849718319717124E+01,  5.585902819640411E+00,  2.039344407854104E-03, -9.243376804700518E-04, -6.021023187341694E-04,  1.751829303935793E-01,  3.033198413379330E+01,  1.685708941346453E-04

2452091.500000000, A.D. 2001-Jul-01, -8.207978902312648E+00, -2.875128294707267E+01,  5.452481726903121E+00,  2.001004519600389E-03, -1.785192521352743E-03, -6.133021258694105E-04,  1.755355468701195E-01,  3.039303778409874E+01,  1.038341544070190E-03

2452275.500000000, A.D. 2002-Jan-01, -7.642873588309439E+00, -2.900595029670087E+01,  5.314584152558244E+00,  3.482916111358196E-03, -2.411931856031287E-03, -8.373814905974139E-04,  1.759404780441600E-01,  3.046314944348634E+01,  1.276642575970325E-03

2452456.500000000, A.D. 2002-Jul-01, -7.079060351746718E+00, -2.924359670188665E+01,  5.176579405538184E+00,  4.168791034231133E-03, -1.693305464256510E-03, -8.988488736083977E-04,  1.763281937892522E-01,  3.053028034375233E+01,  5.029189389675932E-04

2452640.500000000, A.D. 2003-Jan-01, -6.499877495900069E+00, -2.947000776357910E+01,  5.034187444011308E+00,  3.546269275488022E-03, -1.528501166418335E-04, -7.843271697121847E-04,  1.767037562309766E-01,  3.059530696477095E+01, -7.352196776358782E-04

2452821.500000000, A.D. 2003-Jul-01, -5.933714495516504E+00, -2.968172950043948E+01,  4.893207795326153E+00,  2.658937149048558E-03, -1.125482371218028E-04, -6.914785687988503E-04,  1.770888745509528E-01,  3.066198813481935E+01, -5.159579290019445E-04

2453005.500000000, A.D. 2004-Jan-01, -5.361904270242211E+00, -2.988854124359439E+01,  4.748865258836596E+00,  2.110635249229017E-03, -1.592954955219120E-03, -6.688734210741839E-04,  1.775092791645860E-01,  3.073477893722143E+01,  1.077531289170403E-03

2453187.500000000, A.D. 2004-Jul-01, -4.790744172014311E+00, -3.008922095761054E+01,  4.603860195032737E+00,  3.091754525293222E-03, -2.209459849373230E-03, -8.420889903167189E-04,  1.779673260789880E-01,  3.081408730196313E+01,  1.550987383785772E-03

2453371.500000000, A.D. 2005-Jan-01, -4.204367444659880E+00, -3.028283119553279E+01,  4.454814260205388E+00,  4.319313872193620E-03, -1.056904672508974E-03, -9.611769814011676E-04,  1.784412672457236E-01,  3.089614767118676E+01,  3.095602189082238E-04

2453552.500000000, A.D. 2005-Jul-01, -3.626595230830961E+00, -3.045711962551977E+01,  4.306963009949505E+00,  3.993282366479962E-03, -1.517221679415410E-04, -8.996470987136918E-04,  1.788862042933235E-01,  3.097318613285661E+01, -4.434721466512663E-04

2453736.500000000, A.D. 2006-Jan-01, -3.041135153893543E+00, -3.061873771942647E+01,  4.155831413911695E+00,  2.397001208102447E-03, -6.230786666952765E-05, -7.156605476524138E-04,  1.793227792534226E-01,  3.104877674395775E+01, -2.691243221919089E-04

2453917.500000000, A.D. 2006-Jul-01, -2.467513561081419E+00, -3.077265259964946E+01,  4.006054830310940E+00,  2.038218438889334E-03, -8.658689198766568E-04, -6.868812315957171E-04,  1.797934020259417E-01,  3.113026255103370E+01,  6.059720159180636E-04

2454101.500000000, A.D. 2007-Jan-01, -1.884350758432088E+00, -3.092490894163826E+01,  3.852414496002206E+00,  3.214193497464041E-03, -1.934516433184889E-03, -8.875116496750218E-04,  1.803166278998284E-01,  3.122085630277346E+01,  1.612672418552470E-03

2454282.500000000, A.D. 2007-Jul-01, -1.303942838248904E+00, -3.106320671190471E+01,  3.699342516376835E+00,  4.051403590329905E-03, -1.473878103098884E-03, -9.639909058307775E-04,  1.808307515472267E-01,  3.130987405285137E+01,  1.179642207520795E-03

2454466.500000000, A.D. 2008-Jan-01, -7.084353025668373E-01, -3.118951405580795E+01,  3.542022337987244E+00,  3.949850104261412E-03,  1.950139186355922E-04, -9.170878887890716E-04,  1.813396496916121E-01,  3.139798703512959E+01, -3.862970063809211E-04

2454648.500000000, A.D. 2008-Jul-01, -1.247247506380648E-01, -3.129992108554885E+01,  3.386134926461384E+00,  2.821355944287004E-03,  4.850409660748162E-04, -7.805544474333658E-04,  1.818294729432023E-01,  3.148279730210149E+01, -5.773533838194907E-04

2454832.500000000, A.D. 2009-Jan-01,  4.585581232930170E-01, -3.140319478325772E+01,  3.228197479717495E+00,  2.128768183631041E-03, -9.362461498613733E-04, -7.346829051498151E-04,  1.823447555962590E-01,  3.157201572778839E+01,  8.870381571784794E-04

2455013.500000000, A.D. 2009-Jul-01,  1.035188769042335E+00, -3.150000873950763E+01,  3.071284640037371E+00,  2.766232614500201E-03, -1.556053036099071E-03, -8.615099786261467E-04,  1.828893326185983E-01,  3.166630631628416E+01,  1.554753949355819E-03

2455197.500000000, A.D. 2010-Jan-01,  1.625977692675494E+00, -3.159176878130062E+01,  2.910072485043108E+00,  4.258740490815874E-03, -8.687572667225882E-04, -1.018813351010866E-03,  1.834717899728242E-01,  3.176715568093001E+01,  9.886114875880037E-04

2455378.500000000, A.D. 2010-Jul-01,  2.207640024512071E+00, -3.166617376047929E+01,  2.750610684654115E+00,  4.228918907295533E-03,  9.085820619739064E-05, -1.005213666430969E-03,  1.840194789967876E-01,  3.186198509580388E+01,  1.159327465880507E-04

2455562.500000000, A.D. 2011-Jan-01,  2.796402025962831E+00, -3.172590283036195E+01,  2.588075440470049E+00,  2.718451861681309E-03,  7.177591510513098E-04, -8.033715427402312E-04,  1.845502614638964E-01,  3.195388723110135E+01, -5.398047136787405E-04

2455743.500000000, A.D. 2011-Jul-01,  3.369387542007365E+00, -3.177880245048978E+01,  2.427889639407657E+00,  2.082091279240481E-03,  6.180696725911632E-05, -7.465053720818665E-04,  1.850997045632265E-01,  3.204902035471027E+01,  1.010573278221273E-04

2455927.500000000, A.D. 2012-Jan-01,  3.947523626287985E+00, -3.182860791731008E+01,  2.264553695230366E+00,  2.816191014979619E-03, -1.329686054170391E-03, -8.961070162606693E-04,  1.856962908161946E-01,  3.215231606233892E+01,  1.598944041368750E-03

2456109.500000000, A.D. 2012-Jul-01,  4.524711892198489E+00, -3.187038000591369E+01,  2.101430689963334E+00,  3.944985578942820E-03, -1.006942589206077E-03, -1.006754390325481E-03,  1.863094979487163E-01,  3.225848958605262E+01,  1.482584651865515E-03

2456293.500000000, A.D. 2013-Jan-01,  5.112224005034854E+00, -3.189887423481290E+01,  1.935344096268703E+00,  3.974191867836263E-03,  6.570235017016932E-04, -9.712717718538344E-04,  1.869179894701473E-01,  3.236384662701619E+01, -7.789852984153877E-05

2456474.500000000, A.D. 2013-Jul-01,  5.683618963833569E+00, -3.191442451701232E+01,  1.772170293433337E+00,  3.136259192801462E-03,  1.080994915834757E-03, -8.584921420821469E-04,  1.875020584713170E-01,  3.246497503968012E+01, -5.604631659221479E-04

2456658.500000000, A.D. 2014-Jan-01,  6.256714046684134E+00, -3.192023006142450E+01,  1.606531310026117E+00,  1.986866647116438E-03, -4.769461011479629E-05, -7.522005460888704E-04,  1.880929912838448E-01,  3.256729188444039E+01,  3.913511047823606E-04

2456839.500000000, A.D. 2014-Jul-01,  6.820026155090344E+00, -3.192325133320248E+01,  1.442824222074219E+00,  2.372110100067331E-03, -8.351783165108265E-04, -8.452976858127073E-04,  1.887179646097966E-01,  3.267550266139352E+01,  1.273732333564058E-03

2457023.500000000, A.D. 2015-Jan-01,  7.394670046226040E+00, -3.192249801491314E+01,  1.275350006625347E+00,  3.968940709538071E-03, -6.938447346155923E-04, -1.029241918136058E-03,  1.893941679883057E-01,  3.279258364697855E+01,  1.530395439305454E-03

2457204.500000000, A.D. 2015-Jul-01,  7.961346754871947E+00, -3.190779663709731E+01,  1.110017209925724E+00,  4.250715817951193E-03,  2.219345469213728E-04, -1.061045989245146E-03,  1.900419950684896E-01,  3.290475142881343E+01,  7.774622136251413E-04

2457388.500000000, A.D. 2016-Jan-01,  8.536038336971639E+00, -3.187783843294122E+01,  9.417661535084000E-01,  2.999972368183736E-03,  1.314990356906272E-03, -8.657758774500931E-04,  1.906749968519930E-01,  3.301435229010026E+01, -5.187601216911958E-04

2457570.500000000, A.D. 2016-Jul-01,  9.095575614545014E+00, -3.184072689377462E+01,  7.758567745156039E-01,  2.023208620680185E-03,  6.453622865309550E-04, -7.701340341067569E-04,  1.913051274361703E-01,  3.312345601863444E+01, -8.284374147676878E-05

2457754.500000000, A.D. 2017-Jan-01,  9.655841331171242E+00, -3.180076944483622E+01,  6.081396274691966E-01,  2.620266991773961E-03, -8.128419434153356E-04, -9.049652589817827E-04,  1.919779203102487E-01,  3.323994649368260E+01,  1.522250835441789E-03

2457935.500000000, A.D. 2017-Jul-01,  1.021067466766003E+01, -3.175426209323743E+01,  4.421977973941743E-01,  3.517777166520888E-03, -7.502765864158919E-04, -9.963016655958831E-04,  1.926623733090994E-01,  3.335845585675138E+01,  1.777744012514554E-03

2458119.500000000, A.D. 2018-Jan-01,  1.077834552536416E+01, -3.169679456609579E+01,  2.726742621499253E-01,  4.080433117175223E-03,  8.112094510292591E-04, -1.033960344247708E-03,  1.933663780280682E-01,  3.348035049521818E+01,  5.372000015146879E-04

2458300.500000000, A.D. 2018-Jul-01,  1.133066460928104E+01, -3.162673810575508E+01,  1.064489357145839E-01,  3.393468529544765E-03,  1.494454682990580E-03, -9.158203065979014E-04,  1.940304148051498E-01,  3.359532489906816E+01, -2.652738505479026E-04

2458484.500000000, A.D. 2019-Jan-01,  1.188394180082916E+01, -3.154385893223013E+01, -6.183046119078846E-02,  1.921505831097632E-03,  7.996434328058934E-04, -7.643407551283755E-04,  1.946826855308452E-01,  3.370826207427283E+01, -6.946417549618570E-05

2458665.500000000, A.D. 2019-Jul-01,  1.242443462819241E+01, -3.146007030846762E+01, -2.274064756592251E-01,  2.003660760281311E-03, -5.901103666997005E-05, -8.068179286023951E-04,  1.953589299080325E-01,  3.382535015855896E+01,  7.962761358326730E-04

2458849.500000000, A.D. 2020-Jan-01,  1.297265930022530E+01, -3.137242081923421E+01, -3.961300862536977E-01,  3.525244921300987E-03, -4.702085508945909E-04, -1.003146314569095E-03,  1.960850647756156E-01,  3.395107651347858E+01,  1.793190806697994E-03

2459031.500000000, A.D. 2020-Jul-01,  1.351750743111709E+01, -3.127357755690290E+01, -5.635136363421147E-01,  4.109104385445703E-03,  5.843845868696845E-04, -1.069757864961038E-03,  1.967983788671832E-01,  3.407458301984442E+01,  1.111440615059155E-03

2459215.500000000, A.D. 2021-Jan-01,  1.406523807465571E+01, -3.115829783001919E+01, -7.324172843878254E-01,  2.948646089083741E-03,  1.782914928829617E-03, -8.832404979251313E-04,  1.974861520920067E-01,  3.419366726221967E+01, -3.928295964055582E-04

2459396.500000000, A.D. 2021-Jul-01,  1.459436395719649E+01, -3.103815868242780E+01, -8.977131709935509E-01,  2.072846169833290E-03,  1.429803320337825E-03, -7.939028638744991E-04,  1.981574062899733E-01,  3.430989132375764E+01, -3.909628779500621E-04

2459580.500000000, A.D. 2022-Jan-01,  1.512334644093804E+01, -3.091189051301872E+01, -1.064986691075365E+00,  2.133305481305131E-03, -1.426985401764890E-04, -8.564142287943125E-04,  1.988485698127002E-01,  3.442956257801800E+01,  1.091674318515551E-03

2459761.500000000, A.D. 2022-Jul-01,  1.564492450687565E+01, -3.078338248045967E+01, -1.230045170974756E+00,  2.963712281061711E-03, -4.057309088003385E-04, -9.559418527309142E-04,  1.995601060752928E-01,  3.455276126283901E+01,  1.737420516122531E-03

2459945.500000000, A.D. 2023-Jan-01,  1.617718289178248E+01, -3.064584969506898E+01, -1.398295679469961E+00,  3.990987673638783E-03,  8.819124524056542E-04, -1.057426506386617E-03,  2.003051493023887E-01,  3.468176149872096E+01,  1.124930634545393E-03

2460126.500000000, A.D. 2023-Jul-01,  1.669490472514811E+01, -3.049752314309365E+01, -1.563079898924913E+00,  3.524743875086470E-03,  1.739915716290483E-03, -9.536892394937210E-04,  2.010064573767727E-01,  3.480318922765166E+01,  2.089703843810912E-04

2460310.500000000, A.D. 2024-Jan-01,  1.721280940731560E+01, -3.033497322788841E+01, -1.729571582923170E+00,  1.896037491671647E-03,  1.560133503336417E-03, -7.727703288309192E-04,  2.016874202157010E-01,  3.492109428826270E+01, -3.824025207019181E-04

2460492.500000000, A.D. 2024-Jul-01,  1.771690102658873E+01, -3.017330317910611E+01, -1.893515557037392E+00,  1.745825832182770E-03,  4.480317977912240E-04, -7.873303310070541E-04,  2.023824535836101E-01,  3.504143558544568E+01,  5.394426947493539E-04

2460676.500000000, A.D. 2025-Jan-01,  1.822458329134470E+01, -3.000989899482694E+01, -2.059352897381873E+00,  3.216260984639439E-03, -1.076323477298150E-04, -9.774649887228969E-04,  2.031283878661498E-01,  3.517059010279513E+01,  1.815664657749159E-03

2460857.500000000, A.D. 2025-Jul-01,  1.872487060039216E+01, -2.983923309276180E+01, -2.222519564293567E+00,  3.827403023949731E-03,  6.069844785307420E-04, -1.052246247322320E-03,  2.038635424705338E-01,  3.529787817672996E+01,  1.583503478926323E-03

2461041.500000000, A.D. 2026-Jan-01,  1.923227342947171E+01, -2.965389639141696E+01, -2.388098903405313E+00,  3.095815394522046E-03,  2.109033335060509E-03, -9.022932051105458E-04,  2.045982507633859E-01,  3.542508897421855E+01, -2.390177301332315E-05

2461222.500000000, A.D. 2026-Jul-01,  1.972120996499089E+01, -2.946448906634422E+01, -2.549694441029442E+00,  2.152650974105119E-03,  2.049233430951215E-03, -8.063529310402537E-04,  2.053018603579984E-01,  3.554691519902382E+01, -4.464742018917754E-04

2461406.500000000, A.D. 2027-Jan-01,  2.020806470820920E+01, -2.926761477473832E+01, -2.712703671423079E+00,  1.671016789435147E-03,  5.359741162098295E-04, -7.882835302360395E-04,  2.060102303995507E-01,  3.566956566966584E+01,  5.668617123291253E-04

2461587.500000000, A.D. 2027-Jul-01,  2.068671459646071E+01, -2.907267603632753E+01, -2.873135625461694E+00,  2.354341027187563E-03, -1.683150389875213E-05, -8.914812963384212E-04,  2.067454514032334E-01,  3.579686524028285E+01,  1.445776440947197E-03

2461771.500000000, A.D. 2028-Jan-01,  2.117470610822286E+01, -2.887098946669619E+01, -3.036350600050183E+00,  3.734303563720200E-03,  8.571918964983631E-04, -1.040348980431000E-03,  2.075269704643140E-01,  3.593218107104158E+01,  1.599782278823130E-03

2461953.500000000, A.D. 2028-Jul-01,  2.165440670221923E+01, -2.865854694181535E+01, -3.197105704454859E+00,  3.372632740437235E-03,  2.024214958201790E-03, -9.354852784641561E-04,  2.082750831197715E-01,  3.606171276196972E+01,  4.994811826548622E-04

2462137.500000000, A.D. 2029-Jan-01,  2.213027082070222E+01, -2.843244730124539E+01, -3.358202820838732E+00,  1.729575871699282E-03,  1.982269238312285E-03, -7.447529743124391E-04,  2.089932156840799E-01,  3.618605356102830E+01, -4.306562925987590E-04

2462318.500000000, A.D. 2029-Jul-01,  2.259079029633921E+01, -2.820935787744090E+01, -3.515713571627825E+00,  1.415565704832180E-03,  1.159641433265665E-03, -7.238733366472792E-04,  2.097135099693957E-01,  3.631076865047667E+01,  4.987333425177559E-05

2462502.500000000, A.D. 2030-Jan-01,  2.305382758398319E+01, -2.798282393652436E+01, -3.675256880679231E+00,  2.604995450163568E-03,  1.257060536366396E-04, -9.018835084792660E-04,  2.104718788994690E-01,  3.644207616030575E+01,  1.642391583434679E-03

2462683.500000000, A.D. 2030-Jul-01,  2.351079358961367E+01, -2.775250676890118E+01, -3.832107300351441E+00,  3.409218130295352E-03,  6.059753404701950E-04, -9.968755891329242E-04,  2.112327508170442E-01,  3.657381704898645E+01,  1.836183058439504E-03

2462867.500000000, A.D. 2031-Jan-01,  2.397541126897063E+01, -2.750837556457741E+01, -3.991260218338312E+00,  3.187640989267774E-03,  2.251370744528709E-03, -9.062202753498709E-04,  2.120064655258034E-01,  3.670778159802924E+01,  4.933671245050968E-04

2463048.500000000, A.D. 2031-Jul-01,  2.442239312289311E+01, -2.725963801674625E+01, -4.146263090860455E+00,  2.281459896999039E-03,  2.508556226178750E-03, -8.074872221348504E-04,  2.127345870603691E-01,  3.683385193367381E+01, -2.529078338849076E-04

2463232.500000000, A.D. 2032-Jan-01,  2.486567506368802E+01, -2.700088808231200E+01, -4.302231587237281E+00,  1.303452948589665E-03,  1.229058877622838E-03, -7.133821610354786E-04,  2.134488862593414E-01,  3.695752900609937E+01,  6.208996131126965E-05

2463414.500000000, A.D. 2032-Jul-01,  2.530082002710348E+01, -2.674623219250794E+01, -4.456104099276475E+00,  2.006682006267669E-03,  3.337218017826099E-04, -8.348152000579477E-04,  2.141891518481336E-01,  3.708570201955219E+01,  1.228638543908901E-03

2463598.500000000, A.D. 2033-Jan-01,  2.574211200255112E+01, -2.648607496788465E+01, -4.611644042032331E+00,  3.448512472567703E-03,  1.073836124666719E-03, -9.976327416744515E-04,  2.149731216616334E-01,  3.722144218493830E+01,  1.744451947255301E-03

2463779.500000000, A.D. 2033-Jul-01,  2.617201651227896E+01, -2.621883043518023E+01, -4.763712591306700E+00,  3.342179064959069E-03,  2.023849486499328E-03, -9.349901882064287E-04,  2.157211744670049E-01,  3.735096351314528E+01,  1.040471785443480E-03

2463963.500000000, A.D. 2034-Jan-01,  2.660193423277513E+01, -2.593593742757471E+01, -4.916964101573797E+00,  1.773724491480683E-03,  2.523530923357509E-03, -7.393110936754670E-04,  2.164480804731594E-01,  3.747682338656958E+01, -3.903871893545830E-04

2464144.500000000, A.D. 2034-Jul-01,  2.701471586162874E+01, -2.565665388723920E+01, -5.066310503009531E+00,  1.173728070296893E-03,  1.839304002959343E-03, -6.667318684311415E-04,  2.171568982420670E-01,  3.759955137880008E+01, -3.219342988904434E-04

2464328.500000000, A.D. 2035-Jan-01,  2.742624180378562E+01, -2.537361451995152E+01, -5.217043704835464E+00,  1.946265698348855E-03,  4.474410712006327E-04, -8.133085239728862E-04,  2.178860963651753E-01,  3.772580811997241E+01,  1.226444834905393E-03

2464509.500000000, A.D. 2035-Jul-01,  2.783181965644893E+01, -2.509114785967872E+01, -5.365093682852826E+00,  2.840557928672132E-03,  6.335916791577861E-04, -9.125496152707492E-04,  2.186291257220049E-01,  3.785445966502685E+01,  1.797840155915467E-03

2464693.500000000, A.D. 2036-Jan-01,  2.824452150418993E+01, -2.479729969975469E+01, -5.515284841938085E+00,  3.153185175565558E-03,  2.236191064421780E-03, -8.963235865731979E-04,  2.193995762457744E-01,  3.798785903795860E+01,  1.014855465783166E-03

2464875.500000000, A.D. 2036-Jul-01,  2.864328943468068E+01, -2.449682301291222E+01, -5.662132869966674E+00,  2.094405466939942E-03,  2.786614274380208E-03, -7.702212426047727E-04,  2.201216745416907E-01,  3.811288648215972E+01, -1.026277474035016E-04

2465059.500000000, A.D. 2037-Jan-01,  2.903404928316589E+01, -2.418900042722142E+01, -5.808695973717539E+00,  1.005202496360953E-03,  1.589678926240165E-03, -6.602323697244938E-04,  2.208201068835563E-01,  3.823381629343984E+01, -1.420877334774039E-04

2465240.500000000, A.D. 2037-Jul-01,  2.941490660007669E+01, -2.388830761746479E+01, -5.952257651689658E+00,  1.389889847314728E-03,  7.727184408646663E-04, -7.425919127912061E-04,  2.215359151700017E-01,  3.835775465626161E+01,  6.998491663981376E-04

2465424.500000000, A.D. 2038-Jan-01,  2.980099573865294E+01, -2.358353991786079E+01, -6.097762937926250E+00,  2.979065521115686E-03,  9.857440878521168E-04, -9.291967765726944E-04,  2.222985988082297E-01,  3.848980923464925E+01,  1.849783278671402E-03

2465605.500000000, A.D. 2038-Jul-01,  3.017873748889009E+01, -2.327459274982849E+01, -6.240073694780707E+00,  3.175161453022670E-03,  1.886278062688295E-03, -9.154095648735555E-04,  2.230428149284086E-01,  3.861866626140787E+01,  1.492341372154512E-03

2465789.500000000, A.D. 2039-Jan-01,  3.055801536850807E+01, -2.295046702383582E+01, -6.383473835278039E+00,  1.860264078138763E-03,  2.874531585676974E-03, -7.307864495008874E-04,  2.237791620731038E-01,  3.874616081729685E+01, -1.151316105426890E-04

2465970.500000000, A.D. 2039-Jul-01,  3.092044176921868E+01, -2.263005960327115E+01, -6.522831348846224E+00,  1.045567688152816E-03,  2.402442459122478E-03, -6.223998957909698E-04,  2.244842746049570E-01,  3.886824726761859E+01, -4.625418674142031E-04

2466154.500000000, A.D. 2040-Jan-01,  3.127958491884386E+01, -2.230505643621334E+01, -6.662996125832031E+00,  1.321906475980027E-03,  8.183861615431663E-04, -7.177279983979549E-04,  2.251951172988642E-01,  3.899132586474431E+01,  7.149476096242025E-04

2466336.500000000, A.D. 2040-Jul-01,  3.163599562917502E+01, -2.198346286034711E+01, -6.801365725970046E+00,  2.477915733838593E-03,  7.928956009536520E-04, -8.484232167947645E-04,  2.259377629475929E-01,  3.911991097280057E+01,  1.705811062906222E-03

2466520.500000000, A.D. 2041-Jan-01,  3.199792030714269E+01, -2.165181992377875E+01, -6.940882914056381E+00,  2.931951802027541E-03,  2.357030395387929E-03, -8.464885974354301E-04,  2.267098093255454E-01,  3.925358665931861E+01,  1.239574388323575E-03

2466701.500000000, A.D. 2041-Jul-01,  3.234533077141265E+01, -2.131710264568869E+01, -7.076369108032180E+00,  2.207063451881601E-03,  2.961152382023779E-03, -7.535720933964139E-04,  2.274347704545536E-01,  3.937910978770386E+01,  3.452988770739316E-04

2466885.500000000, A.D. 2042-Jan-01,  3.268790263611200E+01, -2.097045618976701E+01, -7.212192580261453E+00,  7.687642435994459E-04,  2.176277602496429E-03, -5.845995841652857E-04,  2.281347822875046E-01,  3.950031307938778E+01, -4.124523914262418E-04

2467066.500000000, A.D. 2042-Jul-01,  3.301947002093502E+01, -2.063203394549784E+01, -7.344801191439232E+00,  8.731830444400622E-04,  1.268133138834854E-03, -6.440814416937458E-04,  2.288382757579095E-01,  3.962211919790975E+01,  1.867271534419190E-04

2467250.500000000, A.D. 2043-Jan-01,  3.335366103757246E+01, -2.029026045249209E+01, -7.478880443126335E+00,  2.423134003166242E-03,  9.353847085389944E-04, -8.332020248655431E-04,  2.295792166501709E-01,  3.975040913653370E+01,  1.712500843093574E-03

2467431.500000000, A.D. 2043-Jul-01,  3.368185862552814E+01, -1.994637630797236E+01, -7.610071574629699E+00,  2.901273584219663E-03,  1.699858960201459E-03, -8.733307052484346E-04,  2.303149493350944E-01,  3.987779730201120E+01,  1.766907255399432E-03

2467615.500000000, A.D. 2044-Jan-01,  3.401250846597500E+01, -1.958743657427120E+01, -7.742308020447932E+00,  1.976173581637877E-03,  3.072346640495562E-03, -7.153706950870900E-04,  2.310540654973820E-01,  4.000577129843407E+01,  3.143008016813510E-04

2467797.500000000, A.D. 2044-Jul-01,  3.432729226225718E+01, -1.922826531899233E+01, -7.871057442915735E+00,  8.315742346041761E-04,  2.682674825162903E-03, -5.626200315103425E-04,  2.317446235110164E-01,  4.012533771204505E+01, -4.637737147731007E-04

2467981.500000000, A.D. 2045-Jan-01,  3.463522778614127E+01, -1.886698714414158E+01, -7.999561694246617E+00,  9.594712336468829E-04,  1.072516806180666E-03, -6.390863465930676E-04,  2.324282131041713E-01,  4.024369758105179E+01,  4.499774047494961E-04

2468162.500000000, A.D. 2045-Jul-01,  3.493805840493778E+01, -1.851145063096180E+01, -8.125496134878626E+00,  1.823244762599360E-03,  8.607917845648769E-04, -7.362582145554585E-04,  2.331311004908174E-01,  4.036539875942399E+01,  1.331551088487083E-03

2468346.500000000, A.D. 2046-Jan-01,  3.524655584580323E+01, -1.814728191146494E+01, -8.253093511195074E+00,  2.755499591701967E-03,  2.167133652547800E-03, -8.110477845502746E-04,  2.338733441326627E-01,  4.049391426214609E+01,  1.592534070672154E-03

2468527.500000000, A.D. 2046-Jul-01,  3.554249932724574E+01, -1.778042527852761E+01, -8.376924745711838E+00,  2.261474884176682E-03,  2.983119643937671E-03, -7.269471013080874E-04,  2.345732049334218E-01,  4.061509140341662E+01,  8.230171010387158E-04

2468711.500000000, A.D. 2047-Jan-01,  3.583331009304371E+01, -1.740040162384572E+01, -8.500909384161474E+00,  6.297431322703094E-04,  2.695200269140960E-03, -5.232112066846705E-04,  2.352462662905293E-01,  4.073162836486021E+01, -4.881713779578038E-04

2468892.500000000, A.D. 2047-Jul-01,  3.611135936884573E+01, -1.702979425964546E+01, -8.621483145089387E+00,  4.355000603827078E-04,  1.799738886565642E-03, -5.441226768887150E-04,  2.359052963383858E-01,  4.084573588041762E+01, -2.504922255767358E-04

2469076.500000000, A.D. 2048-Jan-01,  3.638862043761408E+01, -1.665705818285898E+01, -8.743017355763522E+00,  1.765302514582053E-03,  9.498787869442775E-04, -7.179215800109024E-04,  2.365869470728544E-01,  4.096376004644931E+01,  1.335120060072483E-03

2469258.500000000, A.D. 2048-Jul-01,  3.666416029080291E+01, -1.628420354498811E+01, -8.862756592790495E+00,  2.574714202971853E-03,  1.751296508956284E-03, -8.035290497195177E-04,  2.372876742101352E-01,  4.108508718923867E+01,  1.776867296592167E-03

2469442.500000000, A.D. 2049-Jan-01,  3.693973310585988E+01, -1.589851250626138E+01, -8.982585594699854E+00,  1.772152890316716E-03,  3.190210771677353E-03, -6.613339313348700E-04,  2.379901423962812E-01,  4.120671578529426E+01,  5.019506454390102E-04

2469623.500000000, A.D. 2049-Jul-01,  3.719949612067627E+01, -1.551671604340611E+01, -9.098459643095484E+00,  8.179772873665958E-04,  3.066199433554242E-03, -5.288236632066937E-04,  2.386451552078791E-01,  4.132012773795530E+01, -2.985838363076013E-04

2469807.500000000, A.D. 2050-Jan-01,  3.745255900070355E+01, -1.512891686541363E+01, -9.214302921410267E+00,  4.160009892080689E-04,  1.492189898179806E-03, -5.386037042024825E-04,  2.392822880705563E-01,  4.143044387342823E+01, -4.904745035797244E-05

2469988.500000000, A.D. 2050-Jul-01,  3.770057063943682E+01, -1.475024259372276E+01, -9.327640200998834E+00,  1.138298384249577E-03,  9.848692025228216E-04, -6.190415636840545E-04,  2.399383851092200E-01,  4.154404355418630E+01,  8.222992524743358E-04

2470172.500000000, A.D. 2051-Jan-01,  3.795348129993781E+01, -1.436577054584107E+01, -9.442366351636020E+00,  2.452069785092250E-03,  1.891614300452981E-03, -7.608027180783935E-04,  2.406389232537551E-01,  4.166533797389614E+01,  1.753828704432936E-03

2470353.500000000, A.D. 2051-Jul-01,  3.819742710540667E+01, -1.397962609210087E+01, -9.553734076421943E+00,  2.241399274947270E-03,  2.823407677403798E-03, -6.918830814281239E-04,  2.413135151491023E-01,  4.178213993982104E+01,  1.262634437373513E-03

2470537.500000000, A.D. 2052-Jan-01,  3.843784432804248E+01, -1.357958765480280E+01, -9.665180367805936E+00,  6.078915594762911E-04,  3.070631786807890E-03, -4.798566341953449E-04,  2.419720791270381E-01,  4.189616675787322E+01, -3.268549968319275E-04

2470719.500000000, A.D. 2052-Jul-01,  3.866543824907189E+01, -1.318663450283822E+01, -9.773577250033645E+00,  1.365480802686014E-04,  2.001924340207778E-03, -4.709563783858283E-04,  2.426010759330384E-01,  4.200507417880143E+01, -3.931911795976718E-04

2470903.500000000, A.D. 2053-Jan-01,  3.889100738932831E+01, -1.279465537840544E+01, -9.882139670622932E+00,  1.390287881313876E-03,  1.033672602488618E-03, -6.389086850387062E-04,  2.432494704620237E-01,  4.211734021135057E+01,  1.119681256418650E-03

2471084.500000000, A.D. 2053-Jul-01,  3.911392877128544E+01, -1.240530318729375E+01, -9.988323195949333E+00,  2.143053884342023E-03,  1.507371410263038E-03, -7.293711186862174E-04,  2.439127669511540E-01,  4.223218643831515E+01,  1.714546609941674E-03

2471268.500000000, A.D. 2054-Jan-01,  3.934006781223943E+01, -1.200327333995802E+01, -1.009533767200232E+01,  1.850205825856268E-03,  3.132239412974647E-03, -6.337020158059619E-04,  2.446008961598039E-01,  4.235133231737925E+01,  9.819651560663081E-04

2471449.500000000, A.D. 2054-Jul-01,  3.955205909347487E+01, -1.160348238887228E+01, -1.019857928015345E+01,  9.061433301287484E-04,  3.307292147494529E-03, -5.066177338299058E-04,  2.452397708593203E-01,  4.246195004255188E+01,  6.194980382817817E-05

2471633.500000000, A.D. 2055-Jan-01,  3.975629449215820E+01, -1.119540010555409E+01, -1.030141043397174E+01,  1.190394994885004E-05,  1.955082266993830E-03, -4.422293640775129E-04,  2.458512038888098E-01,  4.256781638984774E+01, -3.960523823624483E-04

2471814.500000000, A.D. 2055-Jul-01,  3.995455576437751E+01, -1.079795299408491E+01, -1.040175366857900E+01,  5.067204000805238E-04,  1.212523820789421E-03, -5.050426355448995E-04,  2.464704592746724E-01,  4.267503713616446E+01,  2.907166151573639E-04

2471998.500000000, A.D. 2056-Jan-01,  4.015564379655352E+01, -1.039627929370322E+01, -1.050312271719755E+01,  2.048144689565827E-03,  1.628638122778638E-03, -6.925372006348615E-04,  2.471269948580418E-01,  4.278871274858453E+01,  1.696395856454513E-03

2472180.500000000, A.D. 2056-Jul-01,  4.035244363347462E+01, -9.991045439392124E+00, -1.060223178578588E+01,  2.026512576936452E-03,  2.836290675151088E-03, -6.319223617752014E-04,  2.477790265496924E-01,  4.290160853632732E+01,  1.401742613399618E-03

2472364.500000000, A.D. 2057-Jan-01,  4.054290593377753E+01, -9.573444390823472E+00, -1.070052826472861E+01,  4.186481248121103E-04,  3.225163444211338E-03, -4.151475303098797E-04,  2.484063368607183E-01,  4.301022394970268E+01, -2.199573168885222E-04

2472545.500000000, A.D. 2057-Jul-01,  4.072038572880163E+01, -9.165360035742808E+00, -1.079543010497104E+01, -1.262956431267369E-04,  2.486182642843973E-03, -3.807640869064672E-04,  2.489975225889560E-01,  4.311258458546063E+01, -5.524849526562201E-04

2472729.500000000, A.D. 2058-Jan-01,  4.089297142331902E+01, -8.755062415501808E+00, -1.089046525279068E+01,  7.199385371549399E-04,  1.133906857024049E-03, -5.113650232398429E-04,  2.495858330789785E-01,  4.321444738915400E+01,  5.804078323860072E-04

2472910.500000000, A.D. 2058-Jul-01,  4.106354613238946E+01, -8.350432836642760E+00, -1.098337584271437E+01,  1.595459173123067E-03,  1.325014893109684E-03, -6.313451962577819E-04,  2.501925673038491E-01,  4.331950016365010E+01,  1.417030778991297E-03

2473094.500000000, A.D. 2059-Jan-01,  4.123715052405079E+01, -7.935515926854955E+00, -1.107707795573062E+01,  1.833962008218716E-03,  2.944948495212637E-03, -5.939190928384245E-04,  2.508315425772067E-01,  4.343013530264354E+01,  1.354740651428847E-03

2473275.500000000, A.D. 2059-Jul-01,  4.139823642141199E+01, -7.522344877951492E+00, -1.116726558471364E+01,  1.006828577471502E-03,  3.401590336128704E-03, -4.870630407012107E-04,  2.514246698964153E-01,  4.353283211445696E+01,  4.946187309736285E-04

2473459.500000000, A.D. 2060-Jan-01,  4.155074033343436E+01, -7.099782838517164E+00, -1.125676611857952E+01, -2.884983067635012E-04,  2.414662956781855E-03, -3.516288116647934E-04,  2.519864487096541E-01,  4.363010110071935E+01, -5.769571218905335E-04

2473641.500000000, A.D. 2060-Jul-01,  4.169606106092517E+01, -6.688389452962566E+00, -1.134415553759741E+01,  1.324480108474185E-04,  1.330019976575938E-03, -4.168696104631750E-04,  2.525418236410256E-01,  4.372626128920816E+01,  3.100888171426092E-05

2473825.500000000, A.D. 2061-Jan-01,  4.184334616317072E+01, -6.276561798577354E+00, -1.143194414223888E+01,  1.701725837514665E-03,  1.594451953631407E-03, -6.120737477190728E-04,  2.531331472831322E-01,  4.382864580401230E+01,  1.555955442290214E-03

2474006.500000000, A.D. 2061-Jul-01,  4.198592883029750E+01, -5.865525299993851E+00, -1.151709790916494E+01,  1.871757326890227E-03,  2.517611515651925E-03, -5.822358845788586E-04,  2.537199172430693E-01,  4.393024187318989E+01,  1.605409407175468E-03

2474190.500000000, A.D. 2062-Jan-01,  4.212597189614921E+01, -5.441052872647050E+00, -1.160213075913608E+01,  4.890399678880532E-04,  3.397549560753095E-03, -3.871423157101754E-04,  2.543072938574002E-01,  4.403194298131965E+01,  1.500436380451472E-04

2474371.500000000, A.D. 2062-Jul-01,  4.225338408412955E+01, -5.025573646499145E+00, -1.168378712647456E+01, -2.697430001622068E-04,  2.880536924233516E-03, -3.040226553538254E-04,  2.548512982252198E-01,  4.412613441775896E+01, -5.058627806810915E-04

2474555.500000000, A.D. 2063-Jan-01,  4.237410246244477E+01, -4.607594809978954E+00, -1.176511866617624E+01,  8.144950720283407E-05,  1.295656534909034E-03, -3.874980893560117E-04,  2.553806276049083E-01,  4.421778495876881E+01,  4.614546938656056E-05

2474736.500000000, A.D. 2063-Jul-01,  4.249410476401615E+01, -4.198215146260194E+00, -1.184454680399186E+01,  9.834848464927203E-04,  1.187152117169481E-03, -5.139478834082082E-04,  2.559321906002925E-01,  4.431328513100132E+01,  9.680137172068879E-04

2474920.500000000, A.D. 2064-Jan-01,  4.261774844233467E+01, -3.781081616182197E+00, -1.192470779537478E+01,  1.730058609499881E-03,  2.619777744851588E-03, -5.434895060817012E-04,  2.565245549233340E-01,  4.441584983412365E+01,  1.582916075073759E-03

2475102.500000000, A.D. 2064-Jul-01,  4.273318087482584E+01, -3.361486567304410E+00, -1.200217025375185E+01,  8.438161034034093E-04,  3.403630105979224E-03, -4.246614888064882E-04,  2.570901407490137E-01,  4.451377798415672E+01,  6.675359882944501E-04

2475286.500000000, A.D. 2065-Jan-01,  4.283856763549880E+01, -2.934870902673340E+00, -1.207820203721953E+01, -5.292497102382102E-04,  2.532913266219534E-03, -2.790076231379316E-04,  2.576191499767951E-01,  4.460537309258221E+01, -5.993933164610732E-04

2475467.500000000, A.D. 2065-Jul-01,  4.293764809849243E+01, -2.520987832358717E+00, -1.215187582713278E+01, -3.902110744506115E-04,  1.617590741809387E-03, -3.101466094516271E-04,  2.581382174467321E-01,  4.469524683899760E+01, -3.817812966094102E-04

2475651.500000000, A.D. 2066-Jan-01,  4.303642990261400E+01, -2.105456300003011E+00, -1.222589205384791E+01,  1.185458124796153E-03,  1.346253654585697E-03, -5.202443446285087E-04,  2.586787337724440E-01,  4.478883433966742E+01,  1.217800357053953E-03

2475832.500000000, A.D. 2066-Jul-01,  4.313339065360025E+01, -1.691835160030458E+00, -1.229777495836265E+01,  1.630389164969443E-03,  2.145608687613247E-03, -5.247065796168733E-04,  2.592292338946538E-01,  4.488415048111456E+01,  1.629682620789068E-03

2476016.500000000, A.D. 2067-Jan-01,  4.322936444793253E+01, -1.264876334569289E+00, -1.236956123298822E+01,  6.259079526632329E-04,  3.430310715060137E-03, -3.697886254160773E-04,  2.597945956584450E-01,  4.498203983603425E+01,  6.067489891003597E-04

2476197.500000000, A.D. 2067-Jul-01,  4.331304821943296E+01, -8.448065736791345E-01, -1.243808324610882E+01, -2.748542326659184E-04,  3.192585779501190E-03, -2.465028940337073E-04,  2.603112518451677E-01,  4.507149608170322E+01, -2.559459874378630E-04

2476381.500000000, A.D. 2068-Jan-01,  4.338796083581121E+01, -4.203886795731730E-01, -1.250584436440881E+01, -4.616218079702595E-04,  1.561904078370827E-03, -2.751909604064216E-04,  2.608008200848010E-01,  4.515626219472352E+01, -3.818726253869679E-04

2476563.500000000, A.D. 2068-Jul-01,  4.346214275063784E+01, -5.287837543862751E-03, -1.257224900448538E+01,  6.341378035286312E-04,  1.183583578368069E-03, -4.319603205797957E-04,  2.613075379501000E-01,  4.524399767338017E+01,  7.290567489496887E-04

2476747.500000000, A.D. 2069-Jan-01,  4.353926975773940E+01,  4.155348628650675E-01, -1.263888500033566E+01,  1.504102250078462E-03,  2.543560400244071E-03, -4.786604423822841E-04,  2.618534978712996E-01,  4.533852770339114E+01,  1.601158872910271E-03

2476928.500000000, A.D. 2069-Jul-01,  4.360805321816315E+01,  8.354091494385817E-01, -1.270265361469256E+01,  9.520275651105375E-04,  3.287824356454199E-03, -4.027898300533128E-04,  2.623711646007569E-01,  4.542815891911070E+01,  1.086974425977513E-03

2477112.500000000, A.D. 2070-Jan-01,  4.366838016153554E+01,  1.266488857017226E+00, -1.276540047021837E+01, -6.407078137047475E-04,  2.916149830594659E-03, -2.050870971231135E-04,  2.628645730213729E-01,  4.551358993885663E+01, -4.760640111786708E-04

2477293.500000000, A.D. 2070-Jul-01,  4.372067935837796E+01,  1.684639185253734E+00, -1.282573750524936E+01, -8.092884757955309E-04,  1.979806884848409E-03, -2.143502242538437E-04,  2.633304090905003E-01,  4.559424695393213E+01, -6.425850616716505E-04

2477477.500000000, A.D. 2071-Jan-01,  4.376944132819889E+01,  2.103229805372567E+00, -1.288594610385744E+01,  5.846147670628180E-04,  1.197583798226513E-03, -4.098019866568530E-04,  2.637986681659550E-01,  4.567532349954810E+01,  7.309798692298303E-04

2477658.500000000, A.D. 2071-Jul-01,  4.381810346720157E+01,  2.517339482069775E+00, -1.294446411907177E+01,  1.251936645234236E-03,  1.775907764308575E-03, -4.562193031230540E-04,  2.642842316057367E-01,  4.575939620296914E+01,  1.425577520673990E-03

2477842.500000000, A.D. 2072-Jan-01,  4.386661551261896E+01,  2.942818774357275E+00, -1.300289444452760E+01,  7.339698347344204E-04,  3.318170683927828E-03, -3.525394377628395E-04,  2.647944716239917E-01,  4.584774152350560E+01,  1.015220795472335E-03

2478024.500000000, A.D. 2072-Jul-01,  4.390349135149642E+01,  3.365734347678477E+00, -1.305846436536144E+01, -4.545584440148689E-04,  3.250235443100693E-03, -1.824089046273869E-04,  2.652571903085365E-01,  4.592785878017261E+01, -1.444720838702293E-04

2478208.500000000, A.D. 2073-Jan-01,  4.393012843798649E+01,  3.789002913862604E+00, -1.311268864201437E+01, -7.838927318975761E-04,  1.633529035193836E-03, -1.893607036772984E-04,  2.656835943444312E-01,  4.600168835033842E+01, -5.600671430811368E-04

2478389.500000000, A.D. 2073-Jul-01,  4.395631730238706E+01,  4.200333812099785E+00, -1.316534839649257E+01, -9.043611306907165E-06,  1.158521937675487E-03, -3.028442932499168E-04,  2.661208835667954E-01,  4.607740263211708E+01,  1.835109004894891E-04

2478573.500000000, A.D. 2074-Jan-01,  4.398449869160257E+01,  4.615729186872073E+00, -1.321836619536567E+01,  1.250393120991347E-03,  2.130401183027215E-03, -4.130830290514523E-04,  2.665929642640993E-01,  4.615914087104436E+01,  1.522808937409517E-03

2478754.500000000, A.D. 2074-Jul-01,  4.400780100602171E+01,  5.029836730092593E+00, -1.326896741009161E+01,  9.933928855415809E-04,  3.014998394299164E-03, -3.697097376775542E-04,  2.670545782137396E-01,  4.623906684879212E+01,  1.379518595424055E-03

2478938.500000000, A.D. 2075-Jan-01,  4.402433297655827E+01,  5.455610244704039E+00, -1.331854146272778E+01, -6.386193600661480E-04,  3.178212972136597E-03, -1.448981413026189E-04,  2.675062184804759E-01,  4.631726593687709E+01, -1.909842478922079E-04

2479119.500000000, A.D. 2075-Jul-01,  4.403263197923757E+01,  5.869062507079139E+00, -1.336568009018445E+01, -1.085653145392931E-03,  2.334300367187547E-03, -1.292124198963641E-04,  2.679218057920076E-01,  4.638922264927632E+01, -6.979422573997121E-04

2479303.500000000, A.D. 2076-Jan-01,  4.403543315874990E+01,  6.282649387875407E+00, -1.341224841313509E+01, -3.092268001025260E-05,  1.127655296787688E-03, -2.857112443190525E-04,  2.683273411224024E-01,  4.645943891509395E+01,  2.056632550408509E-04

2479485.500000000, A.D. 2076-Jul-01,  4.404119715955890E+01,  6.691227595330758E+00, -1.345789544480292E+01,  9.677386007248456E-04,  1.652498697871988E-03, -3.772829728620446E-04,  2.687642605392040E-01,  4.653508916702430E+01,  1.262596618067825E-03

2479669.500000000, A.D. 2077-Jan-01,  4.404716239511665E+01,  7.109558276615527E+00, -1.350303027364644E+01,  5.898190691107050E-04,  3.231103902011580E-03, -2.904760219669596E-04,  2.692302433267467E-01,  4.661577158560591E+01,  1.134248828881803E-03

2479850.500000000, A.D. 2077-Jul-01,  4.404330607482748E+01,  7.522755375416526E+00, -1.354535113618617E+01, -3.415647718859684E-04,  3.372577217311812E-03, -1.460222628188843E-04,  2.696543180606255E-01,  4.668919784962978E+01,  2.635589170154747E-04

2480034.500000000, A.D. 2078-Jan-01,  4.402912174695373E+01,  7.941827390117896E+00, -1.358632392068679E+01, -1.170934010805440E-03,  1.943203278466411E-03, -9.429926634040214E-05,  2.700463635024795E-01,  4.675707841365120E+01, -7.451584209708449E-04

2480215.500000000, A.D. 2078-Jul-01,  4.401378488197881E+01,  8.348040598629558E+00, -1.362580558822609E+01, -6.029142121318829E-04,  1.242003971546507E-03, -1.739396254790611E-04,  2.704377204530197E-01,  4.682483976909700E+01, -2.946762744753882E-04

2480399.500000000, A.D. 2079-Jan-01,  4.399893803017717E+01,  8.756662067901376E+00, -1.366538764592310E+01,  9.032584335280691E-04,  1.724646082555384E-03, -3.390621044227894E-04,  2.708544763462755E-01,  4.689699881514958E+01,  1.268268148695903E-03

2480580.500000000, A.D. 2079-Jul-01,  4.398193566060633E+01,  9.164083188644877E+00, -1.370302896337390E+01,  9.589890914152012E-04,  2.656314434530238E-03, -3.233985251871697E-04,  2.712750624029354E-01,  4.696982103343787E+01,  1.510595969227157E-03

2480764.500000000, A.D. 2080-Jan-01,  4.395934409644187E+01,  9.583924895266390E+00, -1.373968866668593E+01, -5.365485620606593E-04,  3.337288592567074E-03, -1.015606141519764E-04,  2.716983684797492E-01,  4.704311420861657E+01,  2.081794911946599E-04

2480946.500000000, A.D. 2080-Jul-01,  4.392629181373634E+01,  9.995763850947604E+00, -1.377395009696210E+01, -1.304047094567607E-03,  2.405414173913658E-03, -5.470543163554952E-05,  2.720726544134704E-01,  4.710791980912587E+01, -6.895760079177768E-04

2481130.500000000, A.D. 2081-Jan-01,  4.388682175567867E+01,  1.040450921619992E+01, -1.380726690419011E+01, -3.617283176512595E-04,  1.106761986595982E-03, -2.037747540113068E-04,  2.724274441245444E-01,  4.716934974332636E+01, -3.278015284307976E-05

2481311.500000000, A.D. 2081-Jul-01,  4.384970743884169E+01,  1.080604834097660E+01, -1.383953095233762E+01,  4.835513330711768E-04,  1.329323663750216E-03, -2.924714994601329E-04,  2.728038520669878E-01,  4.723452275825640E+01,  8.387083496181265E-04

2481495.500000000, A.D. 2082-Jan-01,  4.381295637734481E+01,  1.121633432311233E+01, -1.387156792595644E+01,  6.487125500817384E-04,  2.947608752869265E-03, -2.664970835046379E-04,  2.732132555271686E-01,  4.730540876998496E+01,  1.377857500331791E-03

2481676.500000000, A.D. 2082-Jul-01,  4.376768123739159E+01,  1.162286485613758E+01, -1.390111006809876E+01, -2.014113388623951E-04,  3.367699794095032E-03, -1.249073312073015E-04,  2.735878194440013E-01,  4.737026250177799E+01,  6.768669028191478E-04

2481860.500000000, A.D. 2083-Jan-01,  4.371115893375306E+01,  1.203656117698515E+01, -1.392902943656224E+01, -1.442606868866014E-03,  2.284753361686629E-03, -1.532930745527519E-05,  2.739302274485564E-01,  4.742954860995141E+01, -7.451878243146571E-04

2482041.500000000, A.D. 2083-Jul-01,  4.365189684591177E+01,  1.243603261216357E+01, -1.395547360577889E+01, -1.155721479463812E-03,  1.421672985704797E-03, -5.408000997293047E-05,  2.742549288199324E-01,  4.748576890962711E+01, -6.741967493303869E-04

2482225.500000000, A.D. 2084-Jan-01,  4.359071207533049E+01,  1.283542549394071E+01, -1.398165445380805E+01,  4.292807963400303E-04,  1.358022873422070E-03, -2.555856281175179E-04,  2.745883919828287E-01,  4.754350626647719E+01,  8.353815285875550E-04

2482407.500000000, A.D. 2084-Jul-01,  4.353074959411917E+01,  1.323416757782754E+01, -1.400664584299602E+01,  7.500743397411318E-04,  2.500082595046196E-03, -2.620058688882720E-04,  2.749447302902734E-01,  4.760520433182748E+01,  1.457984156774164E-03

2482591.500000000, A.D. 2085-Jan-01,  4.346471378138870E+01,  1.364269428886902E+01, -1.403026116624495E+01, -6.747739168242959E-04,  3.306827615378769E-03, -4.314848255423677E-05,  2.753022254587168E-01,  4.766710270145042E+01,  3.438549148352594E-04

2482772.500000000, A.D. 2085-Jul-01,  4.339034011283691E+01,  1.404032443725620E+01, -1.405162271838732E+01, -1.412100231639611E-03,  2.711056583278517E-03,  1.246619406121123E-05,  2.756139088009258E-01,  4.772106899924787E+01, -4.899841112804858E-04

2482956.500000000, A.D. 2086-Jan-01,  4.330694523414426E+01,  1.443801051421178E+01, -1.407171166330100E+01, -9.565773658640383E-04,  1.159003282560840E-03, -7.589416481245817E-05,  2.758957745312081E-01,  4.776987253758106E+01, -4.945539930700609E-04

2483137.500000000, A.D. 2086-Jul-01,  4.322708714212838E+01,  1.482584060525458E+01, -1.409102057120566E+01, -7.232830487108847E-05,  1.065820831042202E-03, -1.940272818891195E-04,  2.761968249157163E-01,  4.782199779582317E+01,  3.222197095058888E-04

2483321.500000000, A.D. 2087-Jan-01,  4.314835020849713E+01,  1.521952328733729E+01, -1.411006587835032E+01,  6.175592471753425E-04,  2.538575220295272E-03, -2.272520108646263E-04,  2.765326363829083E-01,  4.788014174895791E+01,  1.430428267254177E-03

2483502.500000000, A.D. 2087-Jul-01,  4.306424490664521E+01,  1.561059994342512E+01, -1.412703616024890E+01, -4.623475728157875E-05,  3.191155311631958E-03, -1.121954230711233E-04,  2.768512149911211E-01,  4.793530192505480E+01,  1.030759603693330E-03

2483686.500000000, A.D. 2088-Jan-01,  4.296998322897299E+01,  1.601022191606182E+01, -1.414224003804136E+01, -1.557398656082465E-03,  2.580724199014680E-03,  4.943598884869909E-05,  2.771496446442446E-01,  4.798697341772397E+01, -5.481188070388719E-04

2483868.500000000, A.D. 2088-Jul-01,  4.287086929223415E+01,  1.639737622589339E+01, -1.415594720982543E+01, -1.428273259598900E-03,  1.418128939091518E-03,  2.588298652079647E-05,  2.774159008742056E-01,  4.803307425485779E+01, -7.982857907890429E-04

2484052.500000000, A.D. 2089-Jan-01,  4.277107039859440E+01,  1.678152894761450E+01, -1.416923080354148E+01,  1.474685240327397E-04,  1.210313825492373E-03, -1.757467580025521E-04,  2.776908180467142E-01,  4.808067468770763E+01,  6.054095473359413E-04

2484233.500000000, A.D. 2089-Jul-01,  4.267339949647042E+01,  1.716274969376358E+01, -1.418137092351337E+01,  5.795366214219240E-04,  2.037139149828315E-03, -1.996380941929692E-04,  2.779872998602354E-01,  4.813200892240437E+01,  1.299028450145410E-03

2484417.500000000, A.D. 2090-Jan-01,  4.257214549275488E+01,  1.755502432398049E+01, -1.419249992334175E+01, -5.001883335804191E-04,  3.256393134817162E-03, -1.682867883815832E-05,  2.783052935240148E-01,  4.818706781851218E+01,  7.493880170986842E-04

2484598.500000000, A.D. 2090-Jul-01,  4.246287250658560E+01,  1.793895141605594E+01, -1.420145445454109E+01, -1.373334529702165E-03,  2.946858973244324E-03,  6.808243689686340E-05,  2.785801871514761E-01,  4.823466417466346E+01, -1.330793699762727E-04

2484782.500000000, A.D. 2091-Jan-01,  4.234278573024824E+01,  1.832457024966590E+01, -1.420876626052199E+01, -1.462389787475277E-03,  1.316851014147325E-03,  4.648414473821083E-05,  2.788200140936882E-01,  4.827618892247815E+01, -7.964881179256555E-04

2484963.500000000, A.D. 2091-Jul-01,  4.222592787753899E+01,  1.869896606466781E+01, -1.421545335062597E+01, -6.404972074886238E-04,  9.303114141024451E-04, -8.297585087583256E-05,  2.790692825172126E-01,  4.831934841210657E+01, -1.752959894597603E-04

2485147.500000000, A.D. 2092-Jan-01,  4.210941166842025E+01,  1.907707487371709E+01, -1.422176839066664E+01,  4.843111526005969E-04,  2.090576734240646E-03, -1.708152747922967E-04,  2.793462471165000E-01,  4.836730334591396E+01,  1.296442793513871E-03

2485329.500000000, A.D. 2092-Jul-01,  4.198981026256363E+01,  1.945668896193377E+01, -1.422652455966950E+01, -1.562605338125863E-04,  3.073808340922624E-03, -5.312196179218316E-05,  2.796270098053243E-01,  4.841591589853908E+01,  1.115346524867363E-03

2485513.500000000, A.D. 2093-Jan-01,  4.185897655607705E+01,  1.984282988729679E+01, -1.422918993884248E+01, -1.718269283797147E-03,  2.596484098639196E-03,  1.166251241225860E-04,  2.798822179753483E-01,  4.846010382339335E+01, -4.552793059690927E-04

2485694.500000000, A.D. 2093-Jul-01,  4.172446655040749E+01,  2.021516936931040E+01, -1.423053957644113E+01, -1.822683332674305E-03,  1.672659269671314E-03,  1.264543460719807E-04,  2.801032574622841E-01,  4.849837562416535E+01, -9.080079966028726E-04

2485878.500000000, A.D. 2094-Jan-01,  4.158464057661976E+01,  2.058577921370995E+01, -1.423097365026312E+01, -3.954801574769991E-04,  9.424107803995725E-04, -8.069588932939879E-05,  2.803106782039983E-01,  4.853428941229846E+01,  8.453283594899611E-05

2486059.500000000, A.D. 2094-Jul-01,  4.144848639498206E+01,  2.095155801416257E+01, -1.423071010747897E+01,  2.698076059006398E-04,  1.578226412868883E-03, -1.249106443035665E-04,  2.805414805111373E-01,  4.857425159298841E+01,  9.475593506871000E-04

2486243.500000000, A.D. 2095-Jan-01,  4.130969985850685E+01,  2.132660337360396E+01, -1.422950605322961E+01, -3.449641432544289E-04,  3.069739867812089E-03, -1.017739783019400E-06,  2.807991533362983E-01,  4.861886625965106E+01,  1.053731715214851E-03

2486424.500000000, A.D. 2095-Jul-01,  4.116340914864370E+01,  2.169483685688305E+01, -1.422628572413957E+01, -1.265967139550171E-03,  3.072633182508313E-03,  1.122531416767649E-04,  2.810179565542276E-01,  4.865675086244737E+01,  2.661872563420892E-04

2486608.500000000, A.D. 2096-Jan-01,  4.100486653650127E+01,  2.206554914997663E+01, -1.422110416069109E+01, -1.890003136994646E-03,  1.538759129609460E-03,  1.547561876471360E-04,  2.811987923018390E-01,  4.868806160154192E+01, -9.395848497746316E-04

2486790.500000000, A.D. 2096-Jul-01,  4.084772479359834E+01,  2.242376662191592E+01, -1.421534726696268E+01, -9.546711700809284E-04,  8.310734466520739E-04, -2.639009859117877E-06,  2.813713763100937E-01,  4.871794359625663E+01, -4.171529475317209E-04

2486974.500000000, A.D. 2097-Jan-01,  4.069230417975312E+01,  2.278249302851378E+01, -1.420917936366791E+01,  2.720312007153245E-04,  1.880660128589125E-03, -1.089651987999767E-04,  2.815709651531284E-01,  4.875250133316975E+01,  1.137664882250618E-03

2487155.500000000, A.D. 2097-Jul-01,  4.053550166463176E+01,  2.313922868796700E+01, -1.420168189368416E+01, -5.531649333147114E-05,  2.725618803998532E-03, -3.954130219432532E-05,  2.817741903996997E-01,  4.878768869383746E+01,  1.258268010913287E-03

2487339.500000000, A.D. 2098-Jan-01,  4.036954557630011E+01,  2.350495458985130E+01, -1.419224026416274E+01, -1.675227994867540E-03,  2.793250109392610E-03,  1.623141371215668E-04,  2.819732491231849E-01,  4.882215464339591E+01, -8.759501037315542E-05

2487520.500000000, A.D. 2098-Jul-01,  4.019945335840737E+01,  2.385751234894106E+01, -1.418149099424466E+01, -2.082733519991288E-03,  1.928686818509693E-03,  2.059349830451643E-04,  2.821322457647261E-01,  4.884968405849200E+01, -8.317667820297415E-04

2487704.500000000, A.D. 2099-Jan-01,  4.002223207046509E+01,  2.420757863707162E+01, -1.416938606522660E+01, -9.589563931240340E-04,  7.607173447817751E-04,  2.227061148744669E-05,  2.822661567604231E-01,  4.887287002865300E+01, -4.149543754410517E-04

2487885.500000000, A.D. 2099-Jul-01,  3.985089009276379E+01,  2.455089883612450E+01, -1.415700611396251E+01, -1.344192517575352E-04,  1.127686761576089E-03, -4.192603161140365E-05,  2.824258520795527E-01,  4.890052041602349E+01,  4.687586893757477E-04

2488069.500000000, A.D. 2100-Jan-01,  3.967872797653488E+01,  2.490156322280528E+01, -1.414374421540501E+01, -2.074727468859524E-04,  2.731688125670542E-03,  1.066003804227837E-05,  2.826191225129787E-01,  4.893398415422581E+01,  1.218790541166112E-03
