julian, epoch, x, y, z, vx, vy, vz, LT, RG, RR
2433282.500000000, A.D. 1950-Jan-01, -9.003437766604197E+00,  2.502989417010939E+00,  3.147665165522074E-01,  1.155157279889479E-05, -1.729148617686426E-03, -1.725542969558653E-03,  5.400215438901235E-02,  9.350183185303159E+00, -5.320952122968792E-04

2433463.500000000, A.D. 1950-Jul-01, -9.276234889285471E+00,  1.516217729031111E+00,  3.425632567442648E-01, -1.082008866156159E-03, -1.953659240012953E-03, -2.058664092706539E-03,  5.432205806628181E-02,  9.405572789995118E+00,  6.772126572872087E-04

2433647.500000000, A.D. 1951-Jan-01, -9.445952740870791E+00,  4.862209361905816E-01,  3.684500642646129E-01,  4.644073259423672E-03, -8.170769847684032E-03,  4.557576653183458E-04,  5.466893121761398E-02,  9.465632014367083E+00, -5.036385513926876E-03

2433828.500000000, A.D. 1951-Jul-01, -9.493931953857816E+00, -5.265245165480841E-01,  3.877908064275667E-01,  6.010694582303705E-03, -5.619086689311631E-03, -5.621675194751266E-04,  5.496228975006803E-02,  9.516425469710695E+00, -5.708502843416664E-03

2434012.500000000, A.D. 1952-Jan-01, -9.436742210109742E+00, -1.540489534031333E+00,  4.014893681611917E-01,  5.405605376562340E-04, -8.695276517409381E-03,  2.382608597409774E-03,  5.527216464320289E-02,  9.570078644257499E+00,  9.666006301481696E-04

2434194.500000000, A.D. 1952-Jul-01, -9.273523953010567E+00, -2.532468108719875E+00,  4.142432130662316E-01,  5.065734684623229E-03, -4.057814648800632E-03, -5.898618614140108E-04,  5.557214382820646E-02,  9.622018430054860E+00, -3.839659245050181E-03

2434378.500000000, A.D. 1953-Jan-01, -9.018297979769311E+00, -3.506141957612475E+00,  4.203235758506135E-01,  1.336481293081470E-03, -1.045475723894833E-02,  2.339099840048151E-03,  5.593594775228360E-02,  9.685009126854643E+00,  2.641841111417059E-03

2434559.500000000, A.D. 1953-Jul-01, -8.660360941615250E+00, -4.433511339313916E+00,  4.228500732623073E-01,  4.692116076560014E-03, -1.003630212587972E-02,  1.804530040624946E-03,  5.624437949745655E-02,  9.738412428077689E+00,  4.747884905196755E-04

2434743.500000000, A.D. 1954-Jan-01, -8.195637827774799E+00, -5.323290348512992E+00,  4.170284183628563E-01, -7.073893129680001E-04, -5.850571429863311E-03,  9.779870869391471E-04,  5.649384367189545E-02,  9.781605810926294E+00,  3.818355203449974E-03

2434924.500000000, A.D. 1954-Jul-01, -7.658062099374190E+00, -6.142461852123966E+00,  4.102282792322324E-01,  3.294189051377357E-04, -6.302619931824823E-03,  1.761405616330235E-03,  5.674841038893520E-02,  9.825682671639230E+00,  3.756835193648312E-03

2435108.500000000, A.D. 1955-Jan-01, -7.029352907053061E+00, -6.906716562051145E+00,  3.990175246419096E-01, -3.345698824986554E-04,  1.764629060648920E-04, -1.536076637102831E-03,  5.696246806235587E-02,  9.862745608874755E+00,  5.273470729927494E-05

2435289.500000000, A.D. 1955-Jul-01, -6.347815664564434E+00, -7.592933284974130E+00,  3.838723552340764E-01, -1.422578193610907E-03, -1.650885904038549E-03, -7.477231976508273E-04,  5.720234931417997E-02,  9.904279760107274E+00,  2.148394524627619E-03

2435473.500000000, A.D. 1956-Jan-01, -5.587318404486178E+00, -8.224891777502314E+00,  3.669905489189108E-01,  7.432758360331171E-03, -8.573131224823801E-04, -2.263920581154871E-03,  5.746616179777667E-02,  9.949957475674504E+00, -3.548629978975862E-03

2435655.500000000, A.D. 1956-Jul-01, -4.774920606624484E+00, -8.756289327508542E+00,  3.411972825054650E-01,  1.173522830300987E-03, -1.178415293209690E-03, -8.034145035889396E-04,  5.763634098274551E-02,  9.979423088144737E+00,  4.450100998806312E-04

2435839.500000000, A.D. 1957-Jan-01, -3.899888181979593E+00, -9.208287778491364E+00,  3.162178665749306E-01,  7.486468288041442E-03,  2.609083883504797E-03, -2.340880290078439E-03,  5.778454014292720E-02,  1.000508297729702E+01, -5.393439787807544E-03

2436020.500000000, A.D. 1957-Jul-01, -3.008074991654743E+00, -9.557130512337968E+00,  2.864632646717366E-01,  4.828556675465334E-03,  3.557369751288273E-03, -2.384350664502746E-03,  5.789055298055736E-02,  1.002343853112725E+01, -4.909087465107847E-03

2436204.500000000, A.D. 1958-Jan-01, -2.081973153523205E+00, -9.823671915099132E+00,  2.565041226368776E-01,  8.972231059134190E-03, -2.917338365640076E-03,  4.109468972117648E-05,  5.801591862988120E-02,  1.004514492042940E+01,  9.944676571137113E-04

2436385.500000000, A.D. 1958-Jul-01, -1.140760027061734E+00, -9.992923967187389E+00,  2.220421667016466E-01,  9.834753622996050E-03, -1.104736539442651E-03, -1.037504057802409E-03,  5.810331201121356E-02,  1.006027661533835E+01, -4.074591895629983E-05

2436569.500000000, A.D. 1959-Jan-01, -1.725470953331241E-01, -1.006625124983479E+01,  1.830154282909656E-01,  6.799797112982924E-03, -4.633926446456714E-03,  1.904989418201842E-03,  5.815596557391250E-02,  1.006939329711085E+01,  4.550584503437451E-03

2436750.500000000, A.D. 1959-Jul-01,  7.861207735079423E-01, -1.003955709553521E+01,  1.448366493967767E-01,  8.498443592361155E-03, -2.775636666620056E-03,  1.532127768487999E-03,  5.816714594207998E-02,  1.007132911785037E+01,  3.452262723918441E-03

2436934.500000000, A.D. 1960-Jan-01,  1.751545113936136E+00, -9.903038966212470E+00,  1.020439561375523E-01, -3.639766210812614E-05,  4.548665062087083E-04,  1.085628703114733E-03,  5.808589676244184E-02,  1.005726125848684E+01, -4.432151974882970E-04

2437116.500000000, A.D. 1960-Jul-01,  2.680951569402704E+00, -9.685220291775966E+00,  6.424131990773650E-02,  6.752433742619333E-03, -2.370380698926860E-03,  1.565659537135405E-03,  5.804183873360980E-02,  1.004963284726836E+01,  4.095790139280911E-03

2437300.500000000, A.D. 1961-Jan-01,  3.597452305042881E+00, -9.367339905587285E+00,  1.997561870479321E-02,  7.861593811098478E-04, -1.009296134496959E-03,  1.129408909524596E-03,  5.795384262859386E-02,  1.003439679398861E+01,  1.226297078868086E-03

2437481.500000000, A.D. 1961-Jul-01,  4.467451122952650E+00, -8.966551489126978E+00, -2.143438786565473E-02,  2.641317299741115E-03, -1.437163793156504E-03,  1.674020690801973E-03,  5.785836451112835E-02,  1.001786527041162E+01,  2.460651726917754E-03

2437665.500000000, A.D. 1962-Jan-01,  5.318024155985835E+00, -8.464539852243110E+00, -6.481850817448352E-02,  1.600833607717243E-03,  7.122041274522802E-03, -1.622220951817962E-03,  5.773612594770164E-02,  9.996700319248477E+00, -5.168343434328560E-03

2437846.500000000, A.D. 1962-Jul-01,  6.090362596142702E+00, -7.884196296840681E+00, -1.058235067656803E-01, -7.117755222468750E-04,  6.265673359190411E-03, -6.166058519885753E-04,  5.754232894071787E-02,  9.963145407660905E+00, -5.386804681026455E-03

2438030.500000000, A.D. 1963-Jan-01,  6.810754313803145E+00, -7.220153804608637E+00, -1.432550860876999E-01,  4.945008249398054E-03,  7.273198197585114E-03, -2.291535097230403E-03,  5.733129801307021E-02,  9.926606535210444E+00, -1.864292620878808E-03

2438211.500000000, A.D. 1963-Jul-01,  7.452146036863667E+00, -6.494541740184949E+00, -1.819359822863335E-01,  3.162874133339999E-03,  7.501740852363537E-03, -2.482162458344686E-03,  5.710076357194328E-02,  9.886690734082759E+00, -2.498163961138160E-03

2438395.500000000, A.D. 1964-Jan-01,  8.027311235504976E+00, -5.697970864682874E+00, -2.175661296362443E-01,  8.701109040620702E-03,  2.937102596013562E-03, -2.697928921191035E-04,  5.686816332814342E-02,  9.846417250310095E+00,  5.399901485804495E-03

2438577.500000000, A.D. 1964-Jul-01,  8.524204195190352E+00, -4.839303896723369E+00, -2.545145460066490E-01,  3.207304119389736E-03,  9.811927385265788E-03, -2.549100125408793E-03,  5.663121675069067E-02,  9.805391222193624E+00, -1.988130784099919E-03

2438761.500000000, A.D. 1965-Jan-01,  8.924587066762859E+00, -3.920042325661371E+00, -2.845186945266103E-01,  6.182649360982486E-03,  5.501430938606625E-03, -2.617464536599176E-04,  5.632120625605140E-02,  9.751714568974148E+00,  3.454389678383398E-03

2438942.500000000, A.D. 1965-Jul-01,  9.224820760411237E+00, -2.975780263382749E+00, -3.127691072995434E-01,  4.889338026543497E-03,  6.725046856861015E-03, -1.123654110265571E-03,  5.601074057352990E-02,  9.697959102416004E+00,  2.623484925977697E-03

2439126.500000000, A.D. 1966-Jan-01,  9.421097199950538E+00, -1.987284270996002E+00, -3.385969470379375E-01,  1.654559897651903E-03,  3.215168375145672E-05,  2.004305325802461E-03,  5.564346071046420E-02,  9.634366565436848E+00,  1.540861386001433E-03

2439307.500000000, A.D. 1966-Jul-01,  9.522593532606390E+00, -9.971180093520432E-01, -3.596581502480847E-01,  3.820369994838993E-03,  9.881592777756904E-04,  1.388268775058440E-03,  5.533759954452785E-02,  9.581408346211486E+00,  3.641971592532305E-03

2439491.500000000, A.D. 1967-Jan-01,  9.524528503151803E+00,  2.880170768443928E-02, -3.806589077498382E-01, -3.679865071736264E-03,  4.340593419482459E-03,  1.271958556960247E-03,  5.505325560715997E-02,  9.532175719622774E+00, -3.714592204040554E-03

2439672.500000000, A.D. 1967-Jul-01,  9.412330046722811E+00,  1.036296082253215E+00, -3.933783926178214E-01, -3.751188712125313E-03,  3.341608295090743E-03,  2.010380944064788E-03,  5.473674577859517E-02,  9.477373741618138E+00, -3.443503649376055E-03

2439856.500000000, A.D. 1968-Jan-01,  9.188979970529870E+00,  2.050778566592262E+00, -4.020920707642141E-01, -6.161544493178976E-03,  8.709196950695046E-03, -1.186520944455323E-03,  5.442632369223610E-02,  9.423625823501526E+00, -4.062192679340606E-03

2440038.500000000, A.D. 1968-Jul-01,  8.849202365891736E+00,  3.022371670680466E+00, -4.048020639065911E-01, -5.225733972805676E-03,  6.754437367521335E-04,  2.191650431732880E-03,  5.405804255293560E-02,  9.359859920916486E+00, -4.817307141311026E-03

2440222.500000000, A.D. 1969-Jan-01,  8.414856530472228E+00,  3.964583595133493E+00, -4.051336838776687E-01, -5.604385073167714E-03,  7.198644396077232E-03, -1.185784959122675E-03,  5.377496596519565E-02,  9.310846729113576E+00, -1.948272584795289E-03

2440403.500000000, A.D. 1969-Jul-01,  7.882107008655229E+00,  4.849082870790290E+00, -4.000234045588449E-01, -6.855027739255882E-03,  6.227829006185268E-03, -2.348169075769988E-04,  5.349802315648128E-02,  9.262895568226952E+00, -2.562791602079772E-03

2440587.500000000, A.D. 1970-Jan-01,  7.245886848902755E+00,  5.688980257195587E+00, -3.874815455982151E-01, -2.278244396964441E-03,  9.486794284470228E-03, -2.116064859607829E-03,  5.325313366843504E-02,  9.220494267773406E+00,  4.151862063410562E-03

2440768.500000000, A.D. 1970-Jul-01,  6.522121037808220E+00,  6.447214381851251E+00, -3.723142768087807E-01, -5.487465218467737E-03,  8.871642982405871E-03, -1.996921352213322E-03,  5.301008902363132E-02,  9.178412392025422E+00,  2.413375349046913E-03

2440952.500000000, A.D. 1971-Jan-01,  5.694792327810117E+00,  7.125948965631418E+00, -3.490654051100742E-01, -3.459527824534374E-04,  1.964949713162317E-03, -7.346744680956913E-05,  5.272249692531433E-02,  9.128617363802313E+00,  1.320862359355921E-03

2441133.500000000, A.D. 1971-Jul-01,  4.818950760919356E+00,  7.703701668711028E+00, -3.246612325822185E-01, -8.492299277880033E-05,  3.149407488498207E-03, -1.067566885425434E-03,  5.251426709494769E-02,  9.092563486311663E+00,  2.661455553347610E-03

2441317.500000000, A.D. 1972-Jan-01,  3.865323945134100E+00,  8.192741390086068E+00, -2.968699876440529E-01, -3.160195790448296E-03, -1.559697097306857E-03,  2.156280234342406E-03,  5.234731532504439E-02,  9.063656683437443E+00, -2.828164305760030E-03

2441499.500000000, A.D. 1972-Jul-01,  2.877977823958229E+00,  8.570360153886048E+00, -2.634583203691801E-01, -1.003843676095029E-03,  4.661003246190668E-03, -1.153371238415881E-03,  5.223675842153629E-02,  9.044514348989932E+00,  4.130824549266309E-03

2441683.500000000, A.D. 1973-Jan-01,  1.824428126720509E+00,  8.843203627430409E+00, -2.264491623522810E-01, -5.254811721300680E-03, -2.838274770237560E-03,  2.346954824225104E-03,  5.216609411412568E-02,  9.032279203440142E+00, -3.899119282028114E-03

2441864.500000000, A.D. 1973-Jul-01,  7.692050226193615E-01,  8.985381669222940E+00, -1.861921285130173E-01, -3.420250530005313E-03, -3.519159772824067E-03,  1.687242606134690E-03,  5.209614463424479E-02,  9.020167826440408E+00, -3.832081570691959E-03

2442048.500000000, A.D. 1974-Jan-01, -3.116851524550887E-01,  9.008773695939977E+00, -1.462063984756345E-01, -9.119600510243674E-03, -3.543763184316085E-03,  1.765639100358907E-03,  5.206831657149982E-02,  9.015349546738396E+00, -3.254523195789856E-03

2442229.500000000, A.D. 1974-Jul-01, -1.368481181498320E+00,  8.910934247967017E+00, -1.023093257256602E-01, -7.094547933661639E-03, -4.650523232471695E-03,  2.241207783895877E-03,  5.207197754508575E-02,  9.015983424665164E+00, -3.544931967653104E-03

2442413.500000000, A.D. 1975-Jan-01, -2.416636338337458E+00,  8.698670939833676E+00, -5.781964568478656E-02, -9.470526327133166E-03,  2.398320328402093E-03, -7.671800696578201E-04,  5.214315998067792E-02,  9.028308281328629E+00,  4.850673473433334E-03

2442594.500000000, A.D. 1975-Jul-01, -3.428459085445613E+00,  8.373746425038249E+00, -1.186048438176225E-02, -1.097765854156004E-02, -1.112992419099778E-04,  2.435816826847264E-04,  5.225937847319081E-02,  9.048430889524722E+00,  4.056125640570884E-03

2442778.500000000, A.D. 1976-Jan-01, -4.412759509765015E+00,  7.923054958068922E+00,  3.767061653352000E-02, -4.379515756446435E-03,  5.474117257942920E-04, -1.906621323409702E-03,  5.237878215618817E-02,  9.069104996357256E+00,  2.601259925793250E-03

2442960.500000000, A.D. 1976-Jul-01, -5.328839995159041E+00,  7.375901361106208E+00,  8.157720103016670E-02, -9.427962484101295E-03, -3.736246961664432E-03,  3.082604867207596E-04,  5.255630015795727E-02,  9.099841285566630E+00,  2.495325008786601E-03

2443144.500000000, A.D. 1977-Jan-01, -6.171724013958342E+00,  6.717720946424322E+00,  1.277475829961406E-01, -2.177128869883992E-03,  6.679762693187792E-04, -2.162002150380201E-03,  5.269168148806801E-02,  9.123281836239606E+00,  1.934361611478244E-03

2443325.500000000, A.D. 1977-Jul-01, -6.927157621954511E+00,  5.994417228678414E+00,  1.696191013308027E-01, -4.286805574340315E-03,  1.081532095274786E-03, -1.950165408754565E-03,  5.291689922685384E-02,  9.162277078893398E+00,  3.912536907655133E-03

2443509.500000000, A.D. 1978-Jan-01, -7.613722554499401E+00,  5.180758263711393E+00,  2.135316807727865E-01,  4.415214901674865E-04, -3.977469044985880E-03, -1.450612665209058E-04,  5.320209337014056E-02,  9.211656914073627E+00, -2.605275375686300E-03

2443690.500000000, A.D. 1978-Jul-01, -8.191292820543863E+00,  4.313200089177740E+00,  2.517423741425805E-01,  3.399013798792270E-04, -3.460940364366001E-03, -1.033593723340288E-03,  5.348652219184896E-02,  9.260904237930292E+00, -1.940648439611667E-03

2443874.500000000, A.D. 1979-Jan-01, -8.681302448565814E+00,  3.372428860998907E+00,  2.869470815389620E-01, -2.899217773261594E-04, -1.045864291135081E-02,  2.089916040712574E-03,  5.381488619901845E-02,  9.317758703335096E+00, -3.450876576753809E-03

2444055.500000000, A.D. 1979-Jul-01, -9.046957159107709E+00,  2.405781406049142E+00,  3.185401244084008E-01,  2.698150284515759E-03, -9.143310405538157E-03,  1.382278588844967E-03,  5.409804605426343E-02,  9.366786312459581E+00, -4.907397635561070E-03

2444239.500000000, A.D. 1980-Jan-01, -9.305482934678016E+00,  1.404721429359729E+00,  3.435468354616420E-01, -4.526968325856039E-03, -6.981694913308577E-03,  1.761478973464331E-03,  5.438909578711997E-02,  9.417180011544959E+00,  3.496103985567699E-03

2444421.500000000, A.D. 1980-Jul-01, -9.457816891554099E+00,  3.908641940561421E-01,  3.700379592677600E-01,  2.579879941546008E-03, -7.556623790497052E-03,  1.379112332959312E-03,  5.471217843820807E-02,  9.473120038491027E+00, -2.833630497094402E-03

2444605.500000000, A.D. 1981-Jan-01, -9.506412574112300E+00, -6.328042473634069E-01,  3.880988854833145E-01, -4.367007409394518E-03, -9.145685229047497E-03,  2.003026944340318E-03,  5.507160155245721E-02,  9.535352221582327E+00,  5.042223298450189E-03

2444786.500000000, A.D. 1981-Jul-01, -9.442264598823471E+00, -1.642449068541871E+00,  4.037368025668516E-01, -1.318103482666152E-03, -1.061056878922200E-02,  2.270302602837648E-03,  5.540194463736565E-02,  9.592549353675274E+00,  3.209762520372520E-03

2444970.500000000, A.D. 1982-Jan-01, -9.258081238101191E+00, -2.649552416614221E+00,  4.124667591443530E-01, -1.886243575193600E-03, -3.227978315545178E-03, -8.962073942262628E-04,  5.566782562838540E-02,  9.638585220200451E+00,  2.660767908920220E-03

2445151.500000000, A.D. 1982-Jul-01, -8.981825117348633E+00, -3.606033617396777E+00,  4.177850730072640E-01, -2.209231990165363E-03, -3.854286323649351E-03,  7.379949944569573E-05,  5.595139175339359E-02,  9.687683172753852E+00,  3.486122859355764E-03

2445335.500000000, A.D. 1983-Jan-01, -8.600929985964742E+00, -4.537679759944444E+00,  4.209813063047698E-01,  2.614136297838815E-03,  1.277825630512412E-04, -2.172715171611295E-03,  5.621681976366598E-02,  9.733640608093920E+00, -2.463467992926117E-03

2445516.500000000, A.D. 1983-Jul-01, -8.141579235298346E+00, -5.405681761677195E+00,  4.175771536629483E-01,  6.769177242870919E-04, -3.328765879170320E-04, -2.038498179735638E-03,  5.649421748022225E-02,  9.781670533831731E+00, -4.664831676478919E-04

2445700.500000000, A.D. 1984-Jan-01, -7.592552988558370E+00, -6.241460532299010E+00,  4.125083013544094E-01,  8.084537413465966E-03, -5.321896237464702E-03, -6.056502461129778E-04,  5.681561869756654E-02,  9.837319429549860E+00, -2.888562207859060E-03

2445882.500000000, A.D. 1984-Jul-01, -6.957374139858036E+00, -6.995355407567381E+00,  3.978755946351341E-01,  3.130963444151171E-03, -3.435530234815191E-04, -2.266186033064123E-03,  5.702819365080673E-02,  9.874125641744378E+00, -2.054021738218116E-03

2446066.500000000, A.D. 1985-Jan-01, -6.244872369974389E+00, -7.686833288940282E+00,  3.833102591719154E-01,  9.413321968492644E-03, -1.890823007796099E-03, -9.123379377991833E-04,  5.724257317397273E-02,  9.911244305535831E+00, -4.499965912188293E-03

2446247.500000000, A.D. 1985-Jul-01, -5.483024010102282E+00, -8.283234715532155E+00,  3.632996309876688E-01,  8.034078940892165E-03,  3.421535185133383E-04, -1.629871225649070E-03,  5.740978995412520E-02,  9.940196993512300E+00, -4.776295407463545E-03

2446431.500000000, A.D. 1986-Jan-01, -4.665932193453130E+00, -8.805335992571777E+00,  3.401837747922564E-01,  5.821015261566358E-03, -6.880176777924306E-03,  1.835489125075964E-03,  5.758762064029633E-02,  9.970987422347610E+00,  3.414527356963755E-03

2446612.500000000, A.D. 1986-Jul-01, -3.807597699657300E+00, -9.239680552319921E+00,  3.142536164541458E-01,  8.200345523810309E-03, -6.003931170014584E-03,  1.011486825218094E-03,  5.774601461162305E-02,  9.998412488330786E+00,  2.457255363057958E-03

2446796.500000000, A.D. 1987-Jan-01, -2.893806469784820E+00, -9.587142336937589E+00,  2.811662946792158E-01,  2.606230963990834E-03, -5.043225281429791E-03,  1.535250411565619E-03,  5.786091382956620E-02,  1.001830667121611E+01,  4.116449277109014E-03

2446977.500000000, A.D. 1987-Jul-01, -1.965993464607601E+00, -9.835363860387385E+00,  2.488818048244732E-01,  4.456013507803057E-03, -4.649618476339680E-03,  1.946180359682344E-03,  5.794588068350688E-02,  1.003301822593116E+01,  3.733130363090943E-03

2447161.500000000, A.D. 1988-Jan-01, -9.992608525361437E-01, -9.982284621115605E+00,  2.121155296791302E-01,  5.309398884488253E-04,  2.715996035106000E-03, -8.894979507727228E-04,  5.795395845863908E-02,  1.003441684933925E+01, -2.773561198888772E-03

2447343.500000000, A.D. 1988-Jul-01, -4.977614064031748E-02, -1.003677947365786E+01,  1.769270406111998E-01,  2.893654943153748E-03, -4.044219623994594E-03,  2.232753568474159E-03,  5.797732237035477E-02,  1.003846218525109E+01,  4.068545486473923E-03

2447527.500000000, A.D. 1989-Jan-01,  9.187712261142909E-01, -9.996685381241461E+00,  1.367217283228672E-01,  5.734878150605537E-04,  1.132175667718513E-03, -7.571218892403703E-04,  5.798475209878758E-02,  1.003974860285146E+01, -1.085148173294690E-03

2447708.500000000, A.D. 1989-Jul-01,  1.862598726410032E+00, -9.862291906754363E+00,  9.650920941510022E-02,  1.035480538596243E-03,  1.704149699396645E-04,  9.555232552437972E-05,  5.796945886729492E-02,  1.003710066190226E+01,  2.562734415491824E-05

2447892.500000000, A.D. 1990-Jan-01,  2.814140545396691E+00, -9.629817463105475E+00,  5.564060058880899E-02,  6.339081283518457E-03,  6.597451225003658E-03, -2.626896536404957E-03,  5.794427244634852E-02,  1.003273976829912E+01, -4.568976024258403E-03

2448073.500000000, A.D. 1990-Jul-01,  3.714514723173741E+00, -9.299531851136974E+00,  1.343558683220840E-02,  3.330385272287505E-03,  7.358725470323956E-03, -2.252161514570207E-03,  5.783572243619277E-02,  1.001394491666392E+01, -5.601408470456571E-03

2448257.500000000, A.D. 1991-Jan-01,  4.584685874344427E+00, -8.875882419014626E+00, -2.580256037348059E-02,  8.292204700877357E-03,  3.297208185847608E-03, -9.105970257648752E-04,  5.769777473474159E-02,  9.990060012567897E+00,  8.783748360252956E-04

2448438.500000000, A.D. 1991-Jul-01,  5.400744667032524E+00, -8.374138734294307E+00, -6.711390623089483E-02,  7.535893871307880E-03,  4.574370859039454E-03, -1.788455278575955E-03,  5.755232200333277E-02,  9.964875652816652E+00,  2.521910707670358E-04

2448622.500000000, A.D. 1992-Jan-01,  6.173306916969806E+00, -7.784682167582952E+00, -1.087980343567734E-01,  7.218163210986480E-03, -1.246935259299509E-03,  1.491412597740712E-03,  5.738518270450221E-02,  9.935936380315203E+00,  5.445351774145882E-03

2448804.500000000, A.D. 1992-Jul-01,  6.890817434195448E+00, -7.120507600400138E+00, -1.491457958528706E-01,  8.411224364495174E-03,  6.972774479848700E-03, -2.158240380229986E-03,  5.723513543977856E-02,  9.909956501780854E+00,  8.710845796098109E-04

2448988.500000000, A.D. 1993-Jan-01,  7.533568814867970E+00, -6.367447054909160E+00, -1.878961737748236E-01,  5.799689317309303E-03,  1.704534253451155E-03,  1.531759537138144E-03,  5.698020722496762E-02,  9.865817049669113E+00,  3.299373487733112E-03

2449169.500000000, A.D. 1993-Jul-01,  8.090227687805774E+00, -5.566256916871418E+00, -2.232565821491659E-01,  6.030826429145753E-03,  2.703989548515758E-03,  8.087353599133559E-04,  5.673100996593416E-02,  9.822669881790338E+00,  3.416495040696392E-03

2449353.500000000, A.D. 1994-Jan-01,  8.565727582832045E+00, -4.692870990004836E+00, -2.592927227588331E-01, -1.114853255437436E-03,  5.453058313860487E-04,  1.891779318949837E-03,  5.642949189718165E-02,  9.770463646531539E+00, -1.289509307231758E-03

2449534.500000000, A.D. 1994-Jul-01,  8.950381676603117E+00, -3.791785704655599E+00, -2.898378329739487E-01,  1.114917361136155E-03, -9.875435961902367E-05,  2.068938039744019E-03,  5.616553555773471E-02,  9.724761023095962E+00,  1.002979378922939E-03

2449718.500000000, A.D. 1995-Jan-01,  9.256440582587135E+00, -2.830481689817831E+00, -3.206654564474611E-01, -2.162718359751794E-03,  7.462326303385706E-03, -7.317311598787503E-04,  5.593497673107299E-02,  9.684840999743813E+00, -4.223756595879554E-03

2449899.500000000, A.D. 1995-Jul-01,  9.448778090545854E+00, -1.850563490907680E+00, -3.455165091542315E-01, -3.672848201854751E-03,  6.503021351865437E-03,  3.531955828763531E-04,  5.564416663617201E-02,  9.634488792684225E+00, -4.863798944305980E-03

2450083.500000000, A.D. 1996-Jan-01,  9.539186941363473E+00, -8.339781221880682E-01, -3.647363392232963E-01, -5.290484560917937E-04,  1.027953783326127E-02, -2.279385825958850E-03,  5.534400487078434E-02,  9.582517394073321E+00, -1.334537305292600E-03

2450265.500000000, A.D. 1996-Jul-01,  9.511815295744581E+00,  1.814134521269145E-01, -3.824944117760705E-01, -6.085309017954271E-03,  4.305963327872270E-03,  7.617157480316609E-04,  5.499004517335756E-02,  9.521231172280878E+00, -6.027847313311669E-03

2450449.500000000, A.D. 1997-Jan-01,  9.386670849889418E+00,  1.193811539800953E+00, -3.940637147572831E-01, -4.883353588536152E-04,  8.984313643679170E-03, -2.451741332540875E-03,  5.469695231939378E-02,  9.470483717741875E+00,  7.505293854106996E-04

2450630.500000000, A.D. 1997-Jul-01,  9.154897645762153E+00,  2.185289859311514E+00, -4.030845979117230E-01, -2.627773637285758E-03,  9.336775250721963E-03, -2.056497378518285E-03,  5.440958842941843E-02,  9.420728202568251E+00, -2.998171618849217E-04

2450814.500000000, A.D. 1998-Jan-01,  8.810054198741057E+00,  3.167845423115594E+00, -4.043683546416624E-01,  2.482262342882935E-03,  7.638433599491215E-03, -1.099906957505140E-03,  5.412243540302885E-02,  9.371009197292731E+00,  4.963287227838327E-03

2450995.500000000, A.D. 1998-Jul-01,  8.362860688746949E+00,  4.100688485404571E+00, -4.029370776944566E-01,  5.696605275351334E-06,  8.647603773774369E-03, -1.707161040159847E-03,  5.384426354552749E-02,  9.322845233205348E+00,  3.882575191694462E-03

2451179.500000000, A.D. 1999-Jan-01,  7.793521407406894E+00,  4.994994284367708E+00, -3.953254518016673E-01, -1.240915958928444E-03,  2.732385483739467E-04,  1.741342651644131E-03,  5.351173606638212E-02,  9.265269884974630E+00, -9.707949455842804E-04

2451360.500000000, A.D. 1999-Jul-01,  7.148533038562233E+00,  5.808176783910366E+00, -3.834953112570565E-01,  4.491191576974381E-04,  8.375091891390580E-04,  8.381159066182763E-04,  5.324248300204408E-02,  9.218650162053407E+00,  8.410701034255676E-04

2451544.500000000, A.D. 2000-Jan-01,  6.405877482105956E+00,  6.565384967923028E+00, -3.700497224669047E-01, -6.073096333292401E-03,  5.888060062504869E-04,  2.024303894943032E-03,  5.302054262462522E-02,  9.180222376929638E+00, -3.898256988859533E-03

2451726.500000000, A.D. 2000-Jul-01,  5.590992601243890E+00,  7.227903425960353E+00, -3.470362603009173E-01,  2.802902657673828E-04,  2.524908979610362E-03,  6.413203477816724E-04,  5.281433478827416E-02,  9.144518596850080E+00,  2.142741298341319E-03

2451910.500000000, A.D. 2001-Jan-01,  4.684813700276886E+00,  7.815828248198200E+00, -3.229453202575411E-01, -8.565707039516557E-03, -2.568665115659748E-04,  2.460132005533731E-03,  5.266149928128310E-02,  9.118055949132534E+00, -4.708334165342125E-03

2452091.500000000, A.D. 2001-Jul-01,  3.731883890678458E+00,  8.281134376483331E+00, -2.921834010016791E-01, -7.005891282550401E-03, -2.404452294116678E-03,  2.600259791315397E-03,  5.248720233873903E-02,  9.087877369039498E+00, -5.151534975089658E-03

2452275.500000000, A.D. 2002-Jan-01,  2.719245001075930E+00,  8.641433671298842E+00, -2.597830422790527E-01, -9.971483965854582E-03,  1.795051302833153E-03, -3.125077556692302E-05,  5.234294511478165E-02,  9.062900004986790E+00, -1.279388797130852E-03

2452456.500000000, A.D. 2002-Jul-01,  1.686714351067405E+00,  8.882785570536671E+00, -2.232175939497703E-01, -9.521974748163424E-03,  1.268841384596819E-05,  8.709429484680487E-04,  5.223531239441920E-02,  9.044263977155904E+00, -1.784838747409663E-03

2452640.500000000, A.D. 2003-Jan-01,  6.234576617301930E-01,  9.010592540696857E+00, -1.822445344760503E-01, -5.727296668853472E-03,  5.781618425989827E-03, -2.039749088372780E-03,  5.217588379426120E-02,  9.033974234011204E+00,  5.412547427039600E-03

2452821.500000000, A.D. 2003-Jul-01, -4.410766153917685E-01,  9.022049567498838E+00, -1.405307887081207E-01, -8.602398395985818E-03,  4.703679967835475E-03, -1.505278549878691E-03,  5.217555947749038E-02,  9.033918080303051E+00,  5.140924254263097E-03

2453005.500000000, A.D. 2004-Jan-01, -1.524533335187720E+00,  8.904666651366128E+00, -9.249116860180166E-02, -2.255155473853856E-03, -1.435062105443487E-04, -7.963273959774400E-04,  5.218008844226795E-02,  9.034702246245859E+00,  2.472508688368641E-04

2453187.500000000, A.D. 2004-Jul-01, -2.568683441602183E+00,  8.672061877334503E+00, -4.931246804437475E-02, -8.439923264328367E-03,  9.739212574332247E-04, -1.436404727467495E-03,  5.223739179137260E-02,  9.044624013577584E+00,  3.338583136510463E-03

2453371.500000000, A.D. 2005-Jan-01, -3.585480175177183E+00,  8.310002124917341E+00, -8.278633414858390E-04,  7.817900160837902E-05, -5.186135947731399E-04, -1.262064731744558E-03,  5.227140965117543E-02,  9.050514023417511E+00, -5.070368938115854E-04

2453552.500000000, A.D. 2005-Jul-01, -4.536688834979715E+00,  7.855720205244127E+00,  4.423587917881778E-02, -1.209086018169951E-03,  1.228389753199512E-03, -1.826089491290278E-03,  5.239380194195602E-02,  9.071705591646873E+00,  1.659484472582687E-03

2453736.500000000, A.D. 2006-Jan-01, -5.452897533984493E+00,  7.294219248079959E+00,  9.107685310801840E-02, -2.192116432713841E-03, -5.818102125533448E-03,  1.734567750931286E-03,  5.260099762052212E-02,  9.107580411303893E+00, -3.329879713311203E-03

2453917.500000000, A.D. 2006-Jul-01, -6.280653247725128E+00,  6.641716476987572E+00,  1.360448123692533E-01, -9.819223323417328E-04, -5.731286762048196E-03,  8.803934222086818E-04,  5.280021412595778E-02,  9.142073679960196E+00, -3.476092644924206E-03

2454101.500000000, A.D. 2007-Jan-01, -7.044182041877265E+00,  5.891374036002231E+00,  1.774880075612543E-01, -6.249674707130826E-03, -9.128262331482961E-03,  2.345640105648555E-03,  5.304689890666428E-02,  9.184785825701949E+00, -1.016663702601841E-03

2454282.500000000, A.D. 2007-Jul-01, -7.699008927113834E+00,  5.074645318635111E+00,  2.181141580997533E-01, -2.984382192565610E-03, -9.736464197854382E-03,  2.366357045228272E-03,  5.327092698701173E-02,  9.223575085382420E+00, -2.809776155626103E-03

2454466.500000000, A.D. 2008-Jan-01, -8.257482531954057E+00,  4.188056080500113E+00,  2.537118783954855E-01, -6.822079193495559E-03, -2.981084798149124E-03,  2.275037278165431E-05,  5.349458341825339E-02,  9.262299996014992E+00,  4.734679454908854E-03

2454648.500000000, A.D. 2008-Jul-01, -8.721672162810881E+00,  3.258254526678536E+00,  2.902695556971624E-01, -2.553521851923314E-03, -8.509490030015448E-03,  2.506347489136215E-03,  5.379858722250543E-02,  9.314936623033784E+00, -5.075276167945468E-04

2454832.500000000, A.D. 2009-Jan-01, -9.082189057756057E+00,  2.282444615460080E+00,  3.205130979252734E-01, -7.578270431478864E-03, -5.163540752004260E-03,  4.283802373466502E-04,  5.411708142523010E-02,  9.370082184773420E+00,  6.102304051639158E-03

2455013.500000000, A.D. 2009-Jul-01, -9.331202759322432E+00,  1.287338229046861E+00,  3.479880568655200E-01, -6.140094133351520E-03, -7.746228007444319E-03,  1.215528645699067E-03,  5.444009839368141E-02,  9.426010839123469E+00,  5.065285637911878E-03

2455197.500000000, A.D. 2010-Jan-01, -9.462598189525897E+00,  2.548388353334965E-01,  3.717226641875500E-01, -3.129082940742145E-04, -1.706699175280970E-03, -2.167740768392780E-03,  5.471336174352936E-02,  9.473324921456227E+00,  1.815829043623367E-04

2455378.500000000, A.D. 2010-Jul-01, -9.487196881870654E+00, -7.539511519550822E-01,  3.893952292985620E-01, -1.603149958790725E-03, -1.391934235452950E-03, -1.653305037748200E-03,  5.501222159406249E-02,  9.525070900497861E+00,  1.639364239838393E-03

2455562.500000000, A.D. 2011-Jan-01, -9.405805770889746E+00, -1.770395000082016E+00,  4.062911230285102E-01,  4.582968632546117E-03, -2.595100584426261E-03, -1.220264756444114E-03,  5.532710023443273E-02,  9.579590447021731E+00, -4.071984357415409E-03

2455743.500000000, A.D. 2011-Jul-01, -9.224293293849779E+00, -2.749150755010013E+00,  4.160006672309423E-01,  3.241398664187643E-03, -1.707976350845033E-03, -1.807669130797595E-03,  5.564269760408994E-02,  9.634234437663986E+00, -2.694154809993704E-03

2455927.500000000, A.D. 2012-Jan-01, -8.947160021071305E+00, -3.720076498367411E+00,  4.225254852165868E-01,  4.902469479764784E-03, -9.494288236728864E-03,  1.366838366001765E-03,  5.601632604816185E-02,  9.698926197369465E+00, -8.213462181045912E-04

2456109.500000000, A.D. 2012-Jul-01, -8.559058945525091E+00, -4.641818042282899E+00,  4.223207219885263E-01,  5.717575920389781E-03, -2.148423848643313E-03, -2.236499811861502E-03,  5.628755084573269E-02,  9.745887315317011E+00, -4.094957767219169E-03

2456293.500000000, A.D. 2013-Jan-01, -8.079975645462524E+00, -5.520405205361588E+00,  4.185500192731308E-01,  7.464666997674179E-03, -6.711444493201737E-03,  1.015383995956365E-03,  5.656944466221871E-02,  9.794695716625625E+00, -2.331817761023847E-03

2456474.500000000, A.D. 2013-Jul-01, -7.523208097460814E+00, -6.324136809479664E+00,  4.106430817295558E-01,  7.979244641889427E-03, -4.448017045306956E-03,  2.112485124449832E-04,  5.681243082875682E-02,  9.836767467175786E+00, -3.234080905344122E-03

2456658.500000000, A.D. 2014-Jan-01, -6.888502592787022E+00, -7.069527076009795E+00,  3.969236217508061E-01,  7.154462025129091E-04, -7.886933061813581E-03,  2.280410773860263E-03,  5.705417905197149E-02,  9.878624874483943E+00,  5.236931593912849E-03

2456839.500000000, A.D. 2014-Jul-01, -6.190969141691983E+00, -7.742983105314937E+00,  3.816982917706268E-01,  3.444054288235018E-03, -8.710990718498658E-03,  2.200794086298685E-03,  5.729930707656637E-02,  9.921067476260582E+00,  4.734073183029814E-03

2457023.500000000, A.D. 2015-Jan-01, -5.410934566889506E+00, -8.349597780543073E+00,  3.590849311643958E-01,  3.607581256718129E-04, -3.246203273351060E-03, -9.170410980383194E-05,  5.750135113112279E-02,  9.956050319870771E+00,  2.523041031621607E-03

2457204.500000000, A.D. 2015-Jul-01, -4.591763571127577E+00, -8.861666438429932E+00,  3.351365510416155E-01,  1.163498378867187E-03, -3.700263153418525E-03,  7.860561710014772E-04,  5.767592962000871E-02,  9.986277648201746E+00,  2.774950332762276E-03

2457388.500000000, A.D. 2016-Jan-01, -3.706342062796966E+00, -9.290019916355437E+00,  3.082266785072069E-01,  3.776085839570292E-03,  3.353855194807391E-03, -2.242659328922430E-03,  5.779457197587733E-02,  1.000681993532822E+01, -4.581285070434062E-03

2457570.500000000, A.D. 2016-Jul-01, -2.810087085786405E+00, -9.618859683551870E+00,  2.777445952698066E-01, -4.116065324526331E-04, -2.831454952820793E-03,  1.254234331526738E-03,  5.789829462469092E-02,  1.002477895525705E+01,  2.866933528191505E-03

2457754.500000000, A.D. 2017-Jan-01, -1.869406945473557E+00, -9.867029059286997E+00,  2.457534167680673E-01,  3.193374599975727E-03,  2.070149279952548E-03, -2.196559055415162E-03,  5.801833427358669E-02,  1.004556317617146E+01, -2.681358046300608E-03

2457935.500000000, A.D. 2017-Jul-01, -9.252440428431914E-01, -1.001413913399629E+01,  2.100053355464012E-01,  2.439098194374056E-03,  1.761968986385090E-03, -1.726023641230895E-03,  5.809584713717149E-02,  1.005898411246437E+01, -2.014501424903246E-03

2458119.500000000, A.D. 2018-Jan-01,  4.999487750732180E-02, -1.007001715048135E+01,  1.738926173334769E-01,  1.031947305933230E-02,  2.830566768166171E-03, -1.911051181501059E-03,  5.816895614256488E-02,  1.007164254434839E+01, -2.811880254544535E-03

2458300.500000000, A.D. 2018-Jul-01,  1.007168457161260E+00, -1.001770545361092E+01,  1.343102958166011E-01,  8.130796230027370E-03,  5.262568088074454E-03, -2.348634698794603E-03,  5.815429322723383E-02,  1.006910373925947E+01, -4.453745092298692E-03

2458484.500000000, A.D. 2019-Jan-01,  1.958886740575335E+00, -9.865091237279145E+00,  9.491028388388542E-02,  7.934713642054718E-03, -1.389162850330627E-03,  1.039783835388360E-03,  5.809099781405299E-02,  1.005814447819430E+01,  2.917646475276776E-03

2458665.500000000, A.D. 2019-Jul-01,  2.881867411240106E+00, -9.625901984642882E+00,  5.456432750594262E-02,  8.778413810372816E-03, -2.109800365632736E-04,  9.392037111884050E-05,  5.803350663015040E-02,  1.004819018827548E+01,  2.720313014074067E-03

2458849.500000000, A.D. 2020-Jan-01,  3.789914987279464E+00, -9.289095908951046E+00,  1.040795801013308E-02,  3.653898510806892E-03, -2.894629589937562E-03,  1.908740138809696E-03,  5.794283311207568E-02,  1.003249055529515E+01,  4.062433198666564E-03

2459031.500000000, A.D. 2020-Jul-01,  4.661921615189494E+00, -8.869454695307768E+00, -2.999878199467760E-02,  1.062060949207365E-02,  1.842235805487199E-03, -4.147142858748772E-04,  5.787105095081107E-02,  1.002006185935043E+01,  3.311882035461372E-03

2459215.500000000, A.D. 2021-Jan-01,  5.491575602494930E+00, -8.341179484560918E+00, -7.421505250679994E-02,  3.126244612626605E-03,  5.652630610942215E-05,  2.093564635253168E-03,  5.767952808846979E-02,  9.986900703701629E+00,  1.656283471589030E-03

2459396.500000000, A.D. 2021-Jul-01,  6.250271788958431E+00, -7.745466587042118E+00, -1.138118755903650E-01,  3.983247502964707E-03, -3.913277904592841E-05,  2.092725549539438E-03,  5.748631446292152E-02,  9.953446801478414E+00,  2.507805045502551E-03

2459580.500000000, A.D. 2022-Jan-01,  6.956526738827480E+00, -7.060363081667576E+00, -1.552333143646416E-01, -1.983221652527181E-03,  3.061791148333600E-03,  2.950290119021820E-04,  5.725228193149704E-02,  9.912925324791104E+00, -3.577096448509423E-03

2459761.500000000, A.D. 2022-Jul-01,  7.581710037388344E+00, -6.322234934922167E+00, -1.928083538483316E-01, -1.018507837548791E-03,  1.381124096952390E-03,  1.066306739946381E-03,  5.702579531553750E-02,  9.873710382865156E+00, -1.687249707714215E-03

2459945.500000000, A.D. 2023-Jan-01,  8.151085178447623E+00, -5.508853662976440E+00, -2.294839809716408E-01,  2.343049187125324E-03,  8.877549832558597E-03, -2.369615132042686E-03,  5.683542045860987E-02,  9.840747998192009E+00, -2.973650041978502E-03

2460126.500000000, A.D. 2023-Jul-01,  8.619906975648806E+00, -4.643111462896242E+00, -2.639212978564128E-01, -3.058723706809041E-04,  9.110686353290324E-03, -1.664445846110973E-03,  5.656793234553770E-02,  9.794433867109403E+00, -4.543319350495630E-03

2460310.500000000, A.D. 2024-Jan-01,  9.000972385413389E+00, -3.715076126269275E+00, -2.924586628328903E-01,  4.867864068833484E-03,  8.257294548129433E-03, -1.656170236893590E-03,  5.626458456906770E-02,  9.741910827779956E+00,  1.398431353964391E-03

2460492.500000000, A.D. 2024-Jul-01,  9.278421957422445E+00, -2.754063077560534E+00, -3.223093253670124E-01, -3.496429313250387E-03,  7.820393475500518E-03, -1.241428661034540E-03,  5.592952453880858E-02,  9.683896981916922E+00, -5.532801464258647E-03

2460676.500000000, A.D. 2025-Jan-01,  9.459209114157709E+00, -1.768874074674418E+00, -3.443733766371765E-01,  4.764641426992770E-03,  7.219951828271395E-03, -2.021811614893900E-03,  5.561441671762930E-02,  9.629337753966055E+00,  3.426488190387921E-03

2460857.500000000, A.D. 2025-Jul-01,  9.539255914245503E+00, -7.716120267077868E-01, -3.658400735639962E-01,  3.162872650901183E-03,  9.082848979781078E-03, -2.490676561813095E-03,  5.531446033823800E-02,  9.577401916838054E+00,  2.513646773643041E-03

2461041.500000000, A.D. 2026-Jan-01,  9.509915929355877E+00,  2.536210101277604E-01, -3.819726934725875E-01,  4.115084578068375E-03,  4.289802659259675E-03,  7.693551826441953E-04,  5.498849369806352E-02,  9.520962542660987E+00,  4.193716718561757E-03

2461222.500000000, A.D. 2026-Jul-01,  9.373661300588138E+00,  1.260578198488186E+00, -3.937155183320359E-01,  3.256771600761823E-03,  5.836561103458639E-03, -4.332410713988246E-05,  5.467241084569880E-02,  9.466234493293673E+00,  4.003954581965023E-03

2461406.500000000, A.D. 2027-Jan-01,  9.115121992290570E+00,  2.271594225500771E+00, -4.022788625009944E-01, -3.812989419259912E-03,  6.923724388244117E-04,  2.390596510651931E-03,  5.430443743023139E-02,  9.402521871438681E+00, -3.631447114912934E-03

2461587.500000000, A.D. 2027-Jul-01,  8.760731848137802E+00,  3.229375610837251E+00, -4.041424612057440E-01, -1.652578361915624E-03, -1.871172552233527E-04,  2.190969811198486E-03,  5.397641987132189E-02,  9.345727391690595E+00, -1.708538142604596E-03

2461771.500000000, A.D. 2028-Jan-01,  8.303260542067704E+00,  4.165800193501428E+00, -4.047818287454499E-01, -6.574217182745042E-03,  4.630360382129540E-03,  3.725336755339138E-04,  5.370358669502371E-02,  9.298487791599101E+00, -3.812348589315014E-03

2461953.500000000, A.D. 2028-Jul-01,  7.744230869944666E+00,  5.040507692112688E+00, -3.959018038321096E-01, -1.159581588997497E-03,  1.307349504963532E-03,  2.074704666476150E-03,  5.341544817394908E-02,  9.248598153208334E+00, -3.472679392441934E-04

2462137.500000000, A.D. 2029-Jan-01,  7.083120978593428E+00,  5.874301691549198E+00, -3.858894329353090E-01, -9.505404954810530E-03,  4.514461354423098E-03,  9.596998214470236E-04,  5.319341235668360E-02,  9.210153843187378E+00, -4.471039680305569E-03

2462318.500000000, A.D. 2029-Jul-01,  6.337002827067329E+00,  6.611625562779891E+00, -3.683662710145597E-01, -9.520736823727229E-03,  1.518008571387094E-03,  1.823305011252847E-03,  5.293567107556608E-02,  9.165527323743300E+00, -5.560844909436487E-03

2462502.500000000, A.D. 2030-Jan-01,  5.502763976452227E+00,  7.268763309707312E+00, -3.460431754571326E-01, -6.854534038113706E-03,  6.166672649507600E-03, -1.803820941686273E-03,  5.269193655987012E-02,  9.123326000553087E+00,  8.472130496671188E-04

2462683.500000000, A.D. 2030-Jul-01,  4.611524405911901E+00,  7.825967266248992E+00, -3.210317559420469E-01, -7.980186329533632E-03,  5.009924139765944E-03, -1.148593142721568E-03,  5.249529419485347E-02,  9.089278430494087E+00,  3.053502207600541E-04

2462867.500000000, A.D. 2031-Jan-01,  3.650633644554048E+00,  8.287563518831755E+00, -2.889040843025542E-01, -1.147050786750286E-03,  5.975827670680765E-03, -1.737587499271219E-03,  5.232960666875095E-02,  9.060590524648362E+00,  5.059227122659094E-03

2463048.500000000, A.D. 2031-Jul-01,  2.652842285767708E+00,  8.641604685835684E+00, -2.557947884623590E-01, -3.931367248270172E-03,  6.682343508361881E-03, -2.013366999513617E-03,  5.222944470310210E-02,  9.043248017898161E+00,  5.289237051577089E-03

2463232.500000000, A.D. 2032-Jan-01,  1.591047610741470E+00,  8.883541949131667E+00, -2.161063360419307E-01, -2.676464428981782E-03, -1.523787960163177E-03,  1.153434919030611E-03,  5.213839441526808E-02,  9.027483149256256E+00, -1.998816380660704E-03

2463414.500000000, A.D. 2032-Jul-01,  5.309719747330504E-01,  9.000292262940341E+00, -1.768913580577470E-01, -4.898597660875666E-03,  3.343737040907950E-03, -2.071700677178689E-03,  5.208175373918503E-02,  9.017676120201436E+00,  3.089494246642555E-03

2463598.500000000, A.D. 2033-Jan-01, -5.515022110912970E-01,  8.990125099467427E+00, -1.328930729734315E-01, -3.007477987767701E-04, -2.616382996883037E-03,  6.425287552695567E-04,  5.202590136737818E-02,  9.008005581800953E+00, -2.602255824775676E-03

2463779.500000000, A.D. 2033-Jul-01, -1.602269423886918E+00,  8.867994624683798E+00, -8.912913594446813E-02,  1.033391359377949E-04, -6.049649106736583E-04, -2.766965898272216E-04,  5.204909808632321E-02,  9.012021969181934E+00, -6.109329298838849E-04

2463963.500000000, A.D. 2034-Jan-01, -2.655780271088702E+00,  8.633860321652655E+00, -4.456285858461893E-02, -6.689558862431533E-03, -4.911067023538575E-03,  2.667352375786428E-03,  5.217141107599606E-02,  9.033199806850133E+00, -2.740372585395473E-03

2464144.500000000, A.D. 2034-Jul-01, -3.658475726280407E+00,  8.280447142222048E+00,  2.530939795229166E-03, -5.029105700783290E-03, -6.156427893618832E-03,  2.461152148514221E-03,  5.228367708738656E-02,  9.052638064154143E+00, -3.598165017539207E-03

2464328.500000000, A.D. 2035-Jan-01, -4.629240111082273E+00,  7.809794092010360E+00,  4.753541803277381E-02, -1.019154104963901E-02, -4.570257286632643E-03,  1.064423325594518E-03,  5.243490240344868E-02,  9.078821915954761E+00,  1.270750784536369E-03

2464509.500000000, A.D. 2035-Jul-01, -5.521946573711206E+00,  7.239829863240564E+00,  9.307797882580011E-02, -8.143021886092734E-03, -6.651166843406645E-03,  1.762254507557112E-03,  5.259074662514081E-02,  9.105805506474049E+00, -3.320911527086448E-04

2464693.500000000, A.D. 2036-Jan-01, -6.344784337754609E+00,  6.566361431171913E+00,  1.373062348962500E-01, -5.611167842048149E-03,  6.715163583019647E-04, -1.704770118883944E-03,  5.274166017447175E-02,  9.131935377538522E+00,  4.355811965965600E-03

2464875.500000000, A.D. 2036-Jul-01, -7.091547498561505E+00,  5.823165964739652E+00,  1.797441556673508E-01, -7.593343928197743E-03, -5.873459698930389E-03,  2.071752962717831E-03,  5.300642719574827E-02,  9.177778366181698E+00,  2.181226568561177E-03

2465059.500000000, A.D. 2037-Jan-01, -7.751587557656277E+00,  4.994572127874958E+00,  2.211175604846278E-01, -7.205565378764008E-03, -1.078278307933057E-03, -1.314772145409579E-03,  5.327324877933403E-02,  9.223977091261213E+00,  5.439986726676076E-03

2465240.500000000, A.D. 2037-Jul-01, -8.308923302118613E+00,  4.112704278889949E+00,  2.583977600155037E-01, -7.637544324402210E-03, -3.442602794812812E-03, -6.124979689826645E-04,  5.356596704596409E-02,  9.274659688013916E+00,  5.298641277755444E-03

2465424.500000000, A.D. 2038-Jan-01, -8.765792528707230E+00,  3.154392327842437E+00,  2.951492383196643E-01,  1.769658042134518E-03, -2.746220614270566E-03, -1.971867260462680E-03,  5.383217553882538E-02,  9.320752259725145E+00, -2.656127629021472E-03

2465605.500000000, A.D. 2038-Jul-01, -9.106539597232294E+00,  2.184378715105851E+00,  3.245958339229288E-01,  7.991058751330581E-04, -1.130235666741380E-03, -2.276324876697234E-03,  5.411939159780387E-02,  9.370482178755120E+00, -1.118921886769702E-03

2465789.500000000, A.D. 2039-Jan-01, -9.347873787791467E+00,  1.175032340695412E+00,  3.529034978197754E-01,  3.344096835582468E-03, -6.251859963229692E-03,  6.848850208035264E-04,  5.445183254901248E-02,  9.428042545138009E+00, -4.069204640979263E-03

2465970.500000000, A.D. 2039-Jul-01, -9.475594442404699E+00,  1.677339889174513E-01,  3.758483442346100E-01,  3.529697560448722E-03, -5.037271064540120E-03, -2.120689779252454E-04,  5.477806999444391E-02,  9.484528807791817E+00, -3.623860565645746E-03

2466154.500000000, A.D. 2040-Jan-01, -9.504012737179512E+00, -8.587281497697307E-01,  3.936996625851193E-01, -8.954879950542349E-04, -1.082945755325176E-02,  2.430217854371886E-03,  5.516108985828681E-02,  9.550846641423835E+00,  1.964963527587044E-03

2466336.500000000, A.D. 2040-Jul-01, -9.410170496269746E+00, -1.874825499562376E+00,  4.089274091035948E-01,  6.140703944081485E-03, -6.097264703494802E-03, -7.478364689490937E-04,  5.546708129675700E-02,  9.603827416639216E+00, -4.858435344857317E-03

2466520.500000000, A.D. 2041-Jan-01, -9.210122317767180E+00, -2.871206828244171E+00,  4.162765489235166E-01,  2.479885562460442E-03, -9.158269044079098E-03,  2.181329876404914E-03,  5.576993975945052E-02,  9.656265733914571E+00,  4.518591185431634E-04

2466701.500000000, A.D. 2041-Jul-01, -8.912018769343302E+00, -3.819625321456834E+00,  4.214195865760015E-01,  4.270912996687816E-03, -8.054861952256329E-03,  1.889216181449409E-03,  5.605265083653959E-02,  9.705215639510099E+00, -6.697171556329836E-04

2466885.500000000, A.D. 2042-Jan-01, -8.515267267640819E+00, -4.733733210378691E+00,  4.197701756893729E-01, -3.318218578742226E-03, -5.744983402613014E-03,  1.211059697595464E-03,  5.632069593931947E-02,  9.751626210371047E+00,  5.738438113940552E-03

2467066.500000000, A.D. 2042-Jul-01, -8.038538059219363E+00, -5.593719396237397E+00,  4.163527948795646E-01, -1.697902272424095E-03, -7.962765049598778E-03,  1.867044035633380E-03,  5.661220118169264E-02,  9.802098778484366E+00,  6.015800868602855E-03

2467250.500000000, A.D. 2043-Jan-01, -7.459967755034650E+00, -6.414516878800037E+00,  4.074081159251873E-01,  1.148580759384460E-03, -1.535916495516059E-03, -1.789354248091998E-03,  5.687144632927169E-02,  9.846985684334520E+00,  5.634103985736449E-05

2467431.500000000, A.D. 2043-Jul-01, -6.815776729215359E+00, -7.150108076289149E+00,  3.937538748698208E-01,  6.856699503884376E-04, -1.651306277645323E-03, -1.058239029659763E-03,  5.709703829915334E-02,  9.886045723093938E+00,  6.794384256468808E-04

2467615.500000000, A.D. 2044-Jan-01, -6.086346498499832E+00, -7.823725219923868E+00,  3.783933778700762E-01,  7.346504000300617E-03,  9.855473285956180E-04, -2.106113301273214E-03,  5.729054267904431E-02,  9.919549967871015E+00, -5.365259501412162E-03

2467797.500000000, A.D. 2044-Jul-01, -5.312459311533644E+00, -8.400549981589045E+00,  3.555971887255198E-01, -9.057223885207261E-04, -2.751169550499393E-04, -5.761395525130991E-04,  5.744185280055841E-02,  9.945748503280470E+00,  6.955608681208881E-04

2467981.500000000, A.D. 2045-Jan-01, -4.478486350954153E+00, -8.913051953367718E+00,  3.339757436741129E-01,  6.529833641880309E-03,  1.940647904043244E-04, -2.199633352457323E-03,  5.764270383359203E-02,  9.980524781617319E+00, -3.176997730766064E-03

2468162.500000000, A.D. 2045-Jul-01, -3.609847527756365E+00, -9.326593066021886E+00,  3.058434371883116E-01,  5.724760237650435E-03,  1.128496933490124E-03, -2.497615523011533E-03,  5.778690460802010E-02,  1.000549237173701E+01, -3.193688165950956E-03

2468346.500000000, A.D. 2046-Jan-01, -2.689962993906014E+00, -9.658142371285319E+00,  2.758114454640258E-01,  1.092517773933034E-02, -2.649573643020204E-03, -1.041890816540368E-04,  5.792579624737385E-02,  1.002954071361443E+01, -3.815828664185671E-04

2468527.500000000, A.D. 2046-Jul-01, -1.755431498936421E+00, -9.882402475287602E+00,  2.422935033876296E-01,  1.066356057570092E-02,  4.536488219707352E-04, -9.693235451056179E-04,  5.798635492790399E-02,  1.004002612411006E+01, -2.334371531955959E-03

2468711.500000000, A.D. 2047-Jan-01, -7.984264473542495E-01, -1.000553491039441E+01,  2.053954223874916E-01,  4.497700258578273E-03, -4.156951799711919E-03,  2.164392753847939E-03,  5.798298281653966E-02,  1.003944226112655E+01,  3.829495591291786E-03

2468892.500000000, A.D. 2047-Jul-01,  1.522466574528435E-01, -1.004023187344237E+01,  1.690779171284022E-01,  6.294745756239591E-03, -4.175640769917433E-03,  1.771359903892865E-03,  5.800243031058552E-02,  1.004280949033955E+01,  4.299818037536861E-03

2469076.500000000, A.D. 2048-Jan-01,  1.118659293000158E+00, -9.978011166221624E+00,  1.272804185930922E-01,  8.696960229136047E-04, -1.745926623367446E-03,  7.992157349525148E-04,  5.799388479194312E-02,  1.004132987965321E+01,  1.841936637521492E-03

2469258.500000000, A.D. 2048-Jul-01,  2.066358597253634E+00, -9.826428766123405E+00,  8.883050861031155E-02,  8.874828917525059E-03, -2.943907060705083E-03,  1.322793312592431E-03,  5.799622146530264E-02,  1.004173446210372E+01,  4.718724304108548E-03

2469442.500000000, A.D. 2049-Jan-01,  3.009617900475522E+00, -9.560955898565808E+00,  4.401081732198715E-02,  9.241850683506846E-04,  1.061447148070531E-03,  1.069166404455253E-03,  5.789121404272335E-02,  1.002355299049316E+01, -7.302750397917496E-04

2469623.500000000, A.D. 2049-Jul-01,  3.899661664723443E+00, -9.211958215157468E+00,  3.137859325961976E-03,  1.062849382618651E-03, -4.317147218321065E-05,  1.818574766882196E-03,  5.777468542085656E-02,  1.000337668506399E+01,  4.546617972703712E-04

2469807.500000000, A.D. 2050-Jan-01,  4.766413844684170E+00, -8.767744461720419E+00, -3.874051435814704E-02,  3.214649343024314E-04,  5.391514380121328E-03, -1.542584101371395E-03,  5.763768930439463E-02,  9.979656542801397E+00, -4.577254210674933E-03

2469988.500000000, A.D. 2050-Jul-01,  5.570177927635435E+00, -8.248561198850915E+00, -8.009143095546760E-02, -3.812107686983156E-04,  3.898358625460858E-03, -8.047980758881148E-04,  5.748659165036383E-02,  9.953494794996294E+00, -3.437466415759267E-03

2470172.500000000, A.D. 2051-Jan-01,  6.339945721166955E+00, -7.645687810546907E+00, -1.196232136868951E-01,  7.607780220031199E-03,  6.973421529151127E-03, -2.484862593175691E-03,  5.736859412896075E-02,  9.933064157496492E+00, -4.818697437982809E-04

2470353.500000000, A.D. 2051-Jul-01,  7.033081922559154E+00, -6.964642262072294E+00, -1.599529953629050E-01,  5.127851304277422E-03,  8.932549683383391E-03, -2.585112047647203E-03,  5.717356750965276E-02,  9.899296345134708E+00, -2.599570455383459E-03

2470537.500000000, A.D. 2052-Jan-01,  7.658350748610276E+00, -6.199071154711127E+00, -1.964362834236244E-01,  7.273260111555446E-03,  4.025850071696285E-03,  1.047376716559848E-04,  5.691667286070987E-02,  9.854816415507514E+00,  3.117670628569181E-03

2470719.500000000, A.D. 2052-Jul-01,  8.201540999472005E+00, -5.377213326847134E+00, -2.335355741993804E-01,  1.648532744022706E-03,  8.848787197078205E-03, -2.313066817978537E-03,  5.665728635845696E-02,  9.809905034854276E+00, -3.417069181290877E-03

2470903.500000000, A.D. 2053-Jan-01,  8.656496229153554E+00, -4.502466886450883E+00, -2.650652656028979E-01,  7.259735960968323E-03,  3.058502947001307E-03, -2.914652798510281E-04,  5.637491538383237E-02,  9.761014016175038E+00,  5.035370912300437E-03

2471084.500000000, A.D. 2053-Jul-01,  9.024558377506354E+00, -3.589728270548107E+00, -2.959570721760146E-01,  7.373575952640160E-03,  5.576855972261376E-03, -1.275759594393293E-03,  5.611961337993520E-02,  9.716809844489262E+00,  4.826835135827316E-03

2471268.500000000, A.D. 2054-Jan-01,  9.299699442077261E+00, -2.615968675910592E+00, -3.253590804175460E-01,  2.677955969018672E-03,  1.988863653537655E-03,  1.975380916041810E-03,  5.582675899890978E-02,  9.666103680259575E+00,  1.971701641612153E-03

2471449.500000000, A.D. 2054-Jul-01,  9.469233828853019E+00, -1.630839498318455E+00, -3.484637083394976E-01,  3.095839651429167E-03,  2.888080638973480E-03,  1.637744493211602E-03,  5.553137711408884E-02,  9.614959892313630E+00,  2.499702476704805E-03

2471633.500000000, A.D. 2055-Jan-01,  9.530391649002773E+00, -6.054284036907451E-01, -3.703305321634192E-01, -5.428553329483419E-03,  3.541406006818540E-03,  1.352249388805786E-03,  5.519536088062261E-02,  9.556780484997537E+00, -5.690314476109059E-03

2471814.500000000, A.D. 2055-Jul-01,  9.483870746599091E+00,  3.995915210327046E-01, -3.852780267539409E-01, -4.224934311476501E-03,  1.347468327632729E-03,  1.930667534817437E-03,  5.486800682841542E-02,  9.500100887873698E+00, -4.239337903650314E-03

2471998.500000000, A.D. 2056-Jan-01,  9.337889814584958E+00,  1.413513347865736E+00, -3.976845876022475E-01, -3.502357040442253E-03,  8.214680085683332E-03, -1.602133276435900E-03,  5.459388223053407E-02,  9.452637685066559E+00, -2.164043641111810E-03

2472180.500000000, A.D. 2056-Jul-01,  9.076867854789219E+00,  2.406314722127087E+00, -4.044499329975477E-01, -3.410477762168176E-03,  2.448823378874648E-03,  1.963090727140411E-03,  5.428479095594650E-02,  9.399120189865279E+00, -2.751086017749220E-03

2472364.500000000, A.D. 2057-Jan-01,  8.711471283476493E+00,  3.388378118711558E+00, -4.072065784423831E-01, -6.640395785046427E-03,  9.121974800493017E-03, -1.093605485708950E-03,  5.403634193327417E-02,  9.356102575096408E+00, -2.831691275108445E-03

2472545.500000000, A.D. 2057-Jul-01,  8.236616562270751E+00,  4.310177966507943E+00, -4.041387949059140E-01, -8.689156460850651E-03,  6.561536018125773E-03, -1.271376387640076E-04,  5.374113279678040E-02,  9.304988697596112E+00, -4.646591435934040E-03

2472729.500000000, A.D. 2058-Jan-01,  7.652996663767326E+00,  5.183267813853685E+00, -3.936320539851844E-01, -1.725930014876773E-03,  7.409257654269937E-03, -2.180108591004454E-03,  5.343199468578134E-02,  9.251463092921572E+00,  2.816180580204718E-03

2472910.500000000, A.D. 2058-Jul-01,  6.988257577839857E+00,  5.983490278074854E+00, -3.818818048645090E-01, -3.314957387141800E-03,  7.647595242937896E-03, -2.305124517975743E-03,  5.317986559933611E-02,  9.207808294862522E+00,  2.549338568475594E-03

2473094.500000000, A.D. 2059-Jan-01,  6.224714539374014E+00,  6.718880778310461E+00, -3.630541399959794E-01,  1.390872884045900E-03,  3.790783115815282E-03, -7.387578822635741E-05,  5.294050625642882E-02,  9.166364509357690E+00,  3.726060353723709E-03

2473275.500000000, A.D. 2059-Jul-01,  5.395168088135628E+00,  7.363854270362154E+00, -3.412703298825180E-01,  3.114138199284776E-06,  5.560657451723774E-03, -8.655553140492648E-04,  5.276012776170753E-02,  9.135132941146839E+00,  4.516634955868456E-03

2473459.500000000, A.D. 2060-Jan-01,  4.469364225444770E+00,  7.927223173709057E+00, -3.146217933097885E-01, -5.407736337865181E-03, -1.412809060402538E-03,  2.483712098430622E-03,  5.259054897952239E-02,  9.105771285196049E+00, -3.970034484172377E-03

2473641.500000000, A.D. 2060-Jul-01,  3.503747197044702E+00,  8.368201538942763E+00, -2.824932221547564E-01, -1.650262274518308E-03,  2.806242183646797E-03, -1.019184042540956E-03,  5.242148945885734E-02,  9.076499536590415E+00,  1.981932666082718E-03

2473825.500000000, A.D. 2061-Jan-01,  2.476246148847461E+00,  8.701896008400279E+00, -2.485462736766973E-01, -3.313274710124274E-03, -3.342456039540653E-03,  2.147206288606338E-03,  5.227292850185573E-02,  9.050777004260638E+00, -4.179074206976250E-03

2474006.500000000, A.D. 2061-Jul-01,  1.440541741384529E+00,  8.917341884932261E+00, -2.107759179306347E-01, -1.495942232758394E-03, -2.281215647488631E-03,  1.584072158354920E-03,  5.218415672568846E-02,  9.035406647684317E+00, -2.526862622170825E-03

2474190.500000000, A.D. 2062-Jan-01,  3.681432573584393E-01,  9.027924795086426E+00, -1.723650307213432E-01, -1.015661569370942E-02, -9.214385182508514E-04,  1.867842093460883E-03,  5.219377337979442E-02,  9.037071719727045E+00, -1.369881558434783E-03

2474371.500000000, A.D. 2062-Jul-01, -6.990620157818955E-01,  9.008827799449564E+00, -1.286635499019818E-01, -9.443995728496329E-03, -3.419600153585492E-03,  2.510790601996952E-03,  5.219235299929868E-02,  9.036825788467858E+00, -2.714193904107198E-03

2474555.500000000, A.D. 2063-Jan-01, -1.772291317112788E+00,  8.864402783729323E+00, -8.350355298310917E-02, -1.015247643365763E-02,  7.884254368441570E-04, -8.799411919380298E-04,  5.221197179720100E-02,  9.040222678024163E+00,  2.771562778485359E-03

2474736.500000000, A.D. 2063-Jul-01, -2.805122293859793E+00,  8.602639832793347E+00, -3.820852879043418E-02, -9.999763266514828E-03, -1.523288353993885E-03, -7.581018748365988E-05,  5.225985128572701E-02,  9.048512754477628E+00,  1.652111767169306E-03

2474920.500000000, A.D. 2064-Jan-01, -3.807333486903650E+00,  8.216672444216314E+00,  9.852087433903882E-03, -2.402674587780098E-03,  1.894905902246112E-03, -2.134468668008366E-03,  5.230260146811013E-02,  9.055914719103113E+00,  2.727121038752433E-03

2475102.500000000, A.D. 2064-Jul-01, -4.755448822301605E+00,  7.741167899344005E+00,  5.368036946687219E-02, -9.636922687085299E-03, -9.672338167215104E-04,  2.715843037528648E-04,  5.247237373132840E-02,  9.085309875256314E+00,  4.221644890723296E-03

2475286.500000000, A.D. 2065-Jan-01, -5.651678274790078E+00,  7.151242628898707E+00,  1.020899183874729E-01, -4.457155237903086E-03,  8.783007465447933E-04, -1.920860802998080E-03,  5.264668050437989E-02,  9.115490157448946E+00,  3.431000209784578E-03

2475467.500000000, A.D. 2065-Jul-01, -6.463023884496420E+00,  6.477815162006900E+00,  1.456911389630037E-01, -5.869875544713189E-03, -3.051141359774937E-04, -1.892018543348807E-03,  5.285593102734754E-02,  9.151720762385072E+00,  3.899269160230090E-03

2475651.500000000, A.D. 2066-Jan-01, -7.204689252008300E+00,  5.699044617679283E+00,  1.904708405414199E-01,  1.777698275275034E-03, -5.451310599533363E-03, -2.972674793160158E-04,  5.306659134418765E-02,  9.188195465563391E+00, -4.781313908705964E-03

2475832.500000000, A.D. 2066-Jul-01, -7.834398147201234E+00,  4.869281688099557E+00,  2.293845098713186E-01,  2.319434570858422E-03, -3.256141668553898E-03, -1.240729362125277E-03,  5.329157979860660E-02,  9.227151008859707E+00, -3.718487859221605E-03

2476016.500000000, A.D. 2067-Jan-01, -8.379787507427665E+00,  3.972311748719227E+00,  2.656520694353858E-01, -1.030371316222381E-03, -8.089618711264875E-03,  2.278981425784486E-03,  5.358195549051323E-02,  9.277428001372408E+00, -2.467793728000150E-03

2476197.500000000, A.D. 2067-Jul-01, -8.814436437011876E+00,  3.038035632495660E+00,  2.999723917465039E-01,  4.089680866536452E-04, -7.760147920687063E-03,  1.751077571379743E-03,  5.387476239220585E-02,  9.328125944810459E+00, -2.857503675608927E-03

2476381.500000000, A.D. 2068-Jan-01, -9.154055950658170E+00,  2.054192526224268E+00,  3.287318520380618E-01, -6.399146952989506E-03, -8.497774280472917E-03,  1.864269179577623E-03,  5.421748012671031E-02,  9.387465681062183E+00,  4.445814334315541E-03

2476563.500000000, A.D. 2068-Jul-01, -9.377039828501275E+00,  1.042320564483209E+00,  3.575837209861828E-01,  2.949914844842973E-03, -9.707392306916708E-03,  1.307604577627412E-03,  5.452993925067091E-02,  9.441566301306056E+00, -3.951897843917816E-03

2476747.500000000, A.D. 2069-Jan-01, -9.484212328774172E+00,  1.770398809473638E-02,  3.765879105368288E-01, -2.847586205752203E-03, -8.069889278769804E-03,  1.782604893965718E-03,  5.481950149149832E-02,  9.491702449130448E+00,  2.901012813668530E-03

2476928.500000000, A.D. 2069-Jul-01, -9.484660513434664E+00, -9.901958552895620E-01,  3.944777241716410E-01, -1.161566075815235E-03, -8.415636275411986E-03,  2.283488075876447E-03,  5.512364966668014E-02,  9.544364073200843E+00,  2.121772920290625E-03

2477112.500000000, A.D. 2070-Jan-01, -9.375819456876778E+00, -1.996976716523220E+00,  4.071130499923793E-01, -4.264445353850217E-03, -2.405595468850069E-03, -6.761412859390391E-04,  5.541478090915004E-02,  9.594771885238289E+00,  4.639122477671507E-03

2477293.500000000, A.D. 2070-Jul-01, -9.174001691429119E+00, -2.971711510286483E+00,  4.160993869876643E-01, -4.517270627607381E-03, -4.833434487992910E-03,  2.358596539256591E-04,  5.574692182622047E-02,  9.652280302320536E+00,  5.791705233059914E-03

2477477.500000000, A.D. 2071-Jan-01, -8.863085009501777E+00, -3.940524675837902E+00,  4.223118886574527E-01,  3.528080447516774E-03, -2.073894805038741E-03, -2.375566475202489E-03,  5.607322165177268E-02,  9.708777365757440E+00, -2.482359243516231E-03

2477658.500000000, A.D. 2071-Jul-01, -8.460121958325129E+00, -4.843731600350881E+00,  4.208589083383789E-01,  2.719300123311816E-03, -1.049364259006138E-03, -2.354631554541229E-03,  5.635571967246234E-02,  9.757690381780952E+00, -1.938341839968377E-03

2477842.500000000, A.D. 2072-Jan-01, -7.959860557075389E+00, -5.710150753380025E+00,  4.174322953280943E-01,  8.333744229311242E-03, -3.582496157130396E-03, -5.392832403755146E-04,  5.662937735062001E-02,  9.805072739944046E+00, -4.702052123088588E-03

2478024.500000000, A.D. 2072-Jul-01, -7.381786126545656E+00, -6.497958213030925E+00,  4.060893956625838E-01,  1.418689648418494E-03,  9.845524554257109E-04, -2.046966468877327E-03,  5.684680948467539E-02,  9.842719946926641E+00, -1.798415046877157E-03

2478208.500000000, A.D. 2073-Jan-01, -6.732680094304314E+00, -7.238259950760056E+00,  3.956807424494591E-01,  7.658525145279243E-03, -4.037541023217590E-03, -7.149469835893447E-04,  5.713910093031898E-02,  9.893328641916423E+00, -2.286441690300586E-03

2478389.500000000, A.D. 2073-Jul-01, -6.017585383284065E+00, -7.894003288272435E+00,  3.781911649709795E-01,  8.089007182195997E-03, -2.392667990298108E-03, -1.674950418302599E-03,  5.736972408423903E-02,  9.933259803188083E+00, -3.062641514914120E-03

2478573.500000000, A.D. 2074-Jan-01, -5.230044140962012E+00, -8.481698235919547E+00,  3.558833111474911E-01,  7.656121935668044E-03, -7.112518296111607E-03,  1.612652886900258E-03,  5.758722370147872E-02,  9.970918694521840E+00,  2.091913002311952E-03

2478754.500000000, A.D. 2074-Jul-01, -4.397894267051853E+00, -8.972737176482713E+00,  3.313856748749583E-01,  9.276436039857439E-03, -4.736215565155377E-03,  9.510570395205403E-04,  5.774400743906902E-02,  9.998064957176208E+00,  2.015589302991242E-04

2478938.500000000, A.D. 2075-Jan-01, -3.511877402504081E+00, -9.371521820263338E+00,  3.008163745999979E-01,  5.866089677275851E-04, -3.852534548182120E-03,  1.775148508457198E-03,  5.782709994081076E-02,  1.001245197786827E+01,  3.453500363233799E-03

2479119.500000000, A.D. 2075-Jul-01, -2.610562271486486E+00, -9.683126477751111E+00,  2.711536340801392E-01,  1.968229479639190E-03, -5.289671683976722E-03,  2.198584873115509E-03,  5.794301482811021E-02,  1.003252201845120E+01,  4.652721271170135E-03

2479303.500000000, A.D. 2076-Jan-01, -1.664112120901092E+00, -9.908572722758114E+00,  2.365541525482855E-01,  9.344098809432293E-04,  3.170817939086615E-04, -1.040633602634852E-03,  5.804468918871290E-02,  1.005012638827015E+01, -4.918303344451073E-04

2479485.500000000, A.D. 2076-Jul-01, -7.146186560375408E-01, -1.003799990007533E+01,  2.016221950229689E-01,  4.780552650675061E-03, -5.105341165368825E-03,  1.935789847158940E-03,  5.813304456318071E-02,  1.006542464712717E+01,  4.790800377143665E-03

2479669.500000000, A.D. 2077-Jan-01,  2.666427605353427E-01, -1.006152228972936E+01,  1.612608031347476E-01,  1.432545695472056E-03,  3.081431764975125E-03, -8.276549705654304E-04,  5.813836941177713E-02,  1.006634661608144E+01, -3.055267807377341E-03

2479850.500000000, A.D. 2077-Jul-01,  1.217817554048590E+00, -9.987159484412627E+00,  1.220915841758126E-01,  5.417287434117236E-05,  1.999530713008263E-03,  2.308629915601991E-04,  5.811254695551435E-02,  1.006187559637708E+01, -1.975324861525636E-03

2480034.500000000, A.D. 2078-Jan-01,  2.171703349227964E+00, -9.818461248502281E+00,  8.339774897343803E-02,  4.684247311268457E-03,  5.166739355837988E-03, -2.390892989801230E-03,  5.807927164853696E-02,  1.005611415557335E+01, -4.052860681052521E-03

2480215.500000000, A.D. 2078-Jul-01,  3.088496888590711E+00, -9.558467263676834E+00,  4.182996255922664E-02,  3.103493051130076E-03,  4.910595087027591E-03, -2.251876615503533E-03,  5.801589641786881E-02,  1.004514107453867E+01, -3.727855028515035E-03

2480399.500000000, A.D. 2079-Jan-01,  3.992335004216485E+00, -9.209123703428933E+00,  1.390763265707165E-03,  1.064502868085316E-02,  2.180728655265599E-03, -1.122502464192333E-03,  5.797041129199119E-02,  1.003726556912645E+01,  2.233114126944761E-03

2480580.500000000, A.D. 2079-Jul-01,  4.848517168064223E+00, -8.765760350898033E+00, -4.101842511534597E-02,  9.740948540420609E-03,  5.297637608228568E-03, -1.910170308161009E-03,  5.785569261463797E-02,  1.001740264587525E+01,  8.681758538718110E-05

2480764.500000000, A.D. 2080-Jan-01,  5.663094501982047E+00, -8.220515811298766E+00, -8.327295528997113E-02,  6.057731473976093E-03,  2.463952574697310E-04,  1.701824396038303E-03,  5.765531158012750E-02,  9.982707745260051E+00,  3.219396437135582E-03

2480946.500000000, A.D. 2080-Jul-01,  6.416363861265268E+00, -7.604751336061447E+00, -1.232007835725296E-01,  6.583951836545220E-03,  6.387818761884086E-03, -1.812601849860445E-03,  5.747065805591094E-02,  9.950735978637571E+00, -6.139675176333240E-04

2481130.500000000, A.D. 2081-Jan-01,  7.100329434638905E+00, -6.909530193136111E+00, -1.623837315131550E-01,  6.046573231445604E-03, -9.081461977091159E-04,  1.454639523104112E-03,  5.722797127141876E-02,  9.908716064481780E+00,  4.942246336894991E-03

2481311.500000000, A.D. 2081-Jul-01,  7.713647038902463E+00, -6.157505972738034E+00, -1.996665518796354E-01,  7.957106085455112E-03,  9.048796452730749E-04,  5.975565637615310E-04,  5.701554054501827E-02,  9.871934824390443E+00,  5.640960450599889E-03

2481495.500000000, A.D. 2082-Jan-01,  8.260614848028045E+00, -5.320606525917795E+00, -2.387988388234876E-01,  4.455700610048891E-04,  2.217243911610474E-03,  1.683000671785819E-03,  5.676592301214810E-02,  9.828714888352591E+00, -8.666746840066098E-04

2481676.500000000, A.D. 2082-Jul-01,  8.708555767905567E+00, -4.444109301299607E+00, -2.711944991779096E-01,  9.242717703558627E-04,  1.994510015256285E-03,  2.112888984035420E-03,  5.648876124897455E-02,  9.780725816676560E+00, -1.418864151133516E-04

2481860.500000000, A.D. 2083-Jan-01,  9.070401524153830E+00, -3.501413434831133E+00, -3.024944442067312E-01, -3.923363292265946E-03,  7.190516949129282E-03, -5.636055902839915E-04,  5.618115462674363E-02,  9.727465381062222E+00, -6.229059996781922E-03

2482041.500000000, A.D. 2083-Jul-01,  9.324344106408050E+00, -2.544536048369132E+00, -3.290106315569837E-01, -4.559028924716149E-03,  4.742144352605365E-03,  3.315147060092719E-04,  5.585445960497552E-02,  9.670899891521680E+00, -5.654653053293603E-03

2482225.500000000, A.D. 2084-Jan-01,  9.488204926395602E+00, -1.553354623043583E+00, -3.513800932090616E-01,  1.933971140924089E-03,  8.970696412423802E-03, -2.517923056540079E-03,  5.556589276305805E-02,  9.620936091675915E+00,  5.508808862736082E-04

2482407.500000000, A.D. 2084-Jul-01,  9.542454200916756E+00, -5.436619663057483E-01, -3.730413004840034E-01, -3.740406237962365E-03,  5.516891991240055E-03,  4.186863934000963E-04,  5.524402093639653E-02,  9.565205712480422E+00, -4.061404223898091E-03

2482591.500000000, A.D. 2085-Jan-01,  9.495173431069796E+00,  4.829846338179538E-01, -3.875108974545593E-01, -8.780129672990964E-04,  1.103223053743212E-02, -2.251840576885046E-03,  5.495603942276988E-02,  9.515343259086562E+00, -2.244663962073346E-04

2482772.500000000, A.D. 2085-Jul-01,  9.331102654735899E+00,  1.488940028209555E+00, -3.986673232621354E-01, -4.172461047173010E-03,  1.009552817620958E-02, -1.816294750046235E-03,  5.462228478217619E-02,  9.457555434437644E+00, -2.450731496209786E-03

2482956.500000000, A.D. 2086-Jan-01,  9.048926145912811E+00,  2.483329052315644E+00, -4.019934318364489E-01,  2.354028730408772E-03,  5.422472366377783E-03, -9.836035916693483E-04,  5.424425921402277E-02,  9.392102336298249E+00,  3.743849482678358E-03

2483137.500000000, A.D. 2086-Jul-01,  8.674192055751567E+00,  3.434897291455992E+00, -4.040330103940766E-01,  1.721634606066157E-03,  6.782125347384935E-03, -1.815873673877530E-03,  5.393337532961092E-02,  9.338274460327421E+00,  4.172437454197457E-03

2483321.500000000, A.D. 2087-Jan-01,  8.187467689528006E+00,  4.361284719365575E+00, -4.014204620849688E-01,  8.525110586745779E-04,  1.568978520528747E-03,  1.583522677432221E-03,  5.362735003498528E-02,  9.285287823100436E+00,  1.420204805795469E-03

2483502.500000000, A.D. 2087-Jul-01,  7.612229375866140E+00,  5.222815196880411E+00, -3.930716984657862E-01,  1.107401882769773E-03,  3.152362023929050E-03,  9.419226426604513E-04,  5.336602065638871E-02,  9.240040043836343E+00,  2.654074893424272E-03

2483686.500000000, A.D. 2088-Jan-01,  6.924970318899867E+00,  6.041827484329652E+00, -3.816174245265817E-01, -8.115838790167175E-03,  1.400868141545929E-03,  2.195053271182763E-03,  5.312363238544082E-02,  9.198071815698526E+00, -5.281086149872416E-03

2483868.500000000, A.D. 2088-Jul-01,  6.157407321836171E+00,  6.759375272497333E+00, -3.606859760023852E-01, -9.307845286310029E-04,  9.649384215488937E-04,  8.655833327355752E-04,  5.284927911334030E-02,  9.150569019177709E+00,  5.234184500143198E-05

2484052.500000000, A.D. 2089-Jan-01,  5.303078578936183E+00,  7.400669918722950E+00, -3.401575204831624E-01, -6.775204754222770E-03, -1.217461611595278E-03,  2.107403878863869E-03,  5.262009579452585E-02,  9.110887157626518E+00, -5.011183127872630E-03

2484233.500000000, A.D. 2089-Jul-01,  4.399331680958452E+00,  7.935224418460575E+00, -3.130744348885934E-01, -4.797836681724990E-03, -1.656396741272218E-03,  2.300044598870325E-03,  5.243328465155080E-02,  9.078541810896644E+00, -3.852076762263112E-03

2484417.500000000, A.D. 2090-Jan-01,  3.429165492481140E+00,  8.383282385573775E+00, -2.837203996188796E-01, -1.006641153727099E-02,  4.620309550445874E-03, -7.932918836876385E-05,  5.233750900986254E-02,  9.061958772597391E+00,  4.675011229651208E-04

2484598.500000000, A.D. 2090-Jul-01,  2.417995225739833E+00,  8.711291123645116E+00, -2.487579331004633E-01, -1.128634963462333E-02,  1.904853297713576E-03,  9.807194315603588E-04,  5.223418323026205E-02,  9.044068468442687E+00, -1.209695579511862E-03

2484782.500000000, A.D. 2091-Jan-01,  1.357919428339758E+00,  8.921227727538902E+00, -2.081108928803884E-01, -6.720868442420609E-03,  4.396232003164360E-03, -1.963264295897014E-03,  5.213203070027122E-02,  9.026381306160680E+00,  3.379201992586597E-03

2484963.500000000, A.D. 2091-Jul-01,  2.976903771580058E-01,  9.010246716622438E+00, -1.679907531863225E-01, -7.914768365783255E-03,  3.049905505777330E-03, -1.718355560908884E-03,  5.207627866136792E-02,  9.016728139863929E+00,  2.818419069559871E-03

2485147.500000000, A.D. 2092-Jan-01, -7.798403084696853E-01,  8.972368141504932E+00, -1.226985577360994E-01, -5.809103407284922E-05,  6.577997622675067E-04, -9.183679553785021E-04,  5.202026895711669E-02,  9.007030360195156E+00,  6.728084109459890E-04

2485329.500000000, A.D. 2092-Jul-01, -1.831869282486623E+00,  8.830161789588635E+00, -8.084119737050556E-02, -7.755268936498582E-03,  3.676825565158536E-03, -1.545882508287936E-03,  5.208673472463157E-02,  9.018538551096929E+00,  5.189152797036275E-03

2485513.500000000, A.D. 2093-Jan-01, -2.880205765050569E+00,  8.561699235914965E+00, -3.157792050459701E-02, -2.136729124648606E-03,  3.709214663005244E-04, -8.549089847261918E-04,  5.217159568289444E-02,  9.033231770543743E+00,  1.035834578743367E-03

2485694.500000000, A.D. 2093-Jul-01, -3.872790206840678E+00,  8.183449834286597E+00,  1.448443900471030E-02, -3.162795002392502E-03,  3.373937439661304E-04, -1.550499101239354E-03,  5.228919832246441E-02,  9.053594036373603E+00,  1.655411996582487E-03

2485878.500000000, A.D. 2094-Jan-01, -4.835822634005010E+00,  7.682789115409100E+00,  6.168248101276360E-02, -1.447239045047512E-03, -7.451326418808707E-03,  1.657272933825552E-03,  5.243147549078787E-02,  9.078228564420900E+00, -5.523781772270502E-03

2486059.500000000, A.D. 2094-Jul-01, -5.708848271214698E+00,  7.091821528434264E+00,  1.067510961419798E-01,  8.180466900294842E-04, -5.963793472385299E-03,  7.491067470945618E-04,  5.258458849237813E-02,  9.104739258838897E+00, -5.149438558479363E-03

2486243.500000000, A.D. 2095-Jan-01, -6.520771429798804E+00,  6.408204078634366E+00,  1.483401676018012E-01, -6.334905342306511E-03, -6.516736052015909E-03,  2.332526148135899E-03,  5.280970002912788E-02,  9.143716113180165E+00, -1.160331972871092E-05

2486424.500000000, A.D. 2095-Jul-01, -7.241455652232380E+00,  5.649274677600829E+00,  1.910135536976371E-01, -4.876781870651869E-03, -7.622726221168134E-03,  2.622748093072031E-03,  5.305607245998362E-02,  9.186374177221742E+00, -7.888742609516611E-04

2486608.500000000, A.D. 2096-Jan-01, -7.882592422397495E+00,  4.807362454343879E+00,  2.302943302481701E-01, -8.974473285637038E-03, -3.934822749099396E-03,  7.047341708247198E-05,  5.334122919709369E-02,  9.235747535723251E+00,  5.613213808164172E-03

2486790.500000000, A.D. 2096-Jul-01, -8.423667266929961E+00,  3.902714893397601E+00,  2.691719021481166E-01, -2.882366506001505E-03, -1.054835020569371E-02,  2.463520084973218E-03,  5.364141716477350E-02,  9.287723471120401E+00, -1.746821675282376E-03

2486974.500000000, A.D. 2097-Jan-01, -8.850249949130639E+00,  2.943718609379450E+00,  3.004781225404973E-01, -5.761606232866263E-03, -4.581821824763913E-03,  4.221615113170704E-05,  5.389604363176565E-02,  9.331810677216895E+00,  4.020307250804499E-03

2487155.500000000, A.D. 2097-Jul-01, -9.169352666809038E+00,  1.967886623271426E+00,  3.298936460663671E-01, -5.341700836199073E-03, -5.663851622472433E-03,  1.024464143234224E-03,  5.419715010614418E-02,  9.383945647118999E+00,  4.067807573761420E-03

2487339.500000000, A.D. 2098-Jan-01, -9.380669899205152E+00,  9.546938226996502E-01,  3.572531855109575E-01, -2.343598461646388E-03, -4.041118070655513E-04, -1.965690798539011E-03,  5.449716111575372E-02,  9.435890943176071E+00,  2.214573199863946E-03

2487520.500000000, A.D. 2098-Jul-01, -9.487729264125022E+00, -5.430035416973351E-02,  3.786817548415742E-01, -4.021156177496387E-03, -1.826062457693512E-03, -1.501802600861222E-03,  5.484107993742360E-02,  9.495438641223858E+00,  3.968441391546059E-03

2487704.500000000, A.D. 2099-Jan-01, -9.488249480253296E+00, -1.091147084104186E+00,  3.990998629800280E-01,  4.742541638939953E-03, -5.048171529184448E-03, -1.252878460607129E-03,  5.520886846789251E-02,  9.559119251233700E+00, -4.183454894489579E-03

2487885.500000000, A.D. 2099-Jul-01, -9.373292225890825E+00, -2.092712710475475E+00,  4.110645697943848E-01,  4.946952721030881E-03, -3.102443934740771E-03, -2.041557001897805E-03,  5.551923422982399E-02,  9.612857417077986E+00, -4.235569051974026E-03

2488069.500000000, A.D. 2100-Jan-01, -9.152328987564884E+00, -3.084142289791574E+00,  4.190262077619424E-01,  5.524153120064962E-03, -7.806155977899623E-03,  1.422386413150252E-03,  5.583245952593492E-02,  9.667090695917393E+00, -2.677905337810309E-03
