epoch, x, y, z, vx, vy, vz
A.D. 1950-Jan-01, -9.007366877021711E+00,  2.500428636239023E+00,  3.139899195289680E-01, -1.785925444367175E-03, -5.384986882634746E-03,  1.656643123746291E-04
A.D. 1950-Jul-01, -9.277111897610270E+00,  1.513153532971537E+00,  3.420156910301058E-01, -1.192934724246231E-03, -5.513071104675841E-03,  1.437560227277523E-04
A.D. 1951-Jan-01, -9.440914473210794E+00,  4.916877334470077E-01,  3.664293881161954E-01, -5.873364685171404E-04, -5.578745883764977E-03,  1.214560691156571E-04
A.D. 1951-Jul-01, -9.493450911544842E+00, -5.188149368008492E-01,  3.862272688860111E-01,  6.175805390642367E-06, -5.576889438507955E-03,  9.732232849694612E-05
A.D. 1952-Jan-01, -9.437789944892163E+00, -1.540045868382314E+00,  4.019062876655633E-01,  5.966334617883786E-04, -5.513402943664846E-03,  7.309277020579500E-05
A.D. 1952-Jul-01, -9.277002914808385E+00, -2.533075119940515E+00,  4.129101769062619E-01,  1.167040027796103E-03, -5.389670941555109E-03,  4.793532115579549E-05
A.D. 1953-Jan-01, -9.011141497744349E+00, -3.508908119310544E+00,  4.194275570851915E-01,  1.718501939992603E-03, -5.208138244293730E-03,  2.299770541776102E-05
A.D. 1953-Jul-01, -8.652694536372081E+00, -4.431395100844515E+00,  4.213281691273295E-01,  2.237327005055822E-03, -4.977060106114903E-03, -1.685072706561353E-06
A.D. 1954-Jan-01, -8.195160433122226E+00, -5.321671339771045E+00,  4.187185711470300E-01,  2.730226077827851E-03, -4.692039719057080E-03, -2.652219511276251E-05
A.D. 1954-Jul-01, -7.659465900392919E+00, -6.142255409139661E+00,  4.117818249665501E-01,  3.182645371244577E-03, -4.368543619390342E-03, -4.977957536029894E-05
A.D. 1955-Jan-01, -7.034658183672302E+00, -6.912413929711769E+00,  4.004166818126982E-01,  3.601810785535202E-03, -3.996459501864396E-03, -7.354532969966984E-05
A.D. 1955-Jul-01, -6.348356023639387E+00, -7.600110061181135E+00,  3.851651642688068E-01,  3.973936570165115E-03, -3.596779631453152E-03, -9.470992109681044E-05
A.D. 1956-Jan-01, -5.585693304184058E+00, -8.221817667115191E+00,  3.657255838665450E-01,  4.307987455340230E-03, -3.155834607886728E-03, -1.163534281317813E-04
A.D. 1956-Jul-01, -4.775091948338656E+00, -8.754616518536949E+00,  3.428272850495301E-01,  4.591655782641060E-03, -2.694681353216644E-03, -1.350538019903765E-04
A.D. 1957-Jan-01, -3.907428477474211E+00, -9.205522919844864E+00,  3.162340979942532E-01,  4.831172414850207E-03, -2.202986605314349E-03, -1.537584385494044E-04
A.D. 1957-Jul-01, -3.015441435262201E+00, -9.559265565097995E+00,  2.869774149378340E-01,  5.016440076628936E-03, -1.702693978193314E-03, -1.694294512183154E-04
A.D. 1958-Jan-01, -2.078715455981460E+00, -9.824555842881065E+00,  2.544037304696286E-01,  5.156555789330262E-03, -1.178815761831426E-03, -1.844048669678449E-04
A.D. 1958-Jul-01, -1.136917058731748E+00, -9.990614685460903E+00,  2.198946262950307E-01,  5.241504771985876E-03, -6.541542505846266E-04, -1.968901705971797E-04
A.D. 1959-Jan-01, -1.682634538872258E-01, -1.006155810225830E+01,  1.826631221203673E-01,  5.278720510068161E-03, -1.161956613987886E-04, -2.075876548202674E-04
A.D. 1959-Jul-01,  7.863881805814502E-01, -1.003452650066020E+01,  1.442749208291394E-01,  5.262007995563688E-03,  4.152085492974175E-04, -2.165423463576625E-04
A.D. 1960-Jan-01,  1.749178737238211E+00, -9.908837303921429E+00,  1.038427975574170E-01,  5.194739798939327E-03,  9.500109999397456E-04, -2.226798255789318E-04
A.D. 1960-Jul-01,  2.684557877479249E+00, -9.688140117306567E+00,  6.283675053101506E-02,  5.076043035047920E-03,  1.473702838529714E-03, -2.276760325283481E-04
A.D. 1961-Jan-01,  3.603670158023817E+00, -9.369407768602724E+00,  2.076332523767007E-02,  4.906070099261291E-03,  1.988340589768480E-03, -2.293064871427500E-04
A.D. 1961-Jul-01,  4.472773740637295E+00, -8.964701143359379E+00, -2.082905289310841E-02,  4.690030867194887E-03,  2.480532353697823E-03, -2.299352840423590E-04
A.D. 1962-Jan-01,  5.311703519193976E+00, -8.464080699739633E+00, -6.290129833086951E-02,  4.421121514294978E-03,  2.956855545223340E-03, -2.269516996387454E-04
A.D. 1962-Jul-01,  6.084618648789776E+00, -7.888173090245447E+00, -1.036673261910152E-01,  4.112430335531278E-03,  3.401682224302395E-03, -2.229401852938173E-04
A.D. 1963-Jan-01,  6.808753145689237E+00, -7.223071425513003E+00, -1.440599368371349E-01,  3.751285279271825E-03,  3.821757753601683E-03, -2.156109438237308E-04
A.D. 1963-Jul-01,  7.452689155170856E+00, -6.496403682928253E+00, -1.823448105095337E-01,  3.357251300664589E-03,  4.201097908854840E-03, -2.067307474942090E-04
A.D. 1964-Jan-01,  8.030245599870701E+00, -5.690872568439888E+00, -2.193810190057526E-01,  2.914008899920449E-03,  4.547550209821147E-03, -1.953585850601297E-04
A.D. 1964-Jul-01,  8.518218406036963E+00, -4.835373017213632E+00, -2.537364321207129E-01,  2.442524823971956E-03,  4.845898508086938E-03, -1.816612656166619E-04
A.D. 1965-Jan-01,  8.920986131208616E+00, -3.919460318039842E+00, -2.857746704449467E-01,  1.930227744289523E-03,  5.101071281103460E-03, -1.661391068749901E-04
A.D. 1965-Jul-01,  9.222858354177617E+00, -2.977367132408452E+00, -3.142673024701164E-01,  1.400631656013204E-03,  5.299740407866993E-03, -1.481522610191688E-04
A.D. 1966-Jan-01,  9.429074862006981E+00, -1.987588392062085E+00, -3.398024108207505E-01,  8.370261375378024E-04,  5.449012185021629E-03, -1.290478734895732E-04
A.D. 1966-Jul-01,  9.529116962177453E+00, -9.925860291430770E-01, -3.612146108433806E-01,  2.651268334763404E-04,  5.535947460266114E-03, -1.072495862326023E-04
A.D. 1967-Jan-01,  9.523449828378419E+00,  2.969789916709548E-02, -3.789073533570305E-01, -3.285257467356533E-04,  5.565428966457986E-03, -8.482900195316426E-05
A.D. 1967-Jul-01,  9.410535022116923E+00,  1.034724858748452E+00, -3.920389349723967E-01, -9.200620212308069E-04,  5.529771753255511E-03, -6.021405236101496E-05
A.D. 1968-Jan-01,  9.186088383610535E+00,  2.044007929798421E+00, -4.008105705307135E-01, -1.518952748462712E-03,  5.429586225763270E-03, -3.503592794466903E-05
A.D. 1968-Jul-01,  8.856051566785377E+00,  3.018063959728783E+00, -4.047702671640458E-01, -2.106130406826149E-03,  5.263661716754512E-03, -8.509786958687986E-06
A.D. 1969-Jan-01,  8.415312183523417E+00,  3.966053827071497E+00, -4.038677092099935E-01, -2.681403040188201E-03,  5.029594719939173E-03,  1.828871801641773E-05
A.D. 1969-Jul-01,  7.880224463338876E+00,  4.850601997760539E+00, -3.981030924607580E-01, -3.226594788448012E-03,  4.734546243347575E-03,  4.512683636466426E-05
A.D. 1970-Jan-01,  7.238111628734067E+00,  5.689145631790360E+00, -3.872707249280779E-01, -3.746626050409398E-03,  4.369702984708612E-03,  7.244872108299432E-05
A.D. 1970-Jul-01,  6.516350065540324E+00,  6.443127677309691E+00, -3.717887166091727E-01, -4.220929390345202E-03,  3.952386465053126E-03,  9.825877470631958E-05
A.D. 1971-Jan-01,  5.699052617228261E+00,  7.126781025773494E+00, -3.512697379805792E-01, -4.653834962211301E-03,  3.469443656595958E-03,  1.245289601285695E-04
A.D. 1971-Jul-01,  4.822150075926547E+00,  7.708131808522357E+00, -3.265857445541989E-01, -5.025623733879285E-03,  2.946584238603229E-03,  1.479188626464944E-04
A.D. 1972-Jan-01,  3.867336095351556E+00,  8.197722507200004E+00, -2.971925850005999E-01, -5.341645634060714E-03,  2.368147367705709E-03,  1.712867921000551E-04
A.D. 1972-Jul-01,  2.871875005732932E+00,  8.574064874906840E+00, -2.641959692318397E-01, -5.585479623687866E-03,  1.762149348332023E-03,  1.909924569783512E-04
A.D. 1973-Jan-01,  1.826878793240378E+00,  8.839539849680413E+00, -2.272872710836286E-01, -5.760302336927910E-03,  1.119341616026904E-03,  2.097983442557403E-04
A.D. 1973-Jul-01,  7.745145969391419E-01,  8.983705797921210E+00, -1.879593464310150E-01, -5.855020403248675E-03,  4.709980613135611E-04,  2.244979435062982E-04
A.D. 1974-Jan-01, -3.058910336913633E-01,  9.008954753061120E+00, -1.454381754390471E-01, -5.875251619622403E-03, -1.973635388064161E-04,  2.372603077919076E-04
A.D. 1974-Jul-01, -1.364943672698258E+00,  8.913884779069981E+00, -1.016601548522861E-01, -5.814193962303038E-03, -8.523548369488748E-04,  2.462207585355744E-04
A.D. 1975-Jan-01, -2.423322058031399E+00,  8.696720825778463E+00, -5.577995031072006E-02, -5.676921221442835E-03, -1.505274458928066E-03,  2.519800866539342E-04
A.D. 1975-Jul-01, -3.432704786770111E+00,  8.367642302630006E+00, -9.892667023608581E-03, -5.464726242528733E-03, -2.126821908050113E-03,  2.547410303621251E-04
A.D. 1976-Jan-01, -4.413017534531082E+00,  7.920759974627292E+00,  3.689065488227138E-02, -5.179272957920172E-03, -2.724732171765043E-03,  2.532701058812041E-04
A.D. 1976-Jul-01, -5.324715715440243E+00,  7.373845646214513E+00,  8.269019175509074E-02, -4.829288075763356E-03, -3.278106792401374E-03,  2.495768734326414E-04
A.D. 1977-Jan-01, -6.176151337086034E+00,  6.723105787549180E+00,  1.279017337636783E-01, -4.416175813482735E-03, -3.786527921030282E-03,  2.413791980864734E-04
A.D. 1977-Jul-01, -6.934607106204594E+00,  5.996278066061729E+00,  1.707428086327764E-01, -3.957260500218988E-03, -4.235115166374938E-03,  2.315727328171835E-04
A.D. 1978-Jan-01, -7.616245100277011E+00,  5.179854022901099E+00,  2.120935520595524E-01, -3.445129820377024E-03, -4.628535888266437E-03,  2.174348283626067E-04
A.D. 1978-Jul-01, -8.191530460852345E+00,  4.311605388957515E+00,  2.501195223046253E-01, -2.906784980051968E-03, -4.954263818309022E-03,  2.021816368806593E-04
A.D. 1979-Jan-01, -8.673599800035984E+00,  3.374790390951820E+00,  2.856412416892913E-01, -2.329267165155521E-03, -5.217076975490373E-03,  1.834809046861662E-04
A.D. 1979-Jul-01, -9.042465079845986E+00,  2.412079139382126E+00,  3.171143349144589E-01, -1.744274479173615E-03, -5.408766795449578E-03,  1.636787888045897E-04
A.D. 1980-Jan-01, -9.307523718547877E+00,  1.404129047749945E+00,  3.452565944084229E-01, -1.135527995057574E-03, -5.535417272090621E-03,  1.418214372767696E-04
A.D. 1980-Jul-01, -9.459325121477214E+00,  3.904462622126662E-01,  3.689945342491388E-01, -5.324558238133252E-04, -5.592416921388907E-03,  1.186452678571316E-04
A.D. 1981-Jan-01, -9.501257437756228E+00, -6.389004849575567E-01,  3.886402419750057E-01,  7.566788567328446E-05, -5.585085874841586E-03,  9.461722038743781E-05
A.D. 1981-Jul-01, -9.434425037886475E+00, -1.644269212284680E+00,  4.035364389802464E-01,  6.610298284591723E-04, -5.513497475395251E-03,  6.964067121311942E-05
A.D. 1982-Jan-01, -9.259262505985962E+00, -2.647597441554228E+00,  4.140870236683760E-01,  1.239620963004987E-03, -5.382368050920499E-03,  4.495039996708277E-05
A.D. 1982-Jul-01, -8.985164944375686E+00, -3.605625704403598E+00,  4.199094293473272E-01,  1.785399135029203E-03, -5.194489452985442E-03,  1.937876888570279E-05
A.D. 1983-Jan-01, -8.607858253567805E+00, -4.539929727939829E+00,  4.212142724359629E-01,  2.310801415701138E-03, -4.952422227905206E-03, -5.079275920115870E-06
A.D. 1983-Jul-01, -8.145172909431547E+00, -5.410829235527996E+00,  4.180222268567050E-01,  2.796599491717990E-03, -4.663415010736342E-03, -2.992071226491677E-05
A.D. 1984-Jan-01, -7.588206245491675E+00, -6.238482201648774E+00,  4.103296842154507E-01,  3.250998476886868E-03, -4.325929584627901E-03, -5.346947448010368E-05
A.D. 1984-Jul-01, -6.958371129804658E+00, -6.992185528803935E+00,  3.984573354559657E-01,  3.663397996301328E-03, -3.950545916362119E-03, -7.667520037566656E-05
A.D. 1985-Jan-01, -6.249517722703262E+00, -7.681400770032836E+00,  3.823197534758925E-01,  4.033974343161138E-03, -3.535508910179580E-03, -9.842351148358197E-05
A.D. 1985-Jul-01, -5.489450797448746E+00, -8.281969597530853E+00,  3.626050480703005E-01,  4.356833942650686E-03, -3.096286607679897E-03, -1.188982163187761E-04
A.D. 1986-Jan-01, -4.661489367760103E+00, -8.808442774045867E+00,  3.388966914967824E-01,  4.634633164175526E-03, -2.622305359411417E-03, -1.384801137081226E-04
A.D. 1986-Jul-01, -3.801264569553276E+00, -9.239323420817632E+00,  3.122388116881845E-01,  4.862174001030555E-03, -2.135944288170454E-03, -1.556074402765223E-04
A.D. 1987-Jan-01, -2.889313862879246E+00, -9.585259815039374E+00,  2.820373979674078E-01,  5.041663625694584E-03, -1.621930628431988E-03, -1.723303518188884E-04
A.D. 1987-Jul-01, -1.964411514935645E+00, -9.832302983376412E+00,  2.495907285335371E-01,  5.169237267574623E-03, -1.106083563526928E-03, -1.858234336411292E-04
A.D. 1988-Jan-01, -1.005221736685304E+00, -9.986683276167343E+00,  2.141575263111759E-01,  5.247895763481623E-03, -5.708833976168348E-04, -1.989855392930046E-04
A.D. 1988-Jul-01, -4.694302325526662E-02, -1.004232229348979E+01,  1.770291865965326E-01,  5.273920072005106E-03, -3.995856221106487E-05, -2.087195849964778E-04
A.D. 1989-Jan-01,  9.220556127402746E-01, -1.000008930819640E+01,  1.377611395330526E-01,  5.249969718956729E-03,  4.986012551574793E-04, -2.177859240298330E-04
A.D. 1989-Jul-01,  1.866255778495519E+00, -9.862391525107125E+00,  9.780498635764265E-02,  5.174525408393468E-03,  1.022236265199245E-03, -2.235573332471224E-04
A.D. 1990-Jan-01,  2.807663768871713E+00, -9.625880687995485E+00,  5.623321504479765E-02,  5.049565208543686E-03,  1.546769361800493E-03, -2.280246546772814E-04
A.D. 1990-Jul-01,  3.706584763877912E+00, -9.300242688254549E+00,  1.478960939008866E-02,  4.875128415550520E-03,  2.049657216060045E-03, -2.298362856835757E-04
A.D. 1991-Jan-01,  4.583764220395924E+00, -8.877456807449676E+00, -2.748267769670475E-02,  4.651395353320178E-03,  2.542804300474651E-03, -2.293809336153116E-04
A.D. 1991-Jul-01,  5.401951968934312E+00, -8.374818009072484E+00, -6.880440246787524E-02,  4.382185079931798E-03,  3.007846749538407E-03, -2.271086036237730E-04
A.D. 1992-Jan-01,  6.179662925916491E+00, -7.780016991153373E+00, -1.101197307465564E-01,  4.063843503580461E-03,  3.452564837561683E-03, -2.216534273529239E-04
A.D. 1992-Jul-01,  6.887151821397468E+00, -7.113660878437301E+00, -1.498884557774783E-01,  3.703923513386055E-03,  3.864723764491540E-03, -2.150675367193757E-04
A.D. 1993-Jan-01,  7.532004497048510E+00, -6.367086834045216E+00, -1.885590866818670E-01,  3.298630921943744E-03,  4.243964689257774E-03, -2.049140962794101E-04
A.D. 1993-Jul-01,  8.089981571860154E+00, -5.567833577871635E+00, -2.246881629108009E-01,  2.861279120104194E-03,  4.580922274322169E-03, -1.939525558739233E-04
A.D. 1994-Jan-01,  8.572642497580786E+00, -4.696940067906402E+00, -2.590650338900573E-01,  2.379526826725079E-03,  4.877520852717573E-03, -1.793036710821022E-04
A.D. 1994-Jul-01,  8.958103858750029E+00, -3.790988947427891E+00, -2.901794461636482E-01,  1.875283773659368E-03,  5.124488784371489E-03, -1.639945851003209E-04
A.D. 1995-Jan-01,  9.253546204668138E+00, -2.829003990542002E+00, -3.186864641178897E-01,  1.331740057424183E-03,  5.322549509866604E-03, -1.454614718777623E-04
A.D. 1995-Jul-01,  9.444678828353135E+00, -1.851977818480939E+00, -3.432988449639287E-01,  7.767482502813577E-04,  5.463531316018894E-03, -1.259193822402523E-04
A.D. 1996-Jan-01,  9.533976506645063E+00, -8.379434471773741E-01, -3.645041927123715E-01,  1.911669617653774E-04,  5.548277502589335E-03, -1.041926268308451E-04
A.D. 1996-Jul-01,  9.515360202067352E+00,  1.747567679581402E-01, -3.813881149858037E-01, -3.973440909225156E-04,  5.569779311200647E-03, -8.095096764486208E-05
A.D. 1997-Jan-01,  9.386719974644169E+00,  1.196802580592125E+00, -3.940601704323505E-01, -1.001315420475696E-03,  5.528200000797915E-03, -5.650830217214258E-05
A.D. 1997-Jul-01,  9.151993811054879E+00,  2.188676379215790E+00, -4.019854539370700E-01, -1.592062450473036E-03,  5.420461809591725E-03, -3.068267904979988E-05
A.D. 1998-Jan-01,  8.804284426689460E+00,  3.171054455659274E+00, -4.052554193452895E-01, -2.185573821729258E-03,  5.245968436290078E-03, -4.671180376932444E-06
A.D. 1998-Jul-01,  8.357160720023533E+00,  4.099789648301871E+00, -4.036404265437230E-01, -2.752451540639848E-03,  5.005446716691028E-03,  2.265981708146201E-05
A.D. 1999-Jan-01,  7.799583645342623E+00,  4.993399559650372E+00, -3.970244711175763E-01, -3.303520684876814E-03,  4.696701786359842E-03,  4.925697133209242E-05
A.D. 1999-Jul-01,  7.154902167906792E+00,  5.810958756847427E+00, -3.856248101894608E-01, -3.814400354154127E-03,  4.327310582973496E-03,  7.647743302066719E-05
A.D. 2000-Jan-01,  6.408556033147986E+00,  6.568042755654577E+00, -3.691272914889533E-01, -4.290540500800403E-03,  3.891990891750223E-03,  1.026097546867856E-04
A.D. 2000-Jul-01,  5.588266034760384E+00,  7.232785587449444E+00, -3.480816853278771E-01, -4.715148536541649E-03,  3.404376792306310E-03,  1.283106366746733E-04
A.D. 2001-Jan-01,  4.685758989642724E+00,  7.809967983670459E+00, -3.222342560755632E-01, -5.084700523270811E-03,  2.861682099356277E-03,  1.522540550605757E-04
A.D. 2001-Jul-01,  3.736991512291177E+00,  8.276285120361528E+00, -2.926168678425476E-01, -5.387944108632685E-03,  2.285466403540456E-03,  1.743391372065253E-04
A.D. 2002-Jan-01,  2.722761641396543E+00,  8.640072860028948E+00, -2.586067305021232E-01, -5.623899816974044E-03,  1.663848910393918E-03,  1.948033882210848E-04
A.D. 2002-Jul-01,  1.689100104870984E+00,  8.884001162032444E+00, -2.217410341649035E-01, -5.784781471828451E-03,  1.028428224807144E-03,  2.118725226137186E-04
A.D. 2003-Jan-01,  6.156854056880444E-01,  9.012299876107912E+00, -1.812808503583345E-01, -5.869253465979375E-03,  3.641028740874037E-04,  2.273755035246868E-04
A.D. 2003-Jul-01, -4.483705373121614E-01,  9.018757122961681E+00, -1.390741684376920E-01, -5.874722136736649E-03, -2.928936216391988E-04,  2.384454160587045E-04
A.D. 2004-Jan-01, -1.523786933480733E+00,  8.903442876687183E+00, -9.429572361047865E-02, -5.801126527478833E-03, -9.590243248497098E-04,  2.477625256151467E-04
A.D. 2004-Jul-01, -2.566982907760356E+00,  8.670184833070923E+00, -4.874369129623564E-02, -5.649563193979436E-03, -1.601060651249128E-03,  2.523173561799141E-04
A.D. 2005-Jan-01, -3.586777801953802E+00,  8.317500824960707E+00, -2.042088402399236E-03, -5.422569496867006E-03, -2.227783382917772E-03,  2.548020104097181E-04
A.D. 2005-Jul-01, -4.542602565093466E+00,  7.861151277113454E+00,  4.392508686154512E-02, -5.127552844100858E-03, -2.809052896247982E-03,  2.527852069678777E-04
A.D. 2006-Jan-01, -5.453684392496646E+00,  7.293034697079424E+00,  9.005999757248104E-02, -4.765131792278062E-03, -3.358656710188986E-03,  2.482171305082180E-04
A.D. 2006-Jul-01, -6.279209543822641E+00,  6.639899410599502E+00,  1.342791850059502E-01, -4.347925374660687E-03, -3.850074609137001E-03,  2.401628896006217E-04
A.D. 2007-Jan-01, -7.036506289343288E+00,  5.889819429747930E+00,  1.774740454049061E-01, -3.875707178427622E-03, -4.293216668612901E-03,  2.289378921019569E-04
A.D. 2007-Jul-01, -7.692455582020321E+00,  5.077690788191855E+00,  2.177246826741175E-01, -3.366330810005069E-03, -4.670683180715243E-03,  2.156336196528261E-04
A.D. 2008-Jan-01, -8.261697429841680E+00,  4.188103556882616E+00,  2.558764146569582E-01, -2.816029007163156E-03, -4.987931077000022E-03,  1.987183426228088E-04
A.D. 2008-Jul-01, -8.722499366053878E+00,  3.256553875631718E+00,  2.904484935535853E-01, -2.244509789969115E-03, -5.237902094381704E-03,  1.809444672172952E-04
A.D. 2009-Jan-01, -9.080977361080269E+00,  2.274981145626880E+00,  3.218206363370350E-01, -1.650014814140252E-03, -5.420046661652565E-03,  1.598262542615682E-04
A.D. 2009-Jul-01, -9.325862167439121E+00,  1.282538554842997E+00,  3.488616066891205E-01, -1.055619389646241E-03, -5.534972455867542E-03,  1.387724497885575E-04
A.D. 2010-Jan-01, -9.464256597344329E+00,  2.586843711852658E-01,  3.722104952306556E-01, -4.491050672174977E-04, -5.582714453954560E-03,  1.148217188865544E-04
A.D. 2010-Jul-01, -9.492002875369112E+00, -7.513998360520151E-01,  3.909099747117992E-01,  1.406670815721887E-04, -5.567616483794197E-03,  9.150025433380127E-05
A.D. 2011-Jan-01, -9.411630377946011E+00, -1.769506085132204E+00,  4.054427134581073E-01,  7.302273414925174E-04, -5.488476355833727E-03,  6.630125105721370E-05
A.D. 2011-Jul-01, -9.228471273531664E+00, -2.751521425698253E+00,  4.152454516411060E-01,  1.290010512507776E-03, -5.352528016397909E-03,  4.171447574065452E-05
A.D. 2012-Jan-01, -8.940264711223227E+00, -3.719412662145224E+00,  4.206161755160765E-01,  1.838302195124853E-03, -5.158690385739914E-03,  1.656815481471348E-05
A.D. 2012-Jul-01, -8.558682830044818E+00, -4.636837736450231E+00,  4.213803949772120E-01,  2.350083377903581E-03, -4.914160729481546E-03, -8.294673125782339E-06
A.D. 2013-Jan-01, -8.080935761759063E+00, -5.514688594468130E+00,  4.176236821332218E-01,  2.837261859019858E-03, -4.619808976509528E-03, -3.256097831048082E-05
A.D. 2013-Jul-01, -7.526910334435811E+00, -6.321226598590850E+00,  4.095813370571460E-01,  3.278911324411052E-03, -4.285068421603523E-03, -5.640442952573669E-05
A.D. 2014-Jan-01, -6.885192582753115E+00, -7.075478254597608E+00,  3.971356255459487E-01,  3.689571642043535E-03, -3.907064059809707E-03, -7.875202150255323E-05
A.D. 2014-Jul-01, -6.184023721088118E+00, -7.746113824177334E+00,  3.808656100242064E-01,  4.051644900815142E-03, -3.497747252880686E-03, -1.008919470785718E-04
A.D. 2015-Jan-01, -5.408154210579696E+00, -8.349238476880652E+00,  3.604466065055840E-01,  4.374268889829078E-03, -3.053145053421166E-03, -1.208071741405905E-04
A.D. 2015-Jul-01, -4.591061183893009E+00, -8.860045029063921E+00,  3.367839574848648E-01,  4.647211024092768E-03, -2.587465005921223E-03, -1.402632498657987E-04
A.D. 2016-Jan-01, -3.714375727569871E+00, -9.290971831378394E+00,  3.093603375529790E-01,  4.873888458641436E-03, -2.093511512514403E-03, -1.574619162748505E-04
A.D. 2016-Jul-01, -2.810398875668648E+00, -9.626027177014649E+00,  2.791902310903371E-01,  5.051724361749219E-03, -1.586187977859160E-03, -1.736512230006094E-04
A.D. 2017-Jan-01, -1.868495875876323E+00, -9.869704547985553E+00,  2.459234949298482E-01,  5.177713289064855E-03, -1.060858807775795E-03, -1.875445551835313E-04
A.D. 2017-Jul-01, -9.236289300571461E-01, -1.001422546060151E+01,  2.108233688160813E-01,  5.254306126988346E-03, -5.354209411325739E-04, -1.996769076297748E-04
A.D. 2018-Jan-01,  4.609463309411056E-02, -1.006314621458439E+01,  1.730741931693094E-01,  5.277464142684606E-03,  3.838821539423864E-06, -2.102013012194907E-04
A.D. 2018-Jul-01,  9.997825945078358E-01, -1.001452265638127E+01,  1.342752636717693E-01,  5.251718720184850E-03,  5.326734464643946E-04, -2.179267220231747E-04
A.D. 2019-Jan-01,  1.959578725502973E+00, -9.867123663691757E+00,  9.351849812787075E-02,  5.172000271235465E-03,  1.068096349513713E-03, -2.246514497335744E-04
A.D. 2019-Jul-01,  2.884949008389157E+00, -9.626973236311819E+00,  5.252297704966902E-02,  5.044016826298061E-03,  1.583736621595258E-03, -2.279029630908538E-04
A.D. 2020-Jan-01,  3.797244870078852E+00, -9.288096501705022E+00,  1.033316963841294E-02,  4.863508512404789E-03,  2.097206396537489E-03, -2.303054803223274E-04
A.D. 2020-Jul-01,  4.662368212214229E+00, -8.861727285666214E+00, -3.150102952089778E-02,  4.634973066421419E-03,  2.585203699408915E-03, -2.290716784559820E-04
A.D. 2021-Jan-01,  5.490360137300581E+00, -8.342123508324143E+00, -7.347692036027845E-02,  4.356892527134196E-03,  3.058590512845360E-03, -2.268464645931365E-04
A.D. 2021-Jul-01,  6.250623870809674E+00, -7.748534043325858E+00, -1.140458889454317E-01,  4.036038676182946E-03,  3.496142555725272E-03, -2.212782362697119E-04
A.D. 2022-Jan-01,  6.960077396096962E+00, -7.066617002499312E+00, -1.541257336025625E-01,  3.667985964490708E-03,  3.910427803205971E-03, -2.140948939831704E-04
A.D. 2022-Jul-01,  7.587867922380200E+00, -6.324680292967118E+00, -1.920040722891954E-01,  3.262272721652978E-03,  4.282254791647207E-03, -2.043863622207180E-04
A.D. 2023-Jan-01,  8.147386802261227E+00, -5.505124916095791E+00, -2.285151031557658E-01,  2.813313097040485E-03,  4.619041228505746E-03, -1.922142537377449E-04
A.D. 2023-Jul-01,  8.613701293923448E+00, -4.642309517830121E+00, -2.620772875713582E-01,  2.334367564978373E-03,  4.907739085921985E-03, -1.785464835213755E-04
A.D. 2024-Jan-01,  8.996072183314471E+00, -3.716158608877692E+00, -2.934040837532405E-01,  1.817138741786105E-03,  5.150527564118122E-03, -1.616778573858203E-04
A.D. 2024-Jul-01,  9.278006594658439E+00, -2.760607623562002E+00, -3.212535252678691E-01,  1.277215275406777E-03,  5.341133277999174E-03, -1.441084411951857E-04
A.D. 2025-Jan-01,  9.461067272481037E+00, -1.764614701089706E+00, -3.458764015477913E-01,  7.093807712125586E-04,  5.475097539640627E-03, -1.232345984126824E-04
A.D. 2025-Jul-01,  9.537545391216719E+00, -7.658475034418657E-01, -3.663110436487420E-01,  1.339381200051967E-04,  5.551145347786038E-03, -1.022792190111197E-04
A.D. 2026-Jan-01,  9.507341649480844E+00,  2.577390605295343E-01, -3.829356834207238E-01, -4.633613931678764E-04,  5.564050538627754E-03, -7.814125761893741E-05
A.D. 2026-Jul-01,  9.370005965133323E+00,  1.261436096798947E+00, -3.949500208726731E-01, -1.053931980954148E-03,  5.515533284190832E-03, -5.425089191633556E-05
A.D. 2027-Jan-01,  9.120718995807342E+00,  2.266636360383961E+00, -4.025369680674573E-01, -1.654707623924277E-03,  5.399069316362391E-03, -2.798066575548899E-05
A.D. 2027-Jul-01,  8.768662649312793E+00,  3.228649661851577E+00, -4.052767648598152E-01, -2.233300675152645E-03,  5.219549311965307E-03, -1.915264844588319E-06
A.D. 2028-Jan-01,  8.304621667619809E+00,  4.167190453520352E+00, -4.031503006442530E-01, -2.807088272948053E-03,  4.970717922895730E-03,  2.516012517896264E-05
A.D. 2028-Jul-01,  7.744215474436251E+00,  5.044426444766671E+00, -3.961128352921588E-01, -3.346422756224288E-03,  4.658513283227005E-03,  5.230524890972338E-05
A.D. 2029-Jan-01,  7.080575152776625E+00,  5.867798092981068E+00, -3.840254591458237E-01, -3.860662119248314E-03,  4.280555844369303E-03,  7.908432975227418E-05
A.D. 2029-Jul-01,  6.339306165029096E+00,  6.604322185306073E+00, -3.673274254951461E-01, -4.323111106792871E-03,  3.848037204899273E-03,  1.055083122089105E-04
A.D. 2030-Jan-01,  5.504236340772147E+00,  7.267856639960024E+00, -3.456195280758549E-01, -4.744965505643358E-03,  3.355217835260158E-03,  1.303047325119612E-04
A.D. 2030-Jul-01,  4.612163615495080E+00,  7.827310386294302E+00, -3.198238030844927E-01, -5.103063016665623E-03,  2.819161845135729E-03,  1.545380934043808E-04
A.D. 2031-Jan-01,  3.644603723247786E+00,  8.292793904493115E+00, -2.893803774728982E-01, -5.402895465252019E-03,  2.233987319364260E-03,  1.760432974618331E-04
A.D. 2031-Jul-01,  2.645044387091700E+00,  8.642189344010939E+00, -2.556392002534592E-01, -5.630725147745177E-03,  1.622277858255346E-03,  1.962683542899008E-04
A.D. 2032-Jan-01,  1.593504363890939E+00,  8.881582500891209E+00, -2.179071764855530E-01, -5.786416183980433E-03,  9.763412405057302E-04,  2.133353411085767E-04
A.D. 2032-Jul-01,  5.319543406711313E-01,  8.999753449618654E+00, -1.776683062705036E-01, -5.866326001841504E-03,  3.207393309583132E-04,  2.282190423283027E-04
A.D. 2033-Jan-01, -5.485706425207932E-01,  8.997316741154874E+00, -1.345717761103811E-01, -5.865394558669859E-03, -3.471527309586910E-04,  2.395907258053892E-04
A.D. 2033-Jul-01, -1.604465050660189E+00,  8.875215901921925E+00, -9.037968970367576E-02, -5.789183692298190E-03, -9.996933091349256E-04,  2.478822263664105E-04
A.D. 2034-Jan-01, -2.656375910004001E+00,  8.631198970679057E+00, -4.422580451167885E-02, -5.631554557838869E-03, -1.649125023336921E-03,  2.530950464008153E-04
A.D. 2034-Jul-01, -3.656317655208443E+00,  8.276753554210929E+00,  1.770157837029088E-03, -5.405055285520532E-03, -2.262176580791476E-03,  2.543193655109804E-04
A.D. 2035-Jan-01, -4.624122508295747E+00,  7.805518894930429E+00,  4.851220992295599E-02, -5.102864694362723E-03, -2.853570259439147E-03,  2.531060278620867E-04
A.D. 2035-Jul-01, -5.516050176897684E+00,  7.239685834376667E+00,  9.386799183581648E-02, -4.742050266744992E-03, -3.391136740739551E-03,  2.474562858484308E-04
A.D. 2036-Jan-01, -6.350359155861633E+00,  6.568971061628218E+00,  1.387443647298920E-01, -4.317128285552232E-03, -3.890404255161356E-03,  2.398489100306548E-04
A.D. 2036-Jul-01, -7.093841493746513E+00,  5.820387975043420E+00,  1.813505938643747E-01, -3.844887311632076E-03, -4.326121527111182E-03,  2.279315299612299E-04
A.D. 2037-Jan-01, -7.754182191545519E+00,  4.988307541578862E+00,  2.220898285242066E-01, -3.325915726748559E-03, -4.707810108092904E-03,  2.144861946214803E-04
A.D. 2037-Jul-01, -8.307179736074376E+00,  4.107235955392968E+00,  2.594037413199332E-01, -2.779226247700645E-03, -5.017545820945620E-03,  1.976531491410187E-04
A.D. 2038-Jan-01, -8.765612925477381E+00,  3.160106261285971E+00,  2.940946101063109E-01, -2.200088388064820E-03, -5.266246889698684E-03,  1.791820683854738E-04
A.D. 2038-Jul-01, -9.110603797231720E+00,  2.189936442213865E+00,  3.246712199108459E-01, -1.609885596832641E-03, -5.443180169496942E-03,  1.587190444012508E-04
A.D. 2039-Jan-01, -9.351109204045883E+00,  1.177166268399123E+00,  3.518247663131853E-01, -1.003415570786323E-03, -5.553842806472204E-03,  1.362819633688547E-04
A.D. 2039-Jul-01, -9.478287541710754E+00,  1.670036843555029E-01,  3.744244966984882E-01, -4.025224945061020E-04, -5.597576611935058E-03,  1.134922422081687E-04
A.D. 2040-Jan-01, -9.496700141452001E+00, -8.617709955755986E-01,  3.930142687784959E-01,  2.007656226023025E-04, -5.574114876508768E-03,  8.849721814416818E-05
A.D. 2040-Jul-01, -9.406563162830683E+00, -1.869564242789806E+00,  4.069164818344765E-01,  7.868212453856715E-04, -5.490538242923259E-03,  6.429393306108046E-05
A.D. 2041-Jan-01, -9.208722528708293E+00, -2.867161541102488E+00,  4.163464491988902E-01,  1.359701704998204E-03, -5.343227882908285E-03,  3.822745847999099E-05
A.D. 2041-Jul-01, -8.913289293134929E+00, -3.817214650277138E+00,  4.210592806882199E-01,  1.899634393073916E-03, -5.145439869746010E-03,  1.387219607264221E-05
A.D. 2042-Jan-01, -8.515404256091973E+00, -4.741236696625212E+00,  4.212367515068965E-01,  2.419682591135276E-03, -4.889687040211370E-03, -1.190183230288085E-05
A.D. 2042-Jul-01, -8.033745940075454E+00, -5.600079078524363E+00,  4.169442929223048E-01,  2.896285529623119E-03, -4.592297353578550E-03, -3.560330840553183E-05
A.D. 2043-Jan-01, -7.458916401817647E+00, -6.413722651099690E+00,  4.081613928603390E-01,  3.345136308854653E-03, -4.244564388570325E-03, -5.981496366755660E-05
A.D. 2043-Jul-01, -6.816721591529760E+00, -7.148139539767394E+00,  3.953217994658775E-01,  3.743919949563090E-03, -3.863844003963266E-03, -8.218140951219930E-05
A.D. 2044-Jan-01, -6.093634351833519E+00, -7.820815731805980E+00,  3.781969184737938E-01,  4.108200035230714E-03, -3.442120391924766E-03, -1.038685559849940E-04
A.D. 2044-Jul-01, -5.316839577736578E+00, -8.406945618454023E+00,  3.574320085688997E-01,  4.420498612697669E-03, -2.993798661263146E-03, -1.242608304291068E-04
A.D. 2045-Jan-01, -4.477900960504011E+00, -8.914222965303637E+00,  3.328299876599030E-01,  4.690526543743627E-03, -2.516062638174481E-03, -1.430039216448128E-04
A.D. 2045-Jul-01, -3.608748834524230E+00, -9.325364181547293E+00,  3.053546979099955E-01,  4.905818329992229E-03, -2.023601512062802E-03, -1.605461901276760E-04
A.D. 2046-Jan-01, -2.689699320693928E+00, -9.650548395877703E+00,  2.744012436952900E-01,  5.075483549852026E-03, -1.508743295609079E-03, -1.756417968567521E-04
A.D. 2046-Jul-01, -1.759777416690789E+00, -9.876655747102456E+00,  2.412913383868292E-01,  5.192037633473093E-03, -9.880700943329303E-04, -1.899278096552925E-04
A.D. 2047-Jan-01, -7.975491414331839E-01, -1.000939015411688E+01,  2.052696451022611E-01,  5.258491141958648E-03, -4.538991856698714E-04, -2.012407809771435E-04
A.D. 2047-Jul-01,  1.564138816288474E-01, -1.004351997042478E+01,  1.678616461244908E-01,  5.274751551896429E-03,  7.662476047968238E-05, -2.116324144990378E-04
A.D. 2048-Jan-01,  1.124312377642947E+00, -9.979989349322377E+00,  1.281956422061823E-01,  5.237469957278616E-03,  6.130827594626120E-04, -2.191147993839302E-04
A.D. 2048-Jul-01,  2.070586877958543E+00, -9.820384250016954E+00,  8.772120346054040E-02,  5.152853791634898E-03,  1.139273655981879E-03, -2.251776898777257E-04
A.D. 2049-Jan-01,  3.006696351309836E+00, -9.562576666487191E+00,  4.594008018866499E-02,  5.013774417863623E-03,  1.660755674922753E-03, -2.285089195793365E-04
A.D. 2049-Jul-01,  3.898391251829020E+00, -9.216535702929587E+00,  4.397638034411371E-03,  4.831134076820821E-03,  2.159915923408085E-03, -2.298852884381816E-04
A.D. 2050-Jan-01,  4.766226163555568E+00, -8.773718282353240E+00, -3.787765292596552E-02,  4.593812096465989E-03,  2.649733366983063E-03, -2.291683868656930E-04
A.D. 2050-Jul-01,  5.573299405922333E+00, -8.252266932415576E+00, -7.909260441001964E-02,  4.316180217957028E-03,  3.107744606568683E-03, -2.256317482807895E-04
A.D. 2051-Jan-01,  6.337841584170063E+00, -7.639408211346796E+00, -1.201982493003426E-01,  3.986340921861412E-03,  3.548550905688567E-03, -2.207010338013204E-04
A.D. 2051-Jul-01,  7.026883447802136E+00, -6.960385769800142E+00, -1.594382169358895E-01,  3.619669236197403E-03,  3.948933722098972E-03, -2.123991587755791E-04
A.D. 2052-Jan-01,  7.655460836072241E+00, -6.198810355898429E+00, -1.976952347324510E-01,  3.205623399336585E-03,  4.322698494222035E-03, -2.030315972012198E-04
A.D. 2052-Jul-01,  8.198635771980184E+00, -5.381673442264568E+00, -2.335072887580749E-01,  2.756868126927868E-03,  4.650147641957552E-03, -1.901646183475376E-04
A.D. 2053-Jan-01,  8.661528289314417E+00, -4.498762265790288E+00, -2.672521212955594E-01,  2.268768817638133E-03,  4.938914890009561E-03, -1.762882002283175E-04
A.D. 2053-Jul-01,  9.026222194701836E+00, -3.582882643742013E+00, -2.976502753573626E-01,  1.755758439597546E-03,  5.173513525647534E-03, -1.594644543982132E-04
A.D. 2054-Jan-01,  9.299395055692923E+00, -2.612909942229691E+00, -3.253288362941801E-01,  1.209137691516568E-03,  5.360625316288199E-03, -1.411721278783999E-04
A.D. 2054-Jul-01,  9.467653029394361E+00, -1.630220885238768E+00, -3.490438111777806E-01,  6.467292136056887E-04,  5.489160076497003E-03, -1.209112990111958E-04
A.D. 2055-Jan-01,  9.532923987900430E+00, -6.128278404533557E-01, -3.692465323698549E-01,  6.046660841140819E-05,  5.559485490497081E-03, -9.854870152395173E-05
A.D. 2055-Jul-01,  9.490553668789268E+00,  3.951477921896949E-01, -3.849952798538555E-01, -5.293958652539499E-04,  5.568531137163872E-03, -7.551047758359890E-05
A.D. 2056-Jan-01,  9.337691667911358E+00,  1.415475217506382E+00, -3.965489715162979E-01, -1.131988491529020E-03,  5.510840734203703E-03, -4.993420974980577E-05
A.D. 2056-Jul-01,  9.077440701033145E+00,  2.408480829308812E+00, -4.033508233766134E-01, -1.726541069184288E-03,  5.390317230518160E-03, -2.474058146194349E-05
A.D. 2057-Jan-01,  8.705247568288007E+00,  3.383674967588858E+00, -4.053824652802664E-01, -2.316486166833323E-03,  5.198191405328055E-03,  2.734920055980150E-06
A.D. 2057-Jul-01,  8.234697564816202E+00,  4.302661311765918E+00, -4.025250222971445E-01, -2.878686849820128E-03,  4.945455089428429E-03,  2.889281065892823E-05
A.D. 2058-Jan-01,  7.654293437435932E+00,  5.183684299085491E+00, -3.946369503885323E-01, -3.424599918160807E-03,  4.619747764085648E-03,  5.688541947741670E-05
A.D. 2058-Jul-01,  6.988506746620645E+00,  5.986303359965089E+00, -3.819921913646543E-01, -3.925278492083364E-03,  4.238362336575001E-03,  8.294706874779145E-05
A.D. 2059-Jan-01,  6.222434088108300E+00,  6.725741530054445E+00, -3.642634703544964E-01, -4.393570944270894E-03,  3.788860321390646E-03,  1.096897350139538E-04
A.D. 2059-Jul-01,  5.389536311773051E+00,  7.367429659939041E+00, -3.421781935541053E-01, -4.800888738303013E-03,  3.292510700099649E-03,  1.344281534680498E-04
A.D. 2060-Jan-01,  4.472239479112829E+00,  7.923042685363798E+00, -3.152404631143751E-01, -5.159467311037536E-03,  2.738925182166529E-03,  1.581850731725127E-04
A.D. 2060-Jul-01,  3.506071815047747E+00,  8.368404407279638E+00, -2.844392617914380E-01, -5.446665727488968E-03,  2.148895112031686E-03,  1.800951665219319E-04
A.D. 2061-Jan-01,  2.482304865652568E+00,  8.706463619996343E+00, -2.494846498970717E-01, -5.668889506737785E-03,  1.520706227489960E-03,  1.995055235951413E-04
A.D. 2061-Jul-01,  1.442267870803907E+00,  8.923830303948536E+00, -2.117893721417203E-01, -5.811168698017607E-03,  8.777653368492169E-04,  2.167717456392047E-04
A.D. 2062-Jan-01,  3.655837787053291E-01,  9.024315878857189E+00, -1.706132511361609E-01, -5.878862600447024E-03,  2.127987690679374E-04,  2.303507095729610E-04
A.D. 2062-Jul-01, -6.984694119031218E-01,  9.003061924198226E+00, -1.278350207335540E-01, -5.866364145911464E-03, -4.472414880150064E-04,  2.418659733068740E-04
A.D. 2063-Jan-01, -1.770553195413128E+00,  8.859686561162597E+00, -8.262413736482437E-02, -5.773659193907670E-03, -1.109070578816792E-03,  2.489874352668592E-04
A.D. 2063-Jul-01, -2.801610790118186E+00,  8.600991149958986E+00, -3.705436152076292E-02, -5.607226429521527E-03, -1.745365728465628E-03,  2.538364559650972E-04
A.D. 2064-Jan-01, -3.811862199875466E+00,  8.222446607262766E+00,  9.763667603450347E-03, -5.361666772791387E-03, -2.363893144127457E-03,  2.543857775929000E-04
A.D. 2064-Jul-01, -4.760488984074550E+00,  7.739083232222503E+00,  5.593856352769043E-02, -5.051969485072319E-03, -2.940875381382228E-03,  2.523239971395189E-04
A.D. 2065-Jan-01, -5.656038806592313E+00,  7.147678726431620E+00,  1.018739709983071E-01, -4.672220744611831E-03, -3.479218307970046E-03,  2.463261085219793E-04
A.D. 2065-Jul-01, -6.463844249996877E+00,  6.473719587045950E+00,  1.457412022273449E-01, -4.245105956320898E-03, -3.958264391852659E-03,  2.376029508133796E-04
A.D. 2066-Jan-01, -7.200963637090778E+00,  5.704838291093631E+00,  1.884412461018156E-01, -3.759257608782780E-03, -4.388903808721898E-03,  2.259401077327858E-04
A.D. 2066-Jul-01, -7.835257286496278E+00,  4.876776078203058E+00,  2.280680070173222E-01, -3.242983719306916E-03, -4.750190954092255E-03,  2.112656996301517E-04
A.D. 2067-Jan-01, -8.381019992785937E+00,  3.973739459984300E+00,  2.654694308752167E-01, -2.684234790370285E-03, -5.054396948278903E-03,  1.948449071825179E-04
A.D. 2067-Jul-01, -8.815370897638021E+00,  3.037021170047602E+00,  2.990138302249043E-01, -2.111471909601540E-03, -5.285010666756125E-03,  1.754229381398404E-04
A.D. 2068-Jan-01, -9.149105249327775E+00,  2.047982270691747E+00,  3.294546380314576E-01, -1.514000218758518E-03, -5.454013611247723E-03,  1.551923955532089E-04
A.D. 2068-Jul-01, -9.370172667704169E+00,  1.045465875821329E+00,  3.556374914050864E-01, -9.143994932372589E-04, -5.551552638664112E-03,  1.323570014790356E-04
A.D. 2069-Jan-01, -9.482775103222631E+00,  1.983210080691546E-02,  3.778931659134852E-01, -3.099094876620242E-04, -5.585778757544669E-03,  1.094235581632502E-04
A.D. 2069-Jul-01, -9.485403865580663E+00, -9.892132834910933E-01,  3.954745666552471E-01,  2.795767659757474E-04, -5.554071395752060E-03,  8.491730427812022E-05
A.D. 2070-Jan-01, -9.380083192271474E+00, -2.003516179976127E+00,  4.088343061694553E-01,  8.624140529391235E-04, -5.461114062815855E-03,  6.030112580535342E-05
A.D. 2070-Jul-01, -9.173222072226297E+00, -2.979247698536681E+00,  4.174728224698133E-01,  1.419638768069291E-03, -5.311649030474743E-03,  3.541936660368089E-05
A.D. 2071-Jan-01, -8.862025715540600E+00, -3.938301900633954E+00,  4.216503508767949E-01,  1.958329012652420E-03, -5.104068776802120E-03,  1.011717323392883E-05
A.D. 2071-Jul-01, -8.461491913940975E+00, -4.839915911597442E+00,  4.212653502259793E-01,  2.462004825057007E-03, -4.850873906605136E-03, -1.402842536290471E-05
A.D. 2072-Jan-01, -7.964085299294900E+00, -5.704933403589701E+00,  4.163729377037995E-01,  2.938576884950314E-03, -4.544198752123922E-03, -3.895600753652593E-05
A.D. 2072-Jul-01, -7.388965720789465E+00, -6.501300269009100E+00,  4.071876551679379E-01,  3.374699652280900E-03, -4.200547228452362E-03, -6.173261163805857E-05
A.D. 2073-Jan-01, -6.730576131923923E+00, -7.238975095754733E+00,  3.936586386294882E-01,  3.774401940563610E-03, -3.811683764462209E-03, -8.506520781682020E-05
A.D. 2073-Jul-01, -6.014886594767365E+00, -7.891927368547997E+00,  3.763757588735169E-01,  4.125877083698096E-03, -3.397827026542876E-03, -1.056571286709333E-04
A.D. 2074-Jan-01, -5.226209874203003E+00, -8.475892116354910E+00,  3.549870911605365E-01,  4.438791067133298E-03, -2.944842595758375E-03, -1.266264594061413E-04
A.D. 2074-Jul-01, -4.398514653323593E+00, -8.966876394337902E+00,  3.304331284432939E-01,  4.698855071712880E-03, -2.476070991630183E-03, -1.446550290644892E-04
A.D. 2075-Jan-01, -3.513097653622112E+00, -9.376877964725567E+00,  3.021807928905212E-01,  4.916854632952214E-03, -1.977205522123199E-03, -1.622779982880989E-04
A.D. 2075-Jul-01, -2.607633743846211E+00, -9.689167124159960E+00,  2.714402147413557E-01,  5.079946432664950E-03, -1.470514892181255E-03, -1.774198741140267E-04
A.D. 2076-Jan-01, -1.661301151924770E+00, -9.911450587304156E+00,  2.375210436560075E-01,  5.197754471186191E-03, -9.437134721857529E-04, -1.910668265713312E-04
A.D. 2076-Jul-01, -7.088154292554018E-01, -1.003511868459915E+01,  2.016541292254737E-01,  5.260878110568326E-03, -4.138871515206750E-04, -2.029334715635618E-04
A.D. 2077-Jan-01,  2.612898736555079E-01, -1.006185128221809E+01,  1.634180910475608E-01,  5.275335237292800E-03,  1.236237400921375E-04, -2.124499966276173E-04
A.D. 2077-Jul-01,  1.213341439963528E+00, -9.991525200378856E+00,  1.242278236936524E-01,  5.236761008205418E-03,  6.531910006887610E-04, -2.204601252400800E-04
A.D. 2078-Jan-01,  2.169438698258139E+00, -9.822386845630149E+00,  8.317556409426609E-02,  5.147169049071585E-03,  1.183831235953291E-03, -2.254119703796033E-04
A.D. 2078-Jul-01,  3.089232804666425E+00, -9.561334479714439E+00,  4.198611079649923E-02,  5.008602896503877E-03,  1.698760772641164E-03, -2.293637837858789E-04
A.D. 2079-Jan-01,  3.993903267235428E+00, -9.201878480168681E+00, -2.977856819074893E-04,  4.816560735410612E-03,  2.205543669970049E-03, -2.298236662798655E-04
A.D. 2079-Jul-01,  4.845029375984683E+00, -8.758694631171037E+00, -4.189043128372177E-02,  4.580721619692232E-03,  2.687876648713182E-03, -2.292432324535994E-04
A.D. 2080-Jan-01,  5.661901376563576E+00, -8.220853578148100E+00, -8.375426427491939E-02,  4.290534598828646E-03,  3.153708630760282E-03, -2.253426136182576E-04
A.D. 2080-Jul-01,  6.413429614191193E+00, -7.606852572282371E+00, -1.243255727680703E-01,  3.960667846001891E-03,  3.588352953252048E-03, -2.199847500673309E-04
A.D. 2081-Jan-01,  7.107847973103332E+00, -6.908640867205974E+00, -1.640774048369832E-01,  3.580120975076074E-03,  3.994896153947674E-03, -2.116390172671810E-04
A.D. 2081-Jul-01,  7.719184494045765E+00, -6.152048758182815E+00, -2.015222220717610E-01,  3.168299969276138E-03,  4.358524106021725E-03, -2.014649615029178E-04
A.D. 2082-Jan-01,  8.260413659447080E+00, -5.319115464830101E+00, -2.374949714733187E-01,  2.708445705062218E-03,  4.687643616398926E-03, -1.890839831275069E-04
A.D. 2082-Jul-01,  8.707318698246070E+00, -4.444820672443679E+00, -2.704220303317398E-01,  2.224026465492510E-03,  4.964975172669384E-03, -1.741709378137738E-04
A.D. 2083-Jan-01,  9.068678263331421E+00, -3.508868620536778E+00, -3.010102817036809E-01,  1.698802083727630E-03,  5.199483267712714E-03, -1.579049405743958E-04
A.D. 2083-Jul-01,  9.327539868205399E+00, -2.551040009759959E+00, -3.278944965735222E-01,  1.156908116422809E-03,  5.375277707150730E-03, -1.387732353531792E-04
A.D. 2084-Jan-01,  9.488086646231055E+00, -1.549656074843089E+00, -3.516172332630584E-01,  5.846787973008583E-04,  5.499530766031937E-03, -1.187748985365196E-04
A.D. 2084-Jul-01,  9.541707006859236E+00, -5.422933296883159E-01, -3.711855961169735E-01,  2.079081420505220E-06,  5.560574010519913E-03, -9.602773427275426E-05
A.D. 2085-Jan-01,  9.487199625120077E+00,  4.819295029801274E-01, -3.867362524108562E-01, -5.957642458290762E-04,  5.561603311753109E-03, -7.280954616764556E-05
A.D. 2085-Jul-01,  9.325731452292361E+00,  1.483683928600747E+00, -3.976371172271708E-01, -1.188763083877020E-03,  5.497279449308935E-03, -4.766143446575251E-05
A.D. 2086-Jan-01,  9.051995302639797E+00,  2.484200003279223E+00, -4.040375273658801E-01, -1.785527664681307E-03,  5.366767957368606E-03, -2.186154918289781E-05
A.D. 2086-Jul-01,  8.676263521623110E+00,  3.438921733728932E+00, -4.055800212188375E-01, -2.363852601172080E-03,  5.172428049331640E-03,  4.630231964187501E-06
A.D. 2087-Jan-01,  8.188866040459041E+00,  4.367290663947283E+00, -4.022073718978935E-01, -2.929923808881904E-03,  4.907661868133280E-03,  3.195901754169165E-05
A.D. 2087-Jul-01,  7.609876261748071E+00,  5.227208453808100E+00, -3.939963785506536E-01, -3.462093361968209E-03,  4.584312030588319E-03,  5.846849087404945E-05
A.D. 2088-Jan-01,  6.925853048383521E+00,  6.035462877936026E+00, -3.806947574801918E-01, -3.965962079946136E-03,  4.190753162611175E-03,  8.594935703157646E-05
A.D. 2088-Jul-01,  6.161799021277959E+00,  6.758488237603834E+00, -3.627223068110529E-01, -4.422097090927678E-03,  3.745270548614368E-03,  1.113244100165209E-04
A.D. 2089-Jan-01,  5.309663193046677E+00,  7.401746526975325E+00, -3.398486623146027E-01, -4.830821918451917E-03,  3.237962186981488E-03,  1.370585218975816E-04
A.D. 2089-Jul-01,  4.403165972789317E+00,  7.939244619974880E+00, -3.129713091346014E-01, -5.175033980270030E-03,  2.694065427117064E-03,  1.596243039021900E-04
A.D. 2090-Jan-01,  3.423596821107085E+00,  8.380667773635428E+00, -2.815108628394172E-01, -5.460765047071569E-03,  2.097738341773703E-03,  1.820087850165144E-04
A.D. 2090-Jul-01,  2.415092718376170E+00,  8.705005901828034E+00, -2.468638856440143E-01, -5.670544357018118E-03,  1.481121768993763E-03,  2.006077637099703E-04
A.D. 2091-Jan-01,  1.357543254533693E+00,  8.917910796347449E+00, -2.083302489559274E-01, -5.811594182779529E-03,  8.295822939920882E-04,  2.178580559469830E-04
A.D. 2091-Jul-01,  2.991207270986617E-01,  9.009085259649542E+00, -1.676507729193115E-01, -5.870923730560289E-03,  1.758921566962414E-04,  2.314587241583518E-04
A.D. 2092-Jan-01, -7.809058384156057E-01,  8.980034762101130E+00, -1.240313946007223E-01, -5.855273705522229E-03, -4.915607616043251E-04,  2.422345239985786E-04
A.D. 2092-Jul-01, -1.838928652639978E+00,  8.830848812436880E+00, -7.921031570885162E-02, -5.758581742658098E-03, -1.145997163623650E-03,  2.499206454108156E-04
A.D. 2093-Jan-01, -2.883845754723015E+00,  8.560504432118428E+00, -3.282270777149306E-02, -5.586460506787275E-03, -1.789065876154247E-03,  2.538252603459039E-04
A.D. 2093-Jul-01, -3.873907077326405E+00,  8.181237545091179E+00,  1.325649831042822E-02, -5.342230613991107E-03, -2.396990170624704E-03,  2.550144450126201E-04
A.D. 2094-Jan-01, -4.828804067373333E+00,  7.686260279703889E+00,  5.992471538913005E-02, -5.026159654461541E-03, -2.976673727051756E-03,  2.517498501234474E-04
A.D. 2094-Jul-01, -5.705498903763409E+00,  7.098855900811680E+00,  1.050624673131610E-01, -4.652072929898120E-03, -3.506039504114258E-03,  2.465303848760881E-04
A.D. 2095-Jan-01, -6.522011477494161E+00,  6.408307623460963E+00,  1.495733441029211E-01, -4.214404429962669E-03, -3.990639130546979E-03,  2.367515321954835E-04
A.D. 2095-Jul-01, -7.242209713383404E+00,  5.646835799634647E+00,  1.914569473065079E-01, -3.736630251883693E-03, -4.413157273898767E-03,  2.254197589941718E-04
A.D. 2096-Jan-01, -7.881665911306802E+00,  4.800128837877516E+00,  2.315863905153805E-01, -3.207774949093765E-03, -4.779364375160783E-03,  2.102316757580275E-04
A.D. 2096-Jul-01, -8.415553815375912E+00,  3.902112524907297E+00,  2.683812602606094E-01, -2.654609300468299E-03, -5.077670660972064E-03,  1.935645574315402E-04
A.D. 2097-Jan-01, -8.850358924045773E+00,  2.945291821312547E+00,  3.022373861683751E-01, -2.068311567632427E-03, -5.310924548999455E-03,  1.739879018043254E-04
A.D. 2097-Jul-01, -9.171525033534975E+00,  1.968275684914003E+00,  3.319032090430066E-01, -1.478505143260776E-03, -5.472937934399066E-03,  1.532360799602509E-04
A.D. 2098-Jan-01, -9.387560144217138E+00,  9.512400560967779E-01,  3.580682669114787E-01, -8.688204704889839E-04, -5.570192588440751E-03,  1.308431449825442E-04
A.D. 2098-Jul-01, -9.490727087393042E+00, -6.049474262964910E-02,  3.796369419575695E-01, -2.711373307074382E-04, -5.598015043350182E-03,  1.070933753223624E-04
A.D. 2099-Jan-01, -9.485120433407090E+00, -1.088288550767119E+00,  3.971459808579238E-01,  3.305569389490196E-04, -5.563004920711608E-03,  8.306519102220132E-05
A.D. 2099-Jul-01, -9.372785636306318E+00, -2.087157855141951E+00,  4.098965727356661E-01,  9.084739236842418E-04, -5.464274192011348E-03,  5.771867747604052E-05
A.D. 2100-Jan-01, -9.153087238754789E+00, -3.078992809113442E+00,  4.182399702862333E-01,  1.475845283777539E-03, -5.306942340069455E-03,  3.299026009574159E-05
