julian, epoch, x, y, z, vx, vy, vz, LT, RG, RR
2433282.500000000, A.D. 1950-Jan-01,0,0,0,0,0,0,0,0,0
2433463.500000000, A.D. 1950-Jul-01,0,0,0,0,0,0,0,0,0
2433647.500000000, A.D. 1951-Jan-01,0,0,0,0,0,0,0,0,0
2433828.500000000, A.D. 1951-Jul-01,0,0,0,0,0,0,0,0,0
2434012.500000000, A.D. 1952-Jan-01,0,0,0,0,0,0,0,0,0
2434194.500000000, A.D. 1952-Jul-01,0,0,0,0,0,0,0,0,0
2434378.500000000, A.D. 1953-Jan-01,0,0,0,0,0,0,0,0,0
2434559.500000000, A.D. 1953-Jul-01,0,0,0,0,0,0,0,0,0
2434743.500000000, A.D. 1954-Jan-01,0,0,0,0,0,0,0,0,0
2434924.500000000, A.D. 1954-Jul-01,0,0,0,0,0,0,0,0,0
2435108.500000000, A.D. 1955-Jan-01,0,0,0,0,0,0,0,0,0
2435289.500000000, A.D. 1955-Jul-01,0,0,0,0,0,0,0,0,0
2435473.500000000, A.D. 1956-Jan-01,0,0,0,0,0,0,0,0,0
2435655.500000000, A.D. 1956-Jul-01,0,0,0,0,0,0,0,0,0
2435839.500000000, A.D. 1957-Jan-01,0,0,0,0,0,0,0,0,0
2436020.500000000, A.D. 1957-Jul-01,0,0,0,0,0,0,0,0,0
2436204.500000000, A.D. 1958-Jan-01,0,0,0,0,0,0,0,0,0
2436385.500000000, A.D. 1958-Jul-01,0,0,0,0,0,0,0,0,0
2436569.500000000, A.D. 1959-Jan-01,0,0,0,0,0,0,0,0,0
2436750.500000000, A.D. 1959-Jul-01,0,0,0,0,0,0,0,0,0
2436934.500000000, A.D. 1960-Jan-01,0,0,0,0,0,0,0,0,0
2437116.500000000, A.D. 1960-Jul-01,0,0,0,0,0,0,0,0,0
2437300.500000000, A.D. 1961-Jan-01,0,0,0,0,0,0,0,0,0
2437481.500000000, A.D. 1961-Jul-01,0,0,0,0,0,0,0,0,0
2437665.500000000, A.D. 1962-Jan-01,0,0,0,0,0,0,0,0,0
2437846.500000000, A.D. 1962-Jul-01,0,0,0,0,0,0,0,0,0
2438030.500000000, A.D. 1963-Jan-01,0,0,0,0,0,0,0,0,0
2438211.500000000, A.D. 1963-Jul-01,0,0,0,0,0,0,0,0,0
2438395.500000000, A.D. 1964-Jan-01,0,0,0,0,0,0,0,0,0
2438577.500000000, A.D. 1964-Jul-01,0,0,0,0,0,0,0,0,0
2438761.500000000, A.D. 1965-Jan-01,0,0,0,0,0,0,0,0,0
2438942.500000000, A.D. 1965-Jul-01,0,0,0,0,0,0,0,0,0
2439126.500000000, A.D. 1966-Jan-01,0,0,0,0,0,0,0,0,0
2439307.500000000, A.D. 1966-Jul-01,0,0,0,0,0,0,0,0,0
2439491.500000000, A.D. 1967-Jan-01,0,0,0,0,0,0,0,0,0
2439672.500000000, A.D. 1967-Jul-01,0,0,0,0,0,0,0,0,0
2439856.500000000, A.D. 1968-Jan-01,0,0,0,0,0,0,0,0,0
2440038.500000000, A.D. 1968-Jul-01,0,0,0,0,0,0,0,0,0
2440222.500000000, A.D. 1969-Jan-01,0,0,0,0,0,0,0,0,0
2440403.500000000, A.D. 1969-Jul-01,0,0,0,0,0,0,0,0,0
2440587.500000000, A.D. 1970-Jan-01,0,0,0,0,0,0,0,0,0
2440768.500000000, A.D. 1970-Jul-01,0,0,0,0,0,0,0,0,0
2440952.500000000, A.D. 1971-Jan-01,0,0,0,0,0,0,0,0,0
2441133.500000000, A.D. 1971-Jul-01,0,0,0,0,0,0,0,0,0
2441317.500000000, A.D. 1972-Jan-01,0,0,0,0,0,0,0,0,0
2441499.500000000, A.D. 1972-Jul-01,0,0,0,0,0,0,0,0,0
2441683.500000000, A.D. 1973-Jan-01,0,0,0,0,0,0,0,0,0
2441864.500000000, A.D. 1973-Jul-01,0,0,0,0,0,0,0,0,0
2442048.500000000, A.D. 1974-Jan-01,0,0,0,0,0,0,0,0,0
2442229.500000000, A.D. 1974-Jul-01,0,0,0,0,0,0,0,0,0
2442413.500000000, A.D. 1975-Jan-01,0,0,0,0,0,0,0,0,0
2442594.500000000, A.D. 1975-Jul-01,0,0,0,0,0,0,0,0,0
2442778.500000000, A.D. 1976-Jan-01,0,0,0,0,0,0,0,0,0
2442960.500000000, A.D. 1976-Jul-01,0,0,0,0,0,0,0,0,0
2443144.500000000, A.D. 1977-Jan-01,0,0,0,0,0,0,0,0,0
2443325.500000000, A.D. 1977-Jul-01,0,0,0,0,0,0,0,0,0
2443509.500000000, A.D. 1978-Jan-01,0,0,0,0,0,0,0,0,0
2443690.500000000, A.D. 1978-Jul-01,0,0,0,0,0,0,0,0,0
2443874.500000000, A.D. 1979-Jan-01,0,0,0,0,0,0,0,0,0
2444055.500000000, A.D. 1979-Jul-01,0,0,0,0,0,0,0,0,0
2444239.500000000, A.D. 1980-Jan-01,0,0,0,0,0,0,0,0,0
2444421.500000000, A.D. 1980-Jul-01,0,0,0,0,0,0,0,0,0
2444605.500000000, A.D. 1981-Jan-01,0,0,0,0,0,0,0,0,0
2444786.500000000, A.D. 1981-Jul-01,0,0,0,0,0,0,0,0,0
2444970.500000000, A.D. 1982-Jan-01,0,0,0,0,0,0,0,0,0
2445151.500000000, A.D. 1982-Jul-01,0,0,0,0,0,0,0,0,0
2445335.500000000, A.D. 1983-Jan-01,0,0,0,0,0,0,0,0,0
2445516.500000000, A.D. 1983-Jul-01,0,0,0,0,0,0,0,0,0
2445700.500000000, A.D. 1984-Jan-01,0,0,0,0,0,0,0,0,0
2445882.500000000, A.D. 1984-Jul-01,0,0,0,0,0,0,0,0,0
2446066.500000000, A.D. 1985-Jan-01,0,0,0,0,0,0,0,0,0
2446247.500000000, A.D. 1985-Jul-01,0,0,0,0,0,0,0,0,0
2446431.500000000, A.D. 1986-Jan-01,0,0,0,0,0,0,0,0,0
2446612.500000000, A.D. 1986-Jul-01,0,0,0,0,0,0,0,0,0
2446796.500000000, A.D. 1987-Jan-01,0,0,0,0,0,0,0,0,0
2446977.500000000, A.D. 1987-Jul-01,0,0,0,0,0,0,0,0,0
2447161.500000000, A.D. 1988-Jan-01,0,0,0,0,0,0,0,0,0
2447343.500000000, A.D. 1988-Jul-01,0,0,0,0,0,0,0,0,0
2447527.500000000, A.D. 1989-Jan-01,0,0,0,0,0,0,0,0,0
2447708.500000000, A.D. 1989-Jul-01,0,0,0,0,0,0,0,0,0
2447892.500000000, A.D. 1990-Jan-01,0,0,0,0,0,0,0,0,0
2448073.500000000, A.D. 1990-Jul-01,0,0,0,0,0,0,0,0,0
2448257.500000000, A.D. 1991-Jan-01,0,0,0,0,0,0,0,0,0
2448438.500000000, A.D. 1991-Jul-01,0,0,0,0,0,0,0,0,0
2448622.500000000, A.D. 1992-Jan-01,0,0,0,0,0,0,0,0,0
2448804.500000000, A.D. 1992-Jul-01,0,0,0,0,0,0,0,0,0
2448988.500000000, A.D. 1993-Jan-01,0,0,0,0,0,0,0,0,0
2449169.500000000, A.D. 1993-Jul-01,0,0,0,0,0,0,0,0,0
2449353.500000000, A.D. 1994-Jan-01,0,0,0,0,0,0,0,0,0
2449534.500000000, A.D. 1994-Jul-01,0,0,0,0,0,0,0,0,0
2449718.500000000, A.D. 1995-Jan-01,0,0,0,0,0,0,0,0,0
2449899.500000000, A.D. 1995-Jul-01,0,0,0,0,0,0,0,0,0
2450083.500000000, A.D. 1996-Jan-01,0,0,0,0,0,0,0,0,0
2450265.500000000, A.D. 1996-Jul-01,0,0,0,0,0,0,0,0,0
2450449.500000000, A.D. 1997-Jan-01,0,0,0,0,0,0,0,0,0
2450630.500000000, A.D. 1997-Jul-01,0,0,0,0,0,0,0,0,0
2450814.500000000, A.D. 1998-Jan-01,0,0,0,0,0,0,0,0,0
2450995.500000000, A.D. 1998-Jul-01,0,0,0,0,0,0,0,0,0
2451179.500000000, A.D. 1999-Jan-01,0,0,0,0,0,0,0,0,0
2451360.500000000, A.D. 1999-Jul-01,0,0,0,0,0,0,0,0,0
2451544.500000000, A.D. 2000-Jan-01,0,0,0,0,0,0,0,0,0
2451726.500000000, A.D. 2000-Jul-01,0,0,0,0,0,0,0,0,0
2451910.500000000, A.D. 2001-Jan-01,0,0,0,0,0,0,0,0,0
2452091.500000000, A.D. 2001-Jul-01,0,0,0,0,0,0,0,0,0
2452275.500000000, A.D. 2002-Jan-01,0,0,0,0,0,0,0,0,0
2452456.500000000, A.D. 2002-Jul-01,0,0,0,0,0,0,0,0,0
2452640.500000000, A.D. 2003-Jan-01,0,0,0,0,0,0,0,0,0
2452821.500000000, A.D. 2003-Jul-01,0,0,0,0,0,0,0,0,0
2453005.500000000, A.D. 2004-Jan-01,0,0,0,0,0,0,0,0,0
2453187.500000000, A.D. 2004-Jul-01,0,0,0,0,0,0,0,0,0
2453371.500000000, A.D. 2005-Jan-01,0,0,0,0,0,0,0,0,0
2453552.500000000, A.D. 2005-Jul-01,0,0,0,0,0,0,0,0,0
2453736.500000000, A.D. 2006-Jan-01,0,0,0,0,0,0,0,0,0
2453917.500000000, A.D. 2006-Jul-01,0,0,0,0,0,0,0,0,0
2454101.500000000, A.D. 2007-Jan-01,0,0,0,0,0,0,0,0,0
2454282.500000000, A.D. 2007-Jul-01,0,0,0,0,0,0,0,0,0
2454466.500000000, A.D. 2008-Jan-01,0,0,0,0,0,0,0,0,0
2454648.500000000, A.D. 2008-Jul-01,0,0,0,0,0,0,0,0,0
2454832.500000000, A.D. 2009-Jan-01,0,0,0,0,0,0,0,0,0
2455013.500000000, A.D. 2009-Jul-01,0,0,0,0,0,0,0,0,0
2455197.500000000, A.D. 2010-Jan-01,0,0,0,0,0,0,0,0,0
2455378.500000000, A.D. 2010-Jul-01,0,0,0,0,0,0,0,0,0
2455562.500000000, A.D. 2011-Jan-01,0,0,0,0,0,0,0,0,0
2455743.500000000, A.D. 2011-Jul-01,0,0,0,0,0,0,0,0,0
2455927.500000000, A.D. 2012-Jan-01,0,0,0,0,0,0,0,0,0
2456109.500000000, A.D. 2012-Jul-01,0,0,0,0,0,0,0,0,0
2456293.500000000, A.D. 2013-Jan-01,0,0,0,0,0,0,0,0,0
2456474.500000000, A.D. 2013-Jul-01,0,0,0,0,0,0,0,0,0
2456658.500000000, A.D. 2014-Jan-01,0,0,0,0,0,0,0,0,0
2456839.500000000, A.D. 2014-Jul-01,0,0,0,0,0,0,0,0,0
2457023.500000000, A.D. 2015-Jan-01,0,0,0,0,0,0,0,0,0
2457204.500000000, A.D. 2015-Jul-01,0,0,0,0,0,0,0,0,0
2457388.500000000, A.D. 2016-Jan-01,0,0,0,0,0,0,0,0,0
2457570.500000000, A.D. 2016-Jul-01,0,0,0,0,0,0,0,0,0
2457754.500000000, A.D. 2017-Jan-01,0,0,0,0,0,0,0,0,0
2457935.500000000, A.D. 2017-Jul-01,0,0,0,0,0,0,0,0,0
2458119.500000000, A.D. 2018-Jan-01,0,0,0,0,0,0,0,0,0
2458300.500000000, A.D. 2018-Jul-01,0,0,0,0,0,0,0,0,0
2458484.500000000, A.D. 2019-Jan-01,0,0,0,0,0,0,0,0,0
2458665.500000000, A.D. 2019-Jul-01,0,0,0,0,0,0,0,0,0
2458849.500000000, A.D. 2020-Jan-01,0,0,0,0,0,0,0,0,0
2459031.500000000, A.D. 2020-Jul-01,0,0,0,0,0,0,0,0,0
2459215.500000000, A.D. 2021-Jan-01,0,0,0,0,0,0,0,0,0
2459396.500000000, A.D. 2021-Jul-01,0,0,0,0,0,0,0,0,0
2459580.500000000, A.D. 2022-Jan-01,0,0,0,0,0,0,0,0,0
2459761.500000000, A.D. 2022-Jul-01,0,0,0,0,0,0,0,0,0
2459945.500000000, A.D. 2023-Jan-01,0,0,0,0,0,0,0,0,0
2460126.500000000, A.D. 2023-Jul-01,0,0,0,0,0,0,0,0,0
2460310.500000000, A.D. 2024-Jan-01,0,0,0,0,0,0,0,0,0
2460492.500000000, A.D. 2024-Jul-01,0,0,0,0,0,0,0,0,0
2460676.500000000, A.D. 2025-Jan-01,0,0,0,0,0,0,0,0,0
2460857.500000000, A.D. 2025-Jul-01,0,0,0,0,0,0,0,0,0
2461041.500000000, A.D. 2026-Jan-01,0,0,0,0,0,0,0,0,0
2461222.500000000, A.D. 2026-Jul-01,0,0,0,0,0,0,0,0,0
2461406.500000000, A.D. 2027-Jan-01,0,0,0,0,0,0,0,0,0
2461587.500000000, A.D. 2027-Jul-01,0,0,0,0,0,0,0,0,0
2461771.500000000, A.D. 2028-Jan-01,0,0,0,0,0,0,0,0,0
2461953.500000000, A.D. 2028-Jul-01,0,0,0,0,0,0,0,0,0
2462137.500000000, A.D. 2029-Jan-01,0,0,0,0,0,0,0,0,0
2462318.500000000, A.D. 2029-Jul-01,0,0,0,0,0,0,0,0,0
2462502.500000000, A.D. 2030-Jan-01,0,0,0,0,0,0,0,0,0
2462683.500000000, A.D. 2030-Jul-01,0,0,0,0,0,0,0,0,0
2462867.500000000, A.D. 2031-Jan-01,0,0,0,0,0,0,0,0,0
2463048.500000000, A.D. 2031-Jul-01,0,0,0,0,0,0,0,0,0
2463232.500000000, A.D. 2032-Jan-01,0,0,0,0,0,0,0,0,0
2463414.500000000, A.D. 2032-Jul-01,0,0,0,0,0,0,0,0,0
2463598.500000000, A.D. 2033-Jan-01,0,0,0,0,0,0,0,0,0
2463779.500000000, A.D. 2033-Jul-01,0,0,0,0,0,0,0,0,0
2463963.500000000, A.D. 2034-Jan-01,0,0,0,0,0,0,0,0,0
2464144.500000000, A.D. 2034-Jul-01,0,0,0,0,0,0,0,0,0
2464328.500000000, A.D. 2035-Jan-01,0,0,0,0,0,0,0,0,0
2464509.500000000, A.D. 2035-Jul-01,0,0,0,0,0,0,0,0,0
2464693.500000000, A.D. 2036-Jan-01,0,0,0,0,0,0,0,0,0
2464875.500000000, A.D. 2036-Jul-01,0,0,0,0,0,0,0,0,0
2465059.500000000, A.D. 2037-Jan-01,0,0,0,0,0,0,0,0,0
2465240.500000000, A.D. 2037-Jul-01,0,0,0,0,0,0,0,0,0
2465424.500000000, A.D. 2038-Jan-01,0,0,0,0,0,0,0,0,0
2465605.500000000, A.D. 2038-Jul-01,0,0,0,0,0,0,0,0,0
2465789.500000000, A.D. 2039-Jan-01,0,0,0,0,0,0,0,0,0
2465970.500000000, A.D. 2039-Jul-01,0,0,0,0,0,0,0,0,0
2466154.500000000, A.D. 2040-Jan-01,0,0,0,0,0,0,0,0,0
2466336.500000000, A.D. 2040-Jul-01,0,0,0,0,0,0,0,0,0
2466520.500000000, A.D. 2041-Jan-01,0,0,0,0,0,0,0,0,0
2466701.500000000, A.D. 2041-Jul-01,0,0,0,0,0,0,0,0,0
2466885.500000000, A.D. 2042-Jan-01,0,0,0,0,0,0,0,0,0
2467066.500000000, A.D. 2042-Jul-01,0,0,0,0,0,0,0,0,0
2467250.500000000, A.D. 2043-Jan-01,0,0,0,0,0,0,0,0,0
2467431.500000000, A.D. 2043-Jul-01,0,0,0,0,0,0,0,0,0
2467615.500000000, A.D. 2044-Jan-01,0,0,0,0,0,0,0,0,0
2467797.500000000, A.D. 2044-Jul-01,0,0,0,0,0,0,0,0,0
2467981.500000000, A.D. 2045-Jan-01,0,0,0,0,0,0,0,0,0
2468162.500000000, A.D. 2045-Jul-01,0,0,0,0,0,0,0,0,0
2468346.500000000, A.D. 2046-Jan-01,0,0,0,0,0,0,0,0,0
2468527.500000000, A.D. 2046-Jul-01,0,0,0,0,0,0,0,0,0
2468711.500000000, A.D. 2047-Jan-01,0,0,0,0,0,0,0,0,0
2468892.500000000, A.D. 2047-Jul-01,0,0,0,0,0,0,0,0,0
2469076.500000000, A.D. 2048-Jan-01,0,0,0,0,0,0,0,0,0
2469258.500000000, A.D. 2048-Jul-01,0,0,0,0,0,0,0,0,0
2469442.500000000, A.D. 2049-Jan-01,0,0,0,0,0,0,0,0,0
2469623.500000000, A.D. 2049-Jul-01,0,0,0,0,0,0,0,0,0
2469807.500000000, A.D. 2050-Jan-01,0,0,0,0,0,0,0,0,0
2469988.500000000, A.D. 2050-Jul-01,0,0,0,0,0,0,0,0,0
2470172.500000000, A.D. 2051-Jan-01,0,0,0,0,0,0,0,0,0
2470353.500000000, A.D. 2051-Jul-01,0,0,0,0,0,0,0,0,0
2470537.500000000, A.D. 2052-Jan-01,0,0,0,0,0,0,0,0,0
2470719.500000000, A.D. 2052-Jul-01,0,0,0,0,0,0,0,0,0
2470903.500000000, A.D. 2053-Jan-01,0,0,0,0,0,0,0,0,0
2471084.500000000, A.D. 2053-Jul-01,0,0,0,0,0,0,0,0,0
2471268.500000000, A.D. 2054-Jan-01,0,0,0,0,0,0,0,0,0
2471449.500000000, A.D. 2054-Jul-01,0,0,0,0,0,0,0,0,0
2471633.500000000, A.D. 2055-Jan-01,0,0,0,0,0,0,0,0,0
2471814.500000000, A.D. 2055-Jul-01,0,0,0,0,0,0,0,0,0
2471998.500000000, A.D. 2056-Jan-01,0,0,0,0,0,0,0,0,0
2472180.500000000, A.D. 2056-Jul-01,0,0,0,0,0,0,0,0,0
2472364.500000000, A.D. 2057-Jan-01,0,0,0,0,0,0,0,0,0
2472545.500000000, A.D. 2057-Jul-01,0,0,0,0,0,0,0,0,0
2472729.500000000, A.D. 2058-Jan-01,0,0,0,0,0,0,0,0,0
2472910.500000000, A.D. 2058-Jul-01,0,0,0,0,0,0,0,0,0
2473094.500000000, A.D. 2059-Jan-01,0,0,0,0,0,0,0,0,0
2473275.500000000, A.D. 2059-Jul-01,0,0,0,0,0,0,0,0,0
2473459.500000000, A.D. 2060-Jan-01,0,0,0,0,0,0,0,0,0
2473641.500000000, A.D. 2060-Jul-01,0,0,0,0,0,0,0,0,0
2473825.500000000, A.D. 2061-Jan-01,0,0,0,0,0,0,0,0,0
2474006.500000000, A.D. 2061-Jul-01,0,0,0,0,0,0,0,0,0
2474190.500000000, A.D. 2062-Jan-01,0,0,0,0,0,0,0,0,0
2474371.500000000, A.D. 2062-Jul-01,0,0,0,0,0,0,0,0,0
2474555.500000000, A.D. 2063-Jan-01,0,0,0,0,0,0,0,0,0
2474736.500000000, A.D. 2063-Jul-01,0,0,0,0,0,0,0,0,0
2474920.500000000, A.D. 2064-Jan-01,0,0,0,0,0,0,0,0,0
2475102.500000000, A.D. 2064-Jul-01,0,0,0,0,0,0,0,0,0
2475286.500000000, A.D. 2065-Jan-01,0,0,0,0,0,0,0,0,0
2475467.500000000, A.D. 2065-Jul-01,0,0,0,0,0,0,0,0,0
2475651.500000000, A.D. 2066-Jan-01,0,0,0,0,0,0,0,0,0
2475832.500000000, A.D. 2066-Jul-01,0,0,0,0,0,0,0,0,0
2476016.500000000, A.D. 2067-Jan-01,0,0,0,0,0,0,0,0,0
2476197.500000000, A.D. 2067-Jul-01,0,0,0,0,0,0,0,0,0
2476381.500000000, A.D. 2068-Jan-01,0,0,0,0,0,0,0,0,0
2476563.500000000, A.D. 2068-Jul-01,0,0,0,0,0,0,0,0,0
2476747.500000000, A.D. 2069-Jan-01,0,0,0,0,0,0,0,0,0
2476928.500000000, A.D. 2069-Jul-01,0,0,0,0,0,0,0,0,0
2477112.500000000, A.D. 2070-Jan-01,0,0,0,0,0,0,0,0,0
2477293.500000000, A.D. 2070-Jul-01,0,0,0,0,0,0,0,0,0
2477477.500000000, A.D. 2071-Jan-01,0,0,0,0,0,0,0,0,0
2477658.500000000, A.D. 2071-Jul-01,0,0,0,0,0,0,0,0,0
2477842.500000000, A.D. 2072-Jan-01,0,0,0,0,0,0,0,0,0
2478024.500000000, A.D. 2072-Jul-01,0,0,0,0,0,0,0,0,0
2478208.500000000, A.D. 2073-Jan-01,0,0,0,0,0,0,0,0,0
2478389.500000000, A.D. 2073-Jul-01,0,0,0,0,0,0,0,0,0
2478573.500000000, A.D. 2074-Jan-01,0,0,0,0,0,0,0,0,0
2478754.500000000, A.D. 2074-Jul-01,0,0,0,0,0,0,0,0,0
2478938.500000000, A.D. 2075-Jan-01,0,0,0,0,0,0,0,0,0
2479119.500000000, A.D. 2075-Jul-01,0,0,0,0,0,0,0,0,0
2479303.500000000, A.D. 2076-Jan-01,0,0,0,0,0,0,0,0,0
2479485.500000000, A.D. 2076-Jul-01,0,0,0,0,0,0,0,0,0
2479669.500000000, A.D. 2077-Jan-01,0,0,0,0,0,0,0,0,0
2479850.500000000, A.D. 2077-Jul-01,0,0,0,0,0,0,0,0,0
2480034.500000000, A.D. 2078-Jan-01,0,0,0,0,0,0,0,0,0
2480215.500000000, A.D. 2078-Jul-01,0,0,0,0,0,0,0,0,0
2480399.500000000, A.D. 2079-Jan-01,0,0,0,0,0,0,0,0,0
2480580.500000000, A.D. 2079-Jul-01,0,0,0,0,0,0,0,0,0
2480764.500000000, A.D. 2080-Jan-01,0,0,0,0,0,0,0,0,0
2480946.500000000, A.D. 2080-Jul-01,0,0,0,0,0,0,0,0,0
2481130.500000000, A.D. 2081-Jan-01,0,0,0,0,0,0,0,0,0
2481311.500000000, A.D. 2081-Jul-01,0,0,0,0,0,0,0,0,0
2481495.500000000, A.D. 2082-Jan-01,0,0,0,0,0,0,0,0,0
2481676.500000000, A.D. 2082-Jul-01,0,0,0,0,0,0,0,0,0
2481860.500000000, A.D. 2083-Jan-01,0,0,0,0,0,0,0,0,0
2482041.500000000, A.D. 2083-Jul-01,0,0,0,0,0,0,0,0,0
2482225.500000000, A.D. 2084-Jan-01,0,0,0,0,0,0,0,0,0
2482407.500000000, A.D. 2084-Jul-01,0,0,0,0,0,0,0,0,0
2482591.500000000, A.D. 2085-Jan-01,0,0,0,0,0,0,0,0,0
2482772.500000000, A.D. 2085-Jul-01,0,0,0,0,0,0,0,0,0
2482956.500000000, A.D. 2086-Jan-01,0,0,0,0,0,0,0,0,0
2483137.500000000, A.D. 2086-Jul-01,0,0,0,0,0,0,0,0,0
2483321.500000000, A.D. 2087-Jan-01,0,0,0,0,0,0,0,0,0
2483502.500000000, A.D. 2087-Jul-01,0,0,0,0,0,0,0,0,0
2483686.500000000, A.D. 2088-Jan-01,0,0,0,0,0,0,0,0,0
2483868.500000000, A.D. 2088-Jul-01,0,0,0,0,0,0,0,0,0
2484052.500000000, A.D. 2089-Jan-01,0,0,0,0,0,0,0,0,0
2484233.500000000, A.D. 2089-Jul-01,0,0,0,0,0,0,0,0,0
2484417.500000000, A.D. 2090-Jan-01,0,0,0,0,0,0,0,0,0
2484598.500000000, A.D. 2090-Jul-01,0,0,0,0,0,0,0,0,0
2484782.500000000, A.D. 2091-Jan-01,0,0,0,0,0,0,0,0,0
2484963.500000000, A.D. 2091-Jul-01,0,0,0,0,0,0,0,0,0
2485147.500000000, A.D. 2092-Jan-01,0,0,0,0,0,0,0,0,0
2485329.500000000, A.D. 2092-Jul-01,0,0,0,0,0,0,0,0,0
2485513.500000000, A.D. 2093-Jan-01,0,0,0,0,0,0,0,0,0
2485694.500000000, A.D. 2093-Jul-01,0,0,0,0,0,0,0,0,0
2485878.500000000, A.D. 2094-Jan-01,0,0,0,0,0,0,0,0,0
2486059.500000000, A.D. 2094-Jul-01,0,0,0,0,0,0,0,0,0
2486243.500000000, A.D. 2095-Jan-01,0,0,0,0,0,0,0,0,0
2486424.500000000, A.D. 2095-Jul-01,0,0,0,0,0,0,0,0,0
2486608.500000000, A.D. 2096-Jan-01,0,0,0,0,0,0,0,0,0
2486790.500000000, A.D. 2096-Jul-01,0,0,0,0,0,0,0,0,0
2486974.500000000, A.D. 2097-Jan-01,0,0,0,0,0,0,0,0,0
2487155.500000000, A.D. 2097-Jul-01,0,0,0,0,0,0,0,0,0
2487339.500000000, A.D. 2098-Jan-01,0,0,0,0,0,0,0,0,0
2487520.500000000, A.D. 2098-Jul-01,0,0,0,0,0,0,0,0,0
2487704.500000000, A.D. 2099-Jan-01,0,0,0,0,0,0,0,0,0
2487885.500000000, A.D. 2099-Jul-01,0,0,0,0,0,0,0,0,0
2488069.500000000, A.D. 2100-Jan-01,0,0,0,0,0,0,0,0,0
