julian, epoch, x, y, z, vx, vy, vz, LT, RG, RR
2433282.500000000, A.D. 1950-Jan-01, -9.004413531452220E+00,  2.504274584638830E+00,  3.141306560941546E-01, -7.049128575127541E-04,  2.983542194049063E-04, -2.672651115600410E-03,  5.400944471622911E-02,  9.351445466331180E+00,  6.688726502896028E-04

2433463.500000000, A.D. 1950-Jul-01, -9.278778845471390E+00,  1.515412558209105E+00,  3.431684463129497E-01,  3.687384482137993E-03, -3.747348085705371E-03, -1.537392134216212E-03,  5.433592687654733E-02,  9.407974100054172E+00, -4.296439118266731E-03

2433647.500000000, A.D. 1951-Jan-01, -9.445281532717958E+00,  4.908269629205100E-01,  3.660052803567371E-01, -6.267345300200990E-03, -7.852761826480157E-03,  1.215908189399379E-03,  5.466588790756043E-02,  9.465105081565746E+00,  5.894020396215860E-03

2433828.500000000, A.D. 1951-Jul-01, -9.493252402960472E+00, -5.218968063930632E-01,  3.853263956409202E-01, -4.616706898104174E-03, -2.799325544411493E-03, -1.123337408183097E-03,  5.495632365219243E-02,  9.515392471885523E+00,  4.714011691459147E-03

2434012.500000000, A.D. 1952-Jan-01, -9.434494223368937E+00, -1.542072369525213E+00,  4.021015419437332E-01,  5.796678922472703E-03, -8.254718433937278E-03,  1.756129367789313E-03,  5.526098337033940E-02,  9.568142666874721E+00, -4.311517888397248E-03

2434194.500000000, A.D. 1952-Jul-01, -9.272301732489137E+00, -2.528938701057696E+00,  4.122805726633092E-01, -1.665758241146675E-03,  8.845116379122863E-04, -2.679402229484949E-03,  5.555949142622157E-02,  9.619827734560740E+00,  1.258221265604123E-03

2434378.500000000, A.D. 1953-Jan-01, -9.016745089927266E+00, -3.506163607931256E+00,  4.202015083718585E-01,  1.654828354284089E-03, -1.186733966687476E-02,  3.171685735921301E-03,  5.592761118531575E-02,  9.683565695029232E+00,  2.893605210887443E-03

2434559.500000000, A.D. 1953-Jul-01, -8.658791243784838E+00, -4.431051551943686E+00,  4.214117689101534E-01, -1.596340266471856E-03, -1.045755051924267E-02,  2.745739843907461E-03,  5.622949007103758E-02,  9.735834403809646E+00,  6.298115510247579E-03

2434743.500000000, A.D. 1954-Jan-01, -8.193128467424007E+00, -5.327640759244463E+00,  4.190731701903471E-01,  8.831765880698164E-03, -9.976919733346533E-04, -2.610779647373704E-03,  5.649588664745052E-02,  9.781959541178340E+00, -6.965736818795793E-03

2434924.500000000, A.D. 1954-Jul-01, -7.655714731036989E+00, -6.146518735742684E+00,  4.121427504065390E-01,  1.031487497606199E-02, -4.063613192407952E-03, -5.198516081733459E-04,  5.675296043883468E-02,  9.826470488357723E+00, -5.516214475677005E-03

2435108.500000000, A.D. 1955-Jan-01, -7.031623670018469E+00, -6.906837031607101E+00,  3.993237069656762E-01, -3.656727510155201E-03, -1.569827347197336E-03, -1.501117240551809E-04,  5.697237469717141E-02,  9.864460889520927E+00,  3.699678128252055E-03

2435289.500000000, A.D. 1955-Jul-01, -6.347812056305573E+00, -7.594759577560818E+00,  3.848574634315889E-01, -5.195033168664438E-04,  1.264351812042718E-03, -2.208037997241859E-03,  5.721064339294880E-02,  9.905715835329072E+00, -7.222616353564771E-04

2435473.500000000, A.D. 1956-Jan-01, -5.592020112218870E+00, -8.223500280620391E+00,  3.666654709699793E-01,  6.786585247384602E-03, -9.862465557125912E-03,  2.439067060972486E-03,  5.747470420697710E-02,  9.951436547977664E+00,  4.426254294065866E-03

2435655.500000000, A.D. 1956-Jul-01, -4.774319178521712E+00, -8.759590017085724E+00,  3.429178747241184E-01,  7.204012020113826E-03,  2.652137539572649E-03, -3.288028846835150E-03,  5.765174748012174E-02,  9.982090640473739E+00, -5.885882651823846E-03

2435839.500000000, A.D. 1957-Jan-01, -3.904738677225291E+00, -9.205871759803440E+00,  3.153653709428295E-01,  2.366660916056417E-03, -6.259475466586944E-03,  2.791405544474597E-03,  5.778247032559729E-02,  1.000472459953574E+01,  4.923978483276133E-03

2436020.500000000, A.D. 1957-Jul-01, -3.012289508215348E+00, -9.555080703434019E+00,  2.857521081873878E-01, -1.689056103586370E-03, -2.641230237456083E-03,  1.472823039089279E-03,  5.788645881331367E-02,  1.002272964804374E+01,  3.067623035135063E-03

2436204.500000000, A.D. 1958-Jan-01, -2.080887867945860E+00, -9.822377651055733E+00,  2.557432329037608E-01,  1.063314768229555E-02, -1.076249686782894E-03, -1.102930108917216E-03,  5.800719737443804E-02,  1.004363488185923E+01, -1.178569730054103E-03

2436385.500000000, A.D. 1958-Jul-01, -1.142559822074251E+00, -9.991237487358296E+00,  2.213548243454065E-01,  1.047295605283293E-02, -5.238951134471178E-03,  1.082570649940291E-03,  5.809472924384167E-02,  1.005879055523441E+01,  4.037986294462908E-03

2436569.500000000, A.D. 1959-Jan-01, -1.676499920321239E-01, -1.006499234952519E+01,  1.818378751804355E-01,  1.828581053288769E-03,  4.036454073973596E-03, -2.134029982936089E-03,  5.814809597043667E-02,  1.006803071750773E+01, -4.104227490941277E-03

2436750.500000000, A.D. 1959-Jul-01,  7.911658733065193E-01, -1.003826900118976E+01,  1.436181772607264E-01,  6.077426710252914E-03,  6.945549882454737E-03, -3.316481978036905E-03,  5.816191113957710E-02,  1.007042273989389E+01, -6.493208304766925E-03

2436934.500000000, A.D. 1960-Jan-01,  1.750913972822205E+00, -9.905572326568338E+00,  1.034820956033835E-01,  3.268690481332397E-03, -3.830656775372181E-03,  2.905066046274616E-03,  5.809975420735872E-02,  1.005966060069677E+01,  4.370790193716208E-03

2437116.500000000, A.D. 1960-Jul-01,  2.685239829589880E+00, -9.684828930341702E+00,  6.357094470795797E-02,  8.477191205685011E-03,  5.333822784624100E-03, -2.560266126226389E-03,  5.804624802011335E-02,  1.005039629156037E+01, -2.891092792633114E-03

2437300.500000000, A.D. 1961-Jan-01,  3.597998909628762E+00, -9.368667888450361E+00,  2.064744095526504E-02, -3.047324656252399E-04, -2.278125345750882E-03,  1.745770163626713E-03,  5.796214220209900E-02,  1.003583382059452E+01,  2.021019752071431E-03

2437481.500000000, A.D. 1961-Jul-01,  4.470534994197721E+00, -8.966866188161880E+00, -2.154415832729979E-02, -8.140370575911111E-04,  2.982677043267922E-03, -4.568438240895810E-04,  5.786793742547328E-02,  1.001952276914950E+01, -3.031542067040174E-03

2437665.500000000, A.D. 1962-Jan-01,  5.314849861875288E+00, -8.468247851975217E+00, -6.255236094440356E-02,  1.117034869757574E-02,  1.668723476471419E-03,  4.516875599845965E-04,  5.774442931875429E-02,  9.998138003379347E+00,  4.521772763955913E-03

2437846.500000000, A.D. 1962-Jul-01,  6.087331665854987E+00, -7.887736042530621E+00, -1.036668272748399E-01,  6.659049846906582E-03, -7.803257520897957E-04,  2.485925401568068E-03,  5.754768126749742E-02,  9.964072134315101E+00,  4.660056644724793E-03

2438030.500000000, A.D. 1963-Jan-01,  6.809568047364531E+00, -7.218218334797817E+00, -1.441531043950582E-01,  1.068752607202434E-03,  9.188287361364659E-03, -3.031286666015812E-03,  5.731854181384050E-02,  9.924397867780497E+00, -5.905481832777420E-03

2438211.500000000, A.D. 1963-Jul-01,  7.450349808990924E+00, -6.495105378547298E+00, -1.814507974662397E-01,  6.051107918779956E-03,  8.037753158185784E-03, -3.165236981803711E-03,  5.709503165373608E-02,  9.885698283210260E+00, -6.624568219836189E-04

2438395.500000000, A.D. 1964-Jan-01,  8.026537350863974E+00, -5.693722791071336E+00, -2.197125558116217E-01, -4.096712383391861E-04, -1.261788872700781E-04,  2.367684538305265E-03,  5.685059958624263E-02,  9.843376182670299E+00, -3.139191120836511E-04

2438577.500000000, A.D. 1964-Jul-01,  8.521219503906012E+00, -4.840995954407988E+00, -2.533391839469683E-01,  9.693865785443765E-03,  6.707423502368044E-03, -1.662586323954000E-03,  5.662088077698036E-02,  9.803601603822223E+00,  5.156691230960232E-03

2438761.500000000, A.D. 1965-Jan-01,  8.924757305635577E+00, -3.915190232359498E+00, -2.870521610731382E-01, -5.195807357801665E-03,  5.984830508760325E-03,  6.984064836765404E-04,  5.631127602774504E-02,  9.749995203241671E+00, -7.179854682658015E-03

2438942.500000000, A.D. 1965-Jul-01,  9.224937898389111E+00, -2.971488648477944E+00, -3.149965351761138E-01, -4.720014212000913E-03,  9.471359978562454E-03, -1.502650890323339E-03,  5.600420000063897E-02,  9.696826637325325E+00, -7.343902235915447E-03

2439126.500000000, A.D. 1966-Jan-01,  9.422988549579534E+00, -1.987816047328714E+00, -3.385642228785178E-01,  4.681113507424253E-03, -4.208698816975892E-04,  1.903651551274891E-03,  5.565476930904074E-02,  9.636324588583445E+00,  4.597414934405012E-03

2439307.500000000, A.D. 1966-Jul-01,  9.523479772237676E+00, -9.951797796163776E-01, -3.608166816292469E-01,  3.312692830305182E-04, -1.162277009777160E-03,  2.804842774758756E-03,  5.534177443289638E-02,  9.582131205724508E+00,  3.443364280063974E-04

2439491.500000000, A.D. 1967-Jan-01,  9.528111569514893E+00,  2.542755491798586E-02, -3.792068773093047E-01,  2.505945920275195E-03,  1.173880670717537E-02, -3.224834860546765E-03,  5.507354353124946E-02,  9.535688464786974E+00,  2.663499454587580E-03

2439672.500000000, A.D. 1967-Jul-01,  9.416089603632471E+00,  1.032747824781784E+00, -3.918611308677459E-01,  4.898229144347854E-03,  9.287659018926918E-03, -1.933531710743545E-03,  5.475571118739863E-02,  9.480657500358927E+00,  5.956511992129002E-03

2439856.500000000, A.D. 1968-Jan-01,  9.185949258574555E+00,  2.050308401982904E+00, -4.015809593677768E-01, -8.884142255880086E-03,  4.058474441572448E-03,  1.522046086176433E-03,  5.440853876767092E-02,  9.420546459270547E+00, -7.844489782909534E-03

2440038.500000000, A.D. 1968-Jul-01,  8.851701199526248E+00,  3.019011646403192E+00, -4.032654192551920E-01,  3.541170980684167E-03,  2.476590755713031E-03,  3.489627730932306E-04,  5.406504277008387E-02,  9.361071970943263E+00,  4.132167689063083E-03

2440222.500000000, A.D. 1969-Jan-01,  8.413617332900804E+00,  3.963696999869980E+00, -4.045742069002782E-01, -7.533312423812365E-03,  7.318815020575927E-03, -9.982625947362940E-04,  5.376617683858146E-02,  9.309324939014434E+00, -3.648918881709712E-03

2440403.500000000, A.D. 1969-Jul-01,  7.883135195304091E+00,  4.846557290010836E+00, -3.988400243870372E-01, -4.226871054368784E-03,  1.061264406950704E-02, -2.739165163710851E-03,  5.349514779822975E-02,  9.262397715378686E+00,  2.073575417244137E-03

2440587.500000000, A.D. 1970-Jan-01,  7.240662644701127E+00,  5.690087583612081E+00, -3.875106646518909E-01, -3.190275959168400E-03, -3.521527221006367E-04,  3.000064843690911E-03,  5.323338098879384E-02,  9.217074197312597E+00, -2.849716553723143E-03

2440768.500000000, A.D. 1970-Jul-01,  6.517045077666570E+00,  6.448296753501007E+00, -3.723446378433792E-01, -9.110139600385175E-03, -4.318759819443351E-05,  2.893703568290779E-03,  5.299366117661515E-02,  9.175567998488182E+00, -6.618351246041796E-03

2440952.500000000, A.D. 1971-Jan-01,  5.696342926566126E+00,  7.127700566215930E+00, -3.501293871384187E-01, -3.401524000002510E-04,  6.198874689912760E-03, -2.128341415248128E-03,  5.273621603899736E-02,  9.130992754701580E+00,  4.708282434317191E-03

2441133.500000000, A.D. 1971-Jul-01,  4.817687078126005E+00,  7.704941639410229E+00, -3.251826804058638E-01,  1.861679397608405E-03,  1.447515338501276E-03, -2.193807193631573E-04,  5.251657516231874E-02,  9.092963115788812E+00,  2.220766601160352E-03

2441317.500000000, A.D. 1972-Jan-01,  3.869209543498271E+00,  8.194976297208841E+00, -2.984298001491747E-01, -1.060937338547361E-02,  4.289438095789196E-03, -2.982865730775255E-04,  5.236885102801356E-02,  9.067385474817419E+00, -6.406507856114070E-04

2441499.500000000, A.D. 1972-Jul-01,  2.874983878494339E+00,  8.572085409950509E+00, -2.640441725217048E-01, -8.871318331781485E-04, -1.455266908567056E-03,  2.185945481348840E-03,  5.224080041693028E-02,  9.045214198797693E+00, -1.724928539654921E-03

2441683.500000000, A.D. 1973-Jan-01,  1.829408380537293E+00,  8.844951269617200E+00, -2.278728859586925E-01, -1.031519643177476E-02,  6.360240424620694E-03, -2.071412293438832E-03,  5.218199958783667E-02,  9.035033150843340E+00,  4.190059724731049E-03

2441864.500000000, A.D. 1973-Jul-01,  7.736753342616558E-01,  8.986975342249202E+00, -1.874683613356157E-01, -5.404871798588380E-03,  5.348547232474373E-03, -2.865135040154159E-03,  5.210767372123225E-02,  9.022164025971925E+00,  4.923737602507796E-03

2442048.500000000, A.D. 1974-Jan-01, -3.113918836464536E-01,  9.006959316630201E+00, -1.452772350021893E-01, -7.827223851921659E-03, -6.284334742674791E-03,  3.182608787281629E-03,  5.205769992202929E-02,  9.013511330865589E+00, -6.060654053657149E-03

2442229.500000000, A.D. 1974-Jul-01, -1.366174791988972E+00,  8.910912656450730E+00, -1.025127657106649E-01, -1.070877604082542E-02, -2.893524652243193E-03,  1.805061971770433E-03,  5.206984745058690E-02,  9.015614610235598E+00, -1.257698776024314E-03

2442413.500000000, A.D. 1975-Jan-01, -2.418370539579875E+00,  8.694498331895160E+00, -5.552007108219263E-02,  8.579679887299563E-04,  4.342458868331863E-04, -8.276954559481766E-04,  5.212254097764864E-02,  9.024738211623013E+00,  1.935368428920761E-04

2442594.500000000, A.D. 1975-Jul-01, -3.430307846535880E+00,  8.369288971871647E+00, -9.404506860900184E-03, -7.525856977287357E-04, -4.684559950953373E-03,  1.557153342599475E-03,  5.223958669771701E-02,  9.045004049830343E+00, -4.050797475481206E-03

2442778.500000000, A.D. 1976-Jan-01, -4.414673254088641E+00,  7.925448410273410E+00,  3.665355974757357E-02, -1.067558061019627E-02,  7.971709130478133E-04, -1.435703638017705E-03,  5.239621275539937E-02,  9.072123011054970E+00,  5.885558807248445E-03

2442960.500000000, A.D. 1976-Jul-01, -5.331140332387706E+00,  7.372493204994432E+00,  8.351862869951132E-02, -3.200164835468229E-03, -1.013906502607263E-02,  3.040147438486867E-03,  5.254823183663422E-02,  9.098444299034853E+00, -6.312700210304037E-03

2443144.500000000, A.D. 1977-Jan-01, -6.173172575486103E+00,  6.718526730681938E+00,  1.275092402305197E-01, -3.360888867144186E-03,  2.261656083614484E-03, -2.960170239501371E-03,  5.270074862481394E-02,  9.124851762300887E+00,  3.897586032688016E-03

2443325.500000000, A.D. 1977-Jul-01, -6.929173924677571E+00,  5.992737221869676E+00,  1.707274609138509E-01,  1.089088418141863E-03,  8.054790088416406E-04, -2.382649673985205E-03,  5.291947647402487E-02,  9.162723315408140E+00, -3.411914397509449E-04

2443509.500000000, A.D. 1978-Jan-01, -7.615065199860027E+00,  5.185348382714077E+00,  2.112450087866782E-01, -9.775319872935333E-03, -7.145142018181571E-03,  2.573492594612104E-03,  5.322311095704743E-02,  9.215295996438313E+00,  4.116339296542639E-03

2443690.500000000, A.D. 1978-Jul-01, -8.192615330471916E+00,  4.317735754463519E+00,  2.494725332175762E-01, -1.044980961822808E-02, -4.141703699559580E-03,  4.065629592290724E-04,  5.350512766727328E-02,  9.264125676138365E+00,  7.321782647755634E-03

2443874.500000000, A.D. 1979-Jan-01, -8.678689663898131E+00,  3.371793579728354E+00,  2.870707582774349E-01,  4.124928336635658E-03, -8.624571958583838E-03,  6.143594462299882E-04,  5.379952083830829E-02,  9.315098273599029E+00, -6.946022762705163E-03

2444055.500000000, A.D. 1979-Jul-01, -9.046203938023135E+00,  2.407189249809862E+00,  3.177836998008617E-01,  2.133060461609789E-03, -1.127413253555576E-02,  2.465024078342600E-03,  5.409578508364858E-02,  9.366394837532985E+00, -4.873991210975646E-03

2444239.500000000, A.D. 1980-Jan-01, -9.301451600479801E+00,  1.402496632855963E+00,  3.442989493116109E-01, -2.239602524007212E-03,  1.252814458881549E-03, -2.610825170504719E-03,  5.436433172258114E-02,  9.412892246686862E+00,  2.304256503747120E-03

2444421.500000000, A.D. 1980-Jul-01, -9.457453708592270E+00,  3.938461998117621E-01,  3.684781054572416E-01, -3.323635713495448E-03, -1.013232922420047E-02,  3.165891722810256E-03,  5.471044642649515E-02,  9.472820149959208E+00,  3.020126306170957E-03

2444605.500000000, A.D. 1981-Jan-01, -9.502285098602313E+00, -6.361032996000565E-01,  3.894314587676309E-01,  2.473372125891471E-03, -1.337099415631734E-03, -2.576339866370038E-03,  5.504941784617353E-02,  9.531511231906487E+00, -2.481816467700928E-03

2444786.500000000, A.D. 1981-Jul-01, -9.438477711135528E+00, -1.645458299438986E+00,  4.049561853540596E-01,  6.824883273719967E-03, -5.268579605424373E-03, -1.145738897684916E-03,  5.538369275104906E-02,  9.589389137523376E+00, -5.861818085530612E-03

2444970.500000000, A.D. 1982-Jan-01, -9.259936906725839E+00, -2.650479625285147E+00,  4.130940551797851E-01, -4.148109293208809E-03, -5.725314635524572E-03,  5.144848939798750E-04,  5.567974721842853E-02,  9.640649379529362E+00,  5.580390766262952E-03

2445151.500000000, A.D. 1982-Jul-01, -8.980899943116418E+00, -3.607844990531150E+00,  4.186193898913329E-01, -2.392313137789696E-03, -5.965866435292236E-04, -1.725778092489417E-03,  5.595054107071634E-02,  9.687535881614178E+00,  2.365418117076732E-03

2445335.500000000, A.D. 1983-Jan-01, -8.605885600628579E+00, -4.537904015568270E+00,  4.215873800685256E-01,  5.664200286271260E-03, -8.728216947885887E-03,  2.260416468417324E-03,  5.624286690022211E-02,  9.738150529985147E+00, -8.404764194340700E-04

2445516.500000000, A.D. 1983-Jul-01, -8.146971583277136E+00, -5.405943190350043E+00,  4.182354473217569E-01,  1.099837002143021E-03, -1.034147450081873E-02,  3.279119053160456E-03,  5.652113827929531E-02,  9.786331725698531E+00,  4.937143766578671E-03

2445700.500000000, A.D. 1984-Jan-01, -7.590943224103981E+00, -6.238925045629574E+00,  4.109936060057598E-01,  5.068084912518328E-03, -1.576803934309610E-05, -3.203660477313345E-03,  5.679878600294251E-02,  9.834404938822264E+00, -4.035816445344458E-03

2445882.500000000, A.D. 1984-Jul-01, -6.961979633405186E+00, -6.994810169429452E+00,  3.980493658873404E-01, -3.179854605265133E-04, -8.067764435521433E-03,  2.190005701625696E-03,  5.704474895538165E-02,  9.876992103873809E+00,  6.025925582701400E-03

2446066.500000000, A.D. 1985-Jan-01, -6.244597916522045E+00, -7.685330026298448E+00,  3.824522292153455E-01,  1.033757459889516E-02,  2.068311457235827E-05, -2.049480314023174E-03,  5.723464955556280E-02,  9.909872373536793E+00, -6.609245730888037E-03

2446247.500000000, A.D. 1985-Jul-01, -5.485540981310368E+00, -8.282285339602840E+00,  3.629922550996879E-01,  1.033330517961038E-02, -3.756887574317372E-03,  2.350237761919330E-04,  5.741317648706294E-02,  9.940783353513847E+00, -2.563464209921147E-03

2446431.500000000, A.D. 1986-Jan-01, -4.661943521426529E+00, -8.802453735765148E+00,  3.383486987358060E-01, -2.304311312832288E-03, -1.415688003158671E-04, -9.519432461409693E-04,  5.756178074277541E-02,  9.966513382783010E+00,  1.170583212477126E-03

2446612.500000000, A.D. 1986-Jul-01, -3.803570721233011E+00, -9.236780763396082E+00,  3.123982729424740E-01,  2.157037989291858E-03,  2.375326808195834E-03, -2.828716300723638E-03,  5.772134670670322E-02,  9.994141372994598E+00, -3.104669469676831E-03

2446796.500000000, A.D. 1987-Jan-01, -2.893275484130936E+00, -9.589636092015226E+00,  2.824028109410300E-01,  7.000021587698282E-03, -7.878962827340838E-03,  2.678910595520915E-03,  5.787401213182019E-02,  1.002057457194853E+01,  5.594482325195955E-03

2446977.500000000, A.D. 1987-Jul-01, -1.964319764691528E+00, -9.835561565065390E+00,  2.488055109349369E-01,  2.438369370194113E-03, -5.232839021021751E-03,  2.497912836301943E-03,  5.794509574866893E-02,  1.003288231867697E+01,  4.714464515874999E-03

2447161.500000000, A.D. 1988-Jan-01, -9.995861217616407E-01, -9.986288528561683E+00,  2.142729498427190E-01,  9.612560696081998E-03,  4.216654028549717E-03, -2.625007117029057E-03,  5.797741466696729E-02,  1.003847816591417E+01, -5.207938212831432E-03

2447343.500000000, A.D. 1988-Jul-01, -4.671681942993267E-02, -1.003598406433536E+01,  1.762067744385203E-01, -2.287163107875882E-03, -5.977665292758171E-04,  1.026869594788261E-03,  5.797257113690051E-02,  1.003763953467991E+01,  6.263390616158161E-04

2447527.500000000, A.D. 1989-Jan-01,  9.174140739849230E-01, -1.000126882786488E+01,  1.392717571061830E-01,  1.162682703003466E-02, -1.137340511426793E-03, -7.443877330112484E-04,  5.801059627502826E-02,  1.004422338325343E+01,  2.184120158635119E-03

2447708.500000000, A.D. 1989-Jul-01,  1.861336562884166E+00, -9.866573458565890E+00,  9.890696704049159E-02,  1.048730217336888E-02, -4.223350450698203E-03,  1.376373436607569E-03,  5.799253957218430E-02,  1.004109696207220E+01,  6.107552750278509E-03

2447892.500000000, A.D. 1990-Jan-01,  2.812290645115247E+00, -9.628536211943993E+00,  5.513191824214759E-02,  2.376165444883460E-03,  7.363304887148522E-03, -2.483605550699161E-03,  5.793415724407006E-02,  1.003098837531619E+01, -6.415350454410258E-03

2448073.500000000, A.D. 1990-Jul-01,  3.713126148069427E+00, -9.300823854311934E+00,  1.423352651893383E-02,  6.145643841280329E-03,  8.914405147702089E-03, -3.171959595398470E-03,  5.783968454462148E-02,  1.001463093447242E+01, -6.004905199749630E-03

2448257.500000000, A.D. 1991-Jan-01,  4.582147535280512E+00, -8.872081739536899E+00, -2.757993262919260E-02,  1.024207901143027E-03, -2.742526523256457E-03,  2.811011654848545E-03,  5.767157156848413E-02,  9.985523074971347E+00,  2.898943146755388E-03

2448438.500000000, A.D. 1991-Jul-01,  5.397892921880116E+00, -8.369913872812088E+00, -6.907884606843474E-02, -2.402423154510716E-03,  5.498143756394810E-06,  1.431693904344097E-03,  5.752296748909457E-02,  9.959793076231547E+00, -1.316587763748246E-03

2448622.500000000, A.D. 1992-Jan-01,  6.176814367148624E+00, -7.785018062290227E+00, -1.089402408882526E-01,  1.125506668102687E-02,  3.691012892161953E-03, -1.398266805486672E-03,  5.739929962544188E-02,  9.938380649405794E+00,  4.119200553061840E-03

2448804.500000000, A.D. 1992-Jul-01,  6.889138391502621E+00, -7.116520000660854E+00, -1.511171155271068E-01, -1.326203802642470E-03,  6.419467421906557E-03, -1.026311263347771E-03,  5.721201787652887E-02,  9.905953819783662E+00, -5.518456640329215E-03

2448988.500000000, A.D. 1993-Jan-01,  7.535398080612153E+00, -6.367185561863315E+00, -1.881813245878052E-01,  8.520853849464069E-03,  2.074720104925841E-03,  1.114590740705267E-03,  5.698733187519710E-02,  9.867050644616029E+00,  5.147247593300869E-03

2449169.500000000, A.D. 1993-Jul-01,  8.090128934409595E+00, -5.563998302365508E+00, -2.244130051319247E-01,  3.456784991654862E-03, -5.685313784722605E-04,  2.838527376104090E-03,  5.672330130161105E-02,  9.821335167937704E+00,  3.104683927965675E-03

2449353.500000000, A.D. 1994-Jan-01,  8.570462298229142E+00, -4.694900905331441E+00, -2.587159556898916E-01,  1.555396755355514E-03,  9.646791831378374E-03, -3.186742639857094E-03,  5.645900844211019E-02,  9.775574277861001E+00, -3.185061092014371E-03

2449534.500000000, A.D. 1994-Jul-01,  8.955272834165902E+00, -3.793889453526922E+00, -2.892457617718888E-01,  6.557718196698194E-03,  8.251502981464471E-03, -2.909429699716553E-03,  5.619617082924378E-02,  9.730065355928273E+00,  2.904647056299520E-03

2449718.500000000, A.D. 1995-Jan-01,  9.254001800862687E+00, -2.831894053398292E+00, -3.196259128238277E-01, -2.779248111467714E-03,  2.396732983473882E-03,  1.974196024659151E-03,  5.592370130967497E-02,  9.682888721047606E+00, -3.422270571641903E-03

2449899.500000000, A.D. 1995-Jul-01,  9.449180283234435E+00, -1.851937079155992E+00, -3.447728266346394E-01, -5.296032555434199E-03,  7.411083817866226E-03,  3.096827993972404E-05,  5.564781514009559E-02,  9.635120511555881E+00, -6.619398715992578E-03

2450083.500000000, A.D. 1996-Jan-01,  9.535092475791293E+00, -8.352733645393825E-01, -3.636943176954027E-01,  5.359085269693499E-03,  3.987197477477481E-03,  5.306064105595060E-04,  5.532088718171545E-02,  9.578514690291213E+00,  4.966949133757939E-03

2450265.500000000, A.D. 1996-Jul-01,  9.513923985264526E+00,  1.793815955803884E-01, -3.815780308301766E-01, -5.427325370811805E-03,  9.455343334508443E-03, -2.078741777521914E-03,  5.500177729664445E-02,  9.523262526457877E+00, -5.160610044770538E-03

2450449.500000000, A.D. 1997-Jan-01,  9.381432058668587E+00,  1.193059014698835E+00, -3.931770889877037E-01,  2.792803800486928E-03, -5.640717524171547E-04,  2.368053736770169E-03,  5.466620255211653E-02,  9.465159560581835E+00,  2.598631706743204E-03

2450630.500000000, A.D. 1997-Jul-01,  9.149868868434421E+00,  2.184567116379490E+00, -4.022307802984144E-01, -2.215037147645632E-03, -1.124857216315407E-04,  2.964647866590906E-03,  5.438018510173779E-02,  9.415637174197585E+00, -2.305261372260311E-03

2450814.500000000, A.D. 1998-Jan-01,  8.810641760791281E+00,  3.169969830286180E+00, -4.055328734948725E-01,  8.542127700627653E-04,  1.138583864054235E-02, -3.010189081463166E-03,  5.413006503107542E-02,  9.372330226438295E+00,  4.784259328488345E-03

2450995.500000000, A.D. 1998-Jul-01,  8.361103444456200E+00,  4.101390909861883E+00, -4.031135782459305E-01,  2.610629359354038E-03,  7.429926788364914E-03, -1.413348661406210E-03,  5.383698871632414E-02,  9.321585635575165E+00,  5.671837219824993E-03

2451179.500000000, A.D. 1999-Jan-01,  7.796096290881584E+00,  4.998451654503085E+00, -3.974122671105230E-01, -1.058338133290946E-02,  3.436038013353716E-03,  1.129068280912682E-03,  5.353552621403654E-02,  9.269389021351522E+00, -7.096788741459690E-03

2451360.500000000, A.D. 1999-Jul-01,  7.151439748883403E+00,  5.812163473765734E+00, -3.858949745005033E-01, -9.052975440675485E-03,  6.858143171280431E-03, -1.244012504594853E-03,  5.327058644486835E-02,  9.223516122338099E+00, -2.645531343660235E-03

2451544.500000000, A.D. 2000-Jan-01,  6.407239830700356E+00,  6.562270475341286E+00, -3.685682250354121E-01,  1.251516655396916E-03, -5.839558036583614E-04,  1.762879341897493E-03,  5.301282761928754E-02,  9.178886565164364E+00,  3.853354215555078E-04

2451726.500000000, A.D. 2000-Jul-01,  5.594323632201685E+00,  7.230921766274987E+00, -3.489454485086325E-01, -5.274704530418168E-03,  1.025860101624123E-02, -2.713901429972233E-03,  5.284029562401719E-02,  9.149013576218724E+00,  4.986082963384716E-03

2451910.500000000, A.D. 2001-Jan-01,  4.685882854813793E+00,  7.814250703222761E+00, -3.222649614920108E-01, -6.334550551680604E-03, -2.461206254440843E-03,  3.267083673022437E-03,  5.265672393369226E-02,  9.117229123328027E+00, -5.480646635701750E-03

2452091.500000000, A.D. 2001-Jul-01,  3.733998657647032E+00,  8.281925721404432E+00, -2.928471024528188E-01, -1.113108252075899E-02, -2.051375043697266E-03,  2.684898739999731E-03,  5.249650677650686E-02,  9.089488382499049E+00, -6.528315483625657E-03

2452275.500000000, A.D. 2002-Jan-01,  2.719504461051836E+00,  8.636940538761403E+00, -2.574106870702956E-01,  2.624204847124157E-04,  3.558086447846390E-03, -1.899132628371364E-03,  5.231826104271422E-02,  9.058626090395769E+00,  3.525202550222532E-03

2452456.500000000, A.D. 2002-Jul-01,  1.686996009920494E+00,  8.878001940182948E+00, -2.207101889884463E-01,  1.701091706929836E-03, -6.926174971473426E-04,  2.140385172852484E-04,  5.220812595358827E-02,  9.039556790844514E+00, -3.680009009235220E-04

2452640.500000000, A.D. 2003-Jan-01,  6.206953333064859E-01,  9.012124904238426E+00, -1.827972930105141E-01, -1.148868064491524E-02,  3.844337014751781E-03, -5.096774062325770E-04,  5.218367717175481E-02,  9.035323615494626E+00,  3.055545513788360E-03

2452821.500000000, A.D. 2003-Jul-01, -4.424041245789314E-01,  9.021377074373927E+00, -1.400694464186273E-01, -9.049877499500942E-03,  6.125879939642489E-03, -2.283528904222177E-03,  5.217201413083726E-02,  9.033304222559092E+00,  6.596415568652869E-03

2453005.500000000, A.D. 2004-Jan-01, -1.527652851652996E+00,  8.907356668183967E+00, -9.354265822306589E-02, -5.395367808339016E-03, -7.171699817006070E-03,  3.215336311066927E-03,  5.219850596293543E-02,  9.037891141096598E+00, -6.189431738157438E-03

2453187.500000000, A.D. 2004-Jul-01, -2.569753380610003E+00,  8.669750892462426E+00, -4.802543561938188E-02, -3.467719740763946E-03,  2.616666176125673E-03, -2.794864128086481E-03,  5.222631031353823E-02,  9.042705315168465E+00,  3.509044241063513E-03

2453371.500000000, A.D. 2005-Jan-01, -3.588725121658925E+00,  8.313853526010611E+00, -2.475801781105414E-03, -7.710659950533790E-03, -7.130725835045221E-03,  2.909978675521834E-03,  5.229926050276402E-02,  9.055336248885483E+00, -3.491816838047865E-03

2453552.500000000, A.D. 2005-Jul-01, -4.539898653868256E+00,  7.859536197088286E+00,  4.261104107357692E-02, -1.062353596943260E-02, -3.261182239165197E-03,  1.393811924080842E-03,  5.242211332563975E-02,  9.076607555775293E+00,  2.496283818689157E-03

2453736.500000000, A.D. 2006-Jan-01, -5.450242294639494E+00,  7.294510488191932E+00,  9.063144921861944E-02,  9.711601867114404E-04, -2.413724229012350E-03, -2.200263876853804E-04,  5.259313917769189E-02,  9.106219764106658E+00, -2.516954008659269E-03

2453917.500000000, A.D. 2006-Jul-01, -6.280578302959726E+00,  6.643253815160514E+00,  1.352047884299323E-01, -5.001865876239904E-04, -7.795501931176287E-03,  2.036917122178646E-03,  5.280629572189401E-02,  9.143126675654646E+00, -5.290382347644606E-03

2454101.500000000, A.D. 2007-Jan-01, -7.039579918712183E+00,  5.890734646345891E+00,  1.773717538459703E-01, -7.903540088268497E-03, -7.741284394369433E-04, -1.990862249677792E-03,  5.302413417017802E-02,  9.180844233765109E+00,  5.525014132987351E-03

2454282.500000000, A.D. 2007-Jul-01, -7.693557804134450E+00,  5.073965387115253E+00,  2.179471403517557E-01, -1.912189599667323E-03,  2.796533677060061E-04, -3.080036041936781E-03,  5.324246626839792E-02,  9.218647264712391E+00,  1.676949690578881E-03

2454466.500000000, A.D. 2008-Jan-01, -8.260120582268044E+00,  4.185610233227664E+00,  2.552266715992470E-01, -3.938097026943368E-03, -9.548082961194007E-03,  3.296327977856304E-03,  5.350202326847268E-02,  9.263588166148359E+00, -7.118285599812881E-04

2454648.500000000, A.D. 2008-Jul-01, -8.716891717651745E+00,  3.256782777114961E+00,  2.905682278914359E-01,  2.336118424934976E-03, -6.590351057129586E-04, -2.192546073849873E-03,  5.376981671886488E-02,  9.309955164749086E+00, -2.486275105433567E-03

2454832.500000000, A.D. 2009-Jan-01, -9.083497637418395E+00,  2.280918394655178E+00,  3.214329508147282E-01, -8.436169545121304E-03, -8.332254371189850E-03,  2.285324177919254E-03,  5.412244274281265E-02,  9.371010468136902E+00,  6.227643492693375E-03

2455013.500000000, A.D. 2009-Jul-01, -9.329621319378596E+00,  1.285985209953635E+00,  3.485269850881170E-01, -7.800865363735219E-03, -4.809038149059279E-03, -2.814975054186648E-05,  5.443010480057334E-02,  9.424280502115677E+00,  7.065256271890251E-03

2455197.500000000, A.D. 2010-Jan-01, -9.466912591224066E+00,  2.528487067804489E-01,  3.731628571678037E-01,  6.452605049169877E-03, -8.872660074164828E-03,  7.823321123405823E-04,  5.473827046516735E-02,  9.477637732914619E+00, -6.651209204422346E-03

2455378.500000000, A.D. 2010-Jul-01, -9.491922493376171E+00, -7.561556255748301E-01,  3.909801455101510E-01,  3.421217803506970E-03, -1.067475005331108E-02,  2.565709292304603E-03,  5.504078951998485E-02,  9.530017283537953E+00, -2.455296756639428E-03

2455562.500000000, A.D. 2011-Jan-01, -9.405487840971976E+00, -1.767358106849281E+00,  4.047270647704421E-01, -7.221825021716586E-04,  1.370783187153288E-03, -2.708603394634663E-03,  5.532167601516080E-02,  9.578651272568349E+00,  3.417567640683823E-04

2455743.500000000, A.D. 2011-Jul-01, -9.225428155043444E+00, -2.748145949306342E+00,  4.156320341455584E-01,  3.950084514770703E-03, -3.478801249529315E-04, -2.513631414529218E-03,  5.564722575919239E-02,  9.635018463415891E+00, -3.791372213530271E-03

2455927.500000000, A.D. 2012-Jan-01, -8.946007840622038E+00, -3.716680153152588E+00,  4.206113468263104E-01, -3.254354450134064E-03, -1.008694303234752E-02,  2.444892402669813E-03,  5.600218523200395E-02,  9.696477790950091E+00,  6.974880193179400E-03

2456109.500000000, A.D. 2012-Jul-01, -8.561670111837353E+00, -4.641759098544255E+00,  4.225956969132886E-01,  9.559044496051850E-03, -4.910089358024968E-03, -1.151069332043183E-03,  5.630070236379506E-02,  9.748164430081031E+00, -6.107444225104045E-03

2456293.500000000, A.D. 2013-Jan-01, -8.077741312260509E+00, -5.516331333847870E+00,  4.161783732652064E-01, -2.860437287375095E-03, -3.475635370314186E-03,  3.583418318964918E-04,  5.654495569517540E-02,  9.790455583422338E+00,  4.333584122292177E-03

2456474.500000000, A.D. 2013-Jul-01, -7.520923690367161E+00, -6.319975274670788E+00,  4.082239229525469E-01, -1.402545995482162E-03,  1.116332065589767E-03, -1.792734162890268E-03,  5.678630702498599E-02,  9.832244270767832E+00,  2.808528045652519E-04

2456658.500000000, A.D. 2014-Jan-01, -6.886868705433961E+00, -7.071725566688042E+00,  3.979533096710892E-01,  6.200058344857056E-03, -8.904560321306172E-03,  2.256704374617957E-03,  5.705692697242316E-02,  9.879100662161163E+00,  2.142875429253227E-03

2456839.500000000, A.D. 2014-Jul-01, -6.189389446616550E+00, -7.742635420319252E+00,  3.814133974595647E-01,  2.202228506369565E-03, -1.005742412691619E-02,  3.016157468536277E-03,  5.729198357505133E-02,  9.919799451280870E+00,  6.591960008302065E-03

2457023.500000000, A.D. 2015-Jan-01, -5.409416787800733E+00, -8.353416845455358E+00,  3.608841633083323E-01,  7.576527829409574E-03,  1.543541164659365E-03, -3.192816491620033E-03,  5.751546395727119E-02,  9.958493879970229E+00, -5.526003949154084E-03

2457204.500000000, A.D. 2015-Jul-01, -4.589793377135289E+00, -8.866297766788318E+00,  3.373210046715581E-01,  1.169344280206063E-02, -1.920532009418200E-04, -1.965906782513219E-03,  5.769486256285594E-02,  9.989555785636471E+00, -5.268585334779016E-03

2457388.500000000, A.D. 2016-Jan-01, -3.710245517896281E+00, -9.288805249819303E+00,  3.079721443091806E-01, -1.582162709295153E-03, -2.133459184880882E-03,  1.006084944479568E-03,  5.779636875566931E-02,  1.000713103810530E+01,  2.597881952005745E-03

2457570.500000000, A.D. 2016-Jul-01, -2.809224402005383E+00, -9.623376472246267E+00,  2.799975360005903E-01,  1.018328350015267E-02, -3.229208228353781E-03,  5.926714904692879E-04,  5.792229156032144E-02,  1.002893389586211E+01,  2.627103311182885E-04

2457754.500000000, A.D. 2017-Jan-01, -1.871739422173976E+00, -9.866423389128110E+00,  2.456424399079499E-01, -9.045982932252511E-04,  1.001542620736919E-03, -1.396695971384436E-03,  5.801739127349767E-02,  1.004539990076743E+01, -8.493000918116861E-04

2457935.500000000, A.D. 2017-Jul-01, -9.259536184928423E-01, -1.001574037786425E+01,  2.108966198536639E-01,  3.934560455217212E-03,  4.016707191331395E-03, -3.190762022012311E-03,  5.810553864737048E-02,  1.006066214543784E+01, -4.427783894757151E-03

2458119.500000000, A.D. 2018-Jan-01,  4.602142510674387E-02, -1.006743158050305E+01,  1.729338748366802E-01,  6.815813248457486E-03, -5.276062664802493E-03,  2.779575406256160E-03,  5.815382076444042E-02,  1.006902193486265E+01,  5.354120432496722E-03

2458300.500000000, A.D. 2018-Jul-01,  1.002642908679241E+00, -1.001481641760447E+01,  1.332288922597940E-01,  1.484603340120171E-03, -2.640731842296406E-03,  2.547477147270054E-03,  5.813500040361460E-02,  1.006576329040066E+01,  2.808964244693304E-03

2458484.500000000, A.D. 2019-Jan-01,  1.962288424637886E+00, -9.864124006350016E+00,  9.407303380580030E-02,  9.149727343620403E-03,  4.841719261439522E-03, -2.477542193513340E-03,  5.808930319045925E-02,  1.005785106321464E+01, -2.986521162972846E-03

2458665.500000000, A.D. 2019-Jul-01,  2.882570465089989E+00, -9.624644916336104E+00,  5.383413597827841E-02,  1.054203181900251E-02,  2.529929751083642E-04, -4.761678491334382E-04,  5.802769365717894E-02,  1.004718370320559E+01,  2.779639424538535E-03

2458849.500000000, A.D. 2020-Jan-01,  3.793740442456549E+00, -9.288676704857892E+00,  9.867826759677288E-03, -8.574325145751064E-04,  2.987208574054559E-03, -6.225501680725091E-04,  5.794893849741543E-02,  1.003354766999714E+01, -3.090256341883681E-03

2459031.500000000, A.D. 2020-Jul-01,  4.660903486520259E+00, -8.867475981177058E+00, -3.096278444494627E-02,  1.005436222905892E-02, -1.995480509877610E-03,  1.532757500695381E-03,  5.785821625987247E-02,  1.001783960150238E+01,  6.439495099385503E-03

2459215.500000000, A.D. 2021-Jan-01,  5.496690148871078E+00, -8.341286073163488E+00, -7.459223026950967E-02,  1.147351089387694E-03,  9.408616942023634E-03, -2.570391060224492E-03,  5.769630653295495E-02,  9.989805801308858E+00, -7.205505518898076E-03

2459396.500000000, A.D. 2021-Jul-01,  6.255645922481394E+00, -7.745579331399398E+00, -1.142117207436545E-01,  4.800999191274266E-03,  9.855313584718967E-03, -3.123606160499366E-03,  5.750634310193678E-02,  9.956914652823677E+00, -4.614382201617242E-03

2459580.500000000, A.D. 2022-Jan-01,  6.954904466307987E+00, -7.062674648433866E+00, -1.539047186482176E-01,  5.289405958912520E-05, -2.052354015550091E-03,  2.816456675458841E-03,  5.725509812378764E-02,  9.913412933370797E+00,  1.455554805522145E-03

2459761.500000000, A.D. 2022-Jul-01,  7.582575005226539E+00, -6.323447531167123E+00, -1.922861610534369E-01, -2.757031048907571E-03,  1.336738920257446E-03,  1.271908010121282E-03,  5.703405687301846E-02,  9.875140827200516E+00, -2.997705447616221E-03

2459945.500000000, A.D. 2023-Jan-01,  8.148081427610634E+00, -5.511476203262915E+00, -2.277971306322437E-01,  1.040139822897380E-02,  5.349225133254360E-03, -1.333771608614805E-03,  5.682930795348542E-02,  9.839689650737519E+00,  5.647855168282877E-03

2460126.500000000, A.D. 2023-Jul-01,  8.616234367467632E+00, -4.646521413989937E+00, -2.617469583759101E-01,  8.404508949741372E-03,  2.289399732535613E-03,  1.062228888828257E-03,  5.655827049185396E-02,  9.792760969002380E+00,  6.280091895019129E-03

2460310.500000000, A.D. 2024-Jan-01,  9.000323328353396E+00, -3.711342084639312E+00, -2.944052607428611E-01, -3.596687521660665E-03,  1.026376583030460E-02, -1.815587991408033E-03,  5.625323858513764E-02,  9.739946331560061E+00, -7.179626626513424E-03

2460492.500000000, A.D. 2024-Jul-01,  9.274228862017852E+00, -2.756591718565303E+00, -3.205491081169044E-01,  1.444214278537572E-03, -9.145702421006536E-04,  2.794719357768053E-03,  5.591014097934055E-02,  9.680540822632912E+00,  1.551486221481357E-03

2460676.500000000, A.D. 2025-Jan-01,  9.458796175167723E+00, -1.766601712383728E+00, -3.455630762360397E-01,  1.269804702489068E-03,  1.027639375319561E-02, -3.161626225932191E-03,  5.560991064718587E-02,  9.628557552054325E+00, -5.245780197670317E-04

2460857.500000000, A.D. 2025-Jul-01,  9.537437127228243E+00, -7.715367945046692E-01, -3.657466062516439E-01,  5.800103684885134E-03,  9.187945781745501E-03, -2.672431959224679E-03,  5.530394211395783E-02,  9.575580742758680E+00,  5.138771238099845E-03

2461041.500000000, A.D. 2026-Jan-01,  9.510609559945539E+00,  2.577266279494512E-01, -3.841915543941736E-01, -5.518435727531233E-03,  3.570090323093025E-03,  1.910955109200230E-03,  5.499364741211032E-02,  9.521854880586529E+00, -5.492391316125320E-03

2461222.500000000, A.D. 2026-Jul-01,  9.374406533084180E+00,  1.265364646295350E+00, -3.962995494212480E-01, -8.041952381190324E-03,  7.711798925793829E-03, -8.813616833482209E-05,  5.468098336203634E-02,  9.467718778486029E+00, -6.928317837893676E-03

2461406.500000000, A.D. 2027-Jan-01,  9.117823831879070E+00,  2.269132701613281E+00, -4.012289692540772E-01,  3.431759286293225E-03,  2.553101095925925E-03,  8.327836285791662E-04,  5.431587414872031E-02,  9.404502077860444E+00,  3.907635361443933E-03

2461587.500000000, A.D. 2027-Jul-01,  8.762411439864712E+00,  3.229127072990007E+00, -4.041681384075534E-01,  2.473243536757489E-04, -1.213140768777460E-03,  2.657761928595897E-03,  5.398502379070547E-02,  9.347217114151828E+00, -3.021659399070285E-04

2461771.500000000, A.D. 2028-Jan-01,  8.305373268115602E+00,  4.163003666301320E+00, -4.035196939014895E-01, -3.220148399006690E-03,  1.034382623418191E-02, -3.064418335947892E-03,  5.370693370045272E-02,  9.299067307624664E+00,  1.887652242125696E-03

2461953.500000000, A.D. 2028-Jul-01,  7.745748567904371E+00,  5.041939842762305E+00, -3.967790424681653E-01, -4.751452457714539E-03,  1.740472994843579E-04,  3.110971576088567E-03,  5.342751293744328E-02,  9.250687102251840E+00, -4.017040893110858E-03

2462137.500000000, A.D. 2029-Jan-01,  7.085399693732402E+00,  5.870224795127175E+00, -3.839872733070227E-01, -1.315229906850846E-03,  9.859423476094059E-03, -2.717929904302935E-03,  5.318806319931812E-02,  9.209227665300217E+00,  5.386092609668754E-03

2462318.500000000, A.D. 2029-Jul-01,  6.339461680462556E+00,  6.607239815220203E+00, -3.663186850587874E-01,  8.364465184547673E-04,  4.972574647587287E-03, -1.103085361514891E-03,  5.292675096366981E-02,  9.163982854245607E+00,  4.207962328133994E-03

2462502.500000000, A.D. 2030-Jan-01,  5.499517373955949E+00,  7.269252767444559E+00, -3.459351005085157E-01, -1.117719374359505E-02,  2.138289781997069E-03,  7.984717277600353E-04,  5.268285813855229E-02,  9.121754120628749E+00, -5.064993098476914E-03

2462683.500000000, A.D. 2030-Jul-01,  4.610571845046778E+00,  7.824946762727456E+00, -3.203491927179906E-01, -9.184302779843858E-03,  6.088627289055634E-03, -1.516527023849232E-03,  5.248728912145990E-02,  9.087892395001827E+00,  6.364638288216592E-04

2462867.500000000, A.D. 2031-Jan-01,  3.646675521516414E+00,  8.288887047885765E+00, -2.892683189162811E-01, -6.618337040029966E-04, -1.594081606139142E-03,  2.200122895375682E-03,  5.232746050195045E-02,  9.060218927386030E+00, -1.794998678045030E-03

2463048.500000000, A.D. 2031-Jul-01,  2.647649721522178E+00,  8.643163897617496E+00, -2.561520611836517E-01, -6.449880618443296E-03, -3.006423414859197E-03,  3.311218829687240E-03,  5.222932028465669E-02,  9.043226475512132E+00, -4.855591153300561E-03

2463232.500000000, A.D. 2032-Jan-01,  1.594666733362217E+00,  8.885599333444675E+00, -2.175150595789269E-01, -4.982490845786240E-03,  6.248493084179247E-03, -2.733843767416500E-03,  5.215396995788579E-02,  9.030179970861498E+00,  5.334428098680869E-03

2463414.500000000, A.D. 2032-Jul-01,  5.263457054202475E-01,  9.002667148183793E+00, -1.777230081438374E-01, -1.126950434590971E-02, -4.257661211095619E-03,  2.599980844744938E-03,  5.209397190532168E-02,  9.019791630089120E+00, -4.958433651123476E-03

2463598.500000000, A.D. 2033-Jan-01, -5.491936781021851E-01,  8.991367252130642E+00, -1.337573396504468E-01,  9.680086925444294E-04,  1.735561912975327E-03, -1.849697994842306E-03,  5.203232059671040E-02,  9.009117036905732E+00,  1.700595176448853E-03

2463779.500000000, A.D. 2033-Jul-01, -1.602840790780981E+00,  8.869465391799935E+00, -8.982573678268913E-02,  1.505007833505938E-03, -2.310594723321106E-03,  4.213216808288772E-04,  5.205808344513983E-02,  9.013577735833687E+00, -2.545479063008399E-03

2463963.500000000, A.D. 2034-Jan-01, -2.651390611063445E+00,  8.634882625023431E+00, -4.555985876854648E-02, -1.195903256826339E-02,  2.310394701519428E-03, -5.078654039087227E-04,  5.216963586943858E-02,  9.032892439362817E+00,  5.721444416281894E-03

2464144.500000000, A.D. 2034-Jul-01, -3.653275148095628E+00,  8.281733853650991E+00,  1.305166851589207E-03, -8.624309250310517E-03,  3.651557678505168E-03, -2.230489932396742E-03,  5.227834342266849E-02,  9.051714568735722E+00,  6.821391888563238E-03

2464328.500000000, A.D. 2035-Jan-01, -4.630528623165803E+00,  7.806563395697617E+00,  4.937241367781107E-02, -4.576091123217735E-03, -9.814450566221610E-03,  3.101561427765977E-03,  5.242270518252584E-02,  9.076710032618431E+00, -6.089682036594760E-03

2464509.500000000, A.D. 2035-Jul-01, -5.521527317500468E+00,  7.238285491598117E+00,  9.386030973154069E-02, -8.018945982922517E-03, -8.931418589742997E-03,  2.781997266044728E-03,  5.258223298895432E-02,  9.104331416063818E+00, -2.208861722093412E-03

2464693.500000000, A.D. 2036-Jan-01, -6.346579337681782E+00,  6.563700760810638E+00,  1.388993481975577E-01,  1.518915583596604E-03,  4.711751816614125E-04, -2.151333673134934E-03,  5.273795584924911E-02,  9.131293993508542E+00, -7.497386690223494E-04

2464875.500000000, A.D. 2036-Jul-01, -7.089536476012031E+00,  5.822454349325330E+00,  1.799091747932726E-01, -1.038597585387385E-02, -3.871689233570510E-03,  1.122459416522765E-03,  5.299486381612338E-02,  9.175776229064075E+00,  5.589822626960183E-03

2465059.500000000, A.D. 2037-Jan-01, -7.754582913601932E+00,  4.991216366243141E+00,  2.232098118785613E-01,  2.066340448697466E-03, -5.281796755372696E-03,  1.001110177200534E-04,  5.327758971254334E-02,  9.224728700547201E+00, -4.592422645643204E-03

2465240.500000000, A.D. 2037-Jul-01, -8.312201506948977E+00,  4.109001507406179E+00,  2.606874815089084E-01,  1.004805009858425E-03, -1.025956652952200E-02,  2.227876444719168E-03,  5.357382299322162E-02,  9.276019903116127E+00, -5.382474064767329E-03

2465424.500000000, A.D. 2038-Jan-01, -8.766845811842883E+00,  3.157314915806642E+00,  2.937061036974731E-01, -4.756567536398075E-03, -9.515213668953901E-04, -2.353083934823102E-03,  5.384334760426384E-02,  9.322686642891702E+00,  4.076585207936739E-03

2465605.500000000, A.D. 2038-Jul-01, -9.108005271142199E+00,  2.184889291543505E+00,  3.244667272063376E-01,  8.707402179790397E-04,  3.128210760310895E-04, -3.140635934483481E-03,  5.412827978696543E-02,  9.372021121002637E+00, -8.820145443807204E-04

2465789.500000000, A.D. 2039-Jan-01, -9.348336189177569E+00,  1.178652089546505E+00,  3.510827495401059E-01, -3.786931973937348E-03, -9.603531496219299E-03,  3.226652487074986E-03,  5.445669724612247E-02,  9.428884841332192E+00,  2.674241249538658E-03

2465970.500000000, A.D. 2039-Jul-01, -9.476442129233215E+00,  1.725146459317201E-01,  3.734656960365682E-01, -7.373548921135248E-03, -6.910824948967229E-03,  1.938868441884158E-03,  5.478291288656350E-02,  9.485367328568946E+00,  7.317259265454720E-03

2466154.500000000, A.D. 2040-Jan-01, -9.500148285110093E+00, -8.609121132119243E-01,  3.944032827721163E-01,  5.968118055728499E-03, -5.695862388477853E-03, -9.421894544122005E-04,  5.514018384682847E-02,  9.547226877749196E+00, -5.463992096220794E-03

2466336.500000000, A.D. 2040-Jul-01, -9.409922557672344E+00, -1.870108938836540E+00,  4.064857857072375E-01, -4.736613392787290E-03, -4.070735201690291E-03, -7.093545916249854E-04,  5.545976796229807E-02,  9.602561152030701E+00,  5.404343707884985E-03

2466520.500000000, A.D. 2041-Jan-01, -9.207707392762140E+00, -2.872710188290557E+00,  4.167674803791306E-01,  7.802807596743551E-03, -8.248033562168794E-03,  1.247997341651295E-03,  5.575934215991260E-02,  9.654430816435349E+00, -4.933655369588980E-03

2466701.500000000, A.D. 2041-Jul-01, -8.910757359278341E+00, -3.818747230063537E+00,  4.207808646056574E-01,  3.602983164826049E-03, -9.753299629039425E-03,  2.897504039636422E-03,  5.604380496946369E-02,  9.703684025104554E+00,  6.553481574202865E-04

2466885.500000000, A.D. 2042-Jan-01, -8.512206885359031E+00, -4.736793509564540E+00,  4.210920329807475E-01,  1.235234955612739E-03,  1.189244999471886E-03, -2.966351949537138E-03,  5.631417581217407E-02,  9.750497285351466E+00, -1.784205477200268E-03

2467066.500000000, A.D. 2042-Jul-01, -8.034749632344059E+00, -5.597373235929504E+00,  4.179130551714892E-01,  6.383545661744621E-03, -1.167049377331917E-03, -2.547124433727565E-03,  5.660669167592389E-02,  9.801144837131819E+00, -4.675194329285984E-03

2467250.500000000, A.D. 2043-Jan-01, -7.463973564891850E+00, -6.414730019002791E+00,  4.078867506401017E-01, -1.379126668432481E-03, -8.309559342606198E-03,  2.081626414186095E-03,  5.688989168773639E-02,  9.850179399150436E+00,  6.542663841757630E-03

2467431.500000000, A.D. 2043-Jul-01, -6.817297849647309E+00, -7.151009601197726E+00,  3.943355186750774E-01, -1.584749597801074E-03, -2.913900692643598E-03, -1.122030191109958E-04,  5.710699491062892E-02,  9.887769656930557E+00,  3.195543314205831E-03

2467615.500000000, A.D. 2044-Jan-01, -6.089778490105167E+00, -7.823278483490007E+00,  3.785321649563502E-01,  1.043977145105178E-02, -4.619737656814935E-03,  3.900576788178196E-04,  5.730070276255070E-02,  9.921309131797669E+00, -2.750317692372458E-03

2467797.500000000, A.D. 2044-Jul-01, -5.312341703236711E+00, -8.402362316218602E+00,  3.565079553399658E-01, -3.551179723459764E-04,  2.599626111499950E-03, -2.031219944004873E-03,  5.745051956208121E-02,  9.947249106520809E+00, -2.079030926951317E-03

2467981.500000000, A.D. 2045-Jan-01, -4.483248993083871E+00, -8.911955435258260E+00,  3.338803578509711E-01,  6.715964615021172E-03, -8.837607310171915E-03,  2.355494409897756E-03,  5.764937919907057E-02,  9.981680585321065E+00,  4.952820699740574E-03

2468162.500000000, A.D. 2045-Jul-01, -3.615179630098090E+00, -9.325393299320357E+00,  3.057462612047300E-01,  2.953768059737397E-03, -8.635000733622512E-03,  2.714176297098062E-03,  5.779154744427903E-02,  1.000629625391562E+01,  7.063175356894340E-03

2468346.500000000, A.D. 2046-Jan-01, -2.687369267195060E+00, -9.656096597381547E+00,  2.745262603809394E-01,  9.526648646940531E-03,  3.581064635545399E-03, -3.082768538427967E-03,  5.791019804156468E-02,  1.002683996799923E+01, -6.086367185343518E-03

2468527.500000000, A.D. 2046-Jul-01, -1.755446218251825E+00, -9.880983859110676E+00,  2.415884292192834E-01,  1.213754712555353E-02,  1.345800717181223E-03, -1.439389586944072E-03,  5.797820705471889E-02,  1.003861536360035E+01, -3.481793550984529E-03

2468711.500000000, A.D. 2047-Jan-01, -7.950580249451372E-01, -1.000382512327422E+01,  2.041423269230115E-01, -2.202866070787717E-03, -1.048209775280564E-06,  5.631095075299599E-04,  5.797144941703465E-02,  1.003744531490577E+01,  1.869845245518837E-04

2468892.500000000, A.D. 2047-Jul-01,  1.566562120685678E-01, -1.003770114875839E+01,  1.673110910755870E-01, -8.787449675379320E-04,  3.675946995583266E-03, -1.733818853109081E-03,  5.798803864357382E-02,  1.004031765044124E+01, -3.717592078446904E-03

2469076.500000000, A.D. 2048-Jan-01,  1.118275245237486E+00, -9.982030429235193E+00,  1.294345338629793E-01,  9.572837726076892E-03, -5.174260502939029E-03,  1.840987152151075E-03,  5.801686380429456E-02,  1.004530857230601E+01,  6.231065985501326E-03

2469258.500000000, A.D. 2048-Jul-01,  2.071271734109328E+00, -9.824783922257895E+00,  8.747088009185858E-02,  5.608063986535977E-03,  6.604275257743340E-03, -3.406335231686787E-03,  5.799270311765735E-02,  1.004112527909305E+01, -5.334831167199209E-03

2469442.500000000, A.D. 2049-Jan-01,  3.009187183863427E+00, -9.563559991536872E+00,  4.543807732268507E-02,  4.640439779897158E-03, -2.971535801699093E-03,  2.855824718653285E-03,  5.790485018360524E-02,  1.002591401509725E+01,  4.240229463376191E-03

2469623.500000000, A.D. 2049-Jul-01,  3.901069280473572E+00, -9.212697217096181E+00,  3.418055761629394E-03, -7.523837771273088E-04, -3.942363528250125E-04,  2.243162279637413E-03,  5.778178593278958E-02,  1.000460610059444E+01,  7.042217925835627E-05

2469807.500000000, A.D. 2050-Jan-01,  4.764758668248017E+00, -8.771343125881398E+00, -3.675801508953030E-02,  9.357784631286541E-03,  4.601684442829359E-03, -1.995283874585177E-03,  5.765134333369033E-02,  9.982020664688326E+00,  4.305716298913366E-04

2469988.500000000, A.D. 2050-Jul-01,  5.568253037928981E+00, -8.253054549316770E+00, -7.761799029702700E-02,  1.039517300280405E-02,  2.057160674535535E-04,  9.188991686688724E-05,  5.750176818449813E-02,  9.956122530424247E+00,  5.642561674381711E-03

2470172.500000000, A.D. 2051-Jan-01,  6.337822269642386E+00, -7.642434727563969E+00, -1.210823707225261E-01, -7.234597576042913E-04,  6.156917802136837E-03, -1.350091743172617E-03,  5.734640690671192E-02,  9.929222559050153E+00, -5.184245712456861E-03

2470353.500000000, A.D. 2051-Jul-01,  7.031453216853552E+00, -6.963615208345742E+00, -1.603033855924635E-01,  2.374945926305025E-03,  1.017369817109768E-02, -3.048033281855477E-03,  5.716274395726684E-02,  9.897422305132618E+00, -5.421390178905323E-03

2470537.500000000, A.D. 2052-Jan-01,  7.657252154477829E+00, -6.196235222651794E+00, -1.978233152589155E-01,  3.418591347026261E-03, -4.965577344461596E-04,  2.934777398487090E-03,  5.690160001880858E-02,  9.852206633833159E+00,  2.910336552277542E-03

2470719.500000000, A.D. 2052-Jul-01,  8.199808469922356E+00, -5.377869910130626E+00, -2.330107051554390E-01,  4.408823418748883E-03,  9.590879720222463E-03, -3.099802560682740E-03,  5.665092783904591E-02,  9.808804091346499E+00, -1.499133689506830E-03

2470903.500000000, A.D. 2053-Jan-01,  8.655380157204466E+00, -4.498275679605571E+00, -2.671471496017358E-01, -1.498887003366282E-03, -6.296283505848772E-04,  2.604261124198546E-03,  5.635836412421161E-02,  9.758148254407704E+00, -1.110550442954721E-03

2471084.500000000, A.D. 2053-Jul-01,  9.023241549178788E+00, -3.584966704758139E+00, -2.983334079153034E-01, -3.745021796440142E-03,  3.881770371418093E-03,  7.874632297356586E-04,  5.610281463705078E-02,  9.713901232323149E+00, -4.935522737525143E-03

2471268.500000000, A.D. 2054-Jan-01,  9.303085700376437E+00, -2.617319584446211E+00, -3.249574102010911E-01,  8.383366289825103E-03,  5.749842795982545E-03, -6.762251576067003E-04,  5.584760862484051E-02,  9.669713681082747E+00,  6.531914527518253E-03

2471449.500000000, A.D. 2054-Jul-01,  9.470755087443345E+00, -1.630379197519797E+00, -3.488225158202560E-01,  4.928245299625412E-03,  2.196288929568325E-03,  1.680187481976870E-03,  5.553965437545894E-02,  9.616393055693102E+00,  4.420299065397167E-03

2471633.500000000, A.D. 2055-Jan-01,  9.533619483412380E+00, -6.074126629181227E-01, -3.695910062277176E-01, -4.539240967916624E-03,  1.041629329580499E-02, -2.167723202880206E-03,  5.521451349833333E-02,  9.560096657955810E+00, -5.104677842329887E-03

2471814.500000000, A.D. 2055-Jul-01,  9.488502403027001E+00,  3.970785853628975E-01, -3.843922659894323E-01,  1.897079341922327E-04,  1.027241921207934E-02, -3.005962592257962E-03,  5.489389598197637E-02,  9.504583455857256E+00,  7.401135129626197E-04

2471998.500000000, A.D. 2056-Jan-01,  9.333530251713640E+00,  1.412209793612521E+00, -3.966221363861162E-01, -2.709222810037915E-03, -3.642945853639716E-04,  2.712853854479118E-03,  5.456762552927418E-02,  9.448091478171678E+00, -2.844706932706412E-03

2472180.500000000, A.D. 2056-Jul-01,  9.080912498669813E+00,  2.403020614318115E+00, -4.030741140223622E-01,  4.677130974761531E-03,  9.063741669451291E-03, -2.150990629966023E-03,  5.430214348202432E-02,  9.402124686618995E+00,  6.926092347647259E-03

2472364.500000000, A.D. 2057-Jan-01,  8.708462660251552E+00,  3.387702773968764E+00, -4.066139269716592E-01, -8.947540128578041E-03,  4.187119852514482E-03,  1.669109372704736E-03,  5.401860137391389E-02,  9.353030892462534E+00, -6.886888905714148E-03

2472545.500000000, A.D. 2057-Jul-01,  8.236351168137476E+00,  4.308800288643987E+00, -4.034310167417680E-01, -1.008780393367778E-02,  7.494996706644642E-03, -5.360444664044184E-04,  5.373591328552525E-02,  9.304084967237099E+00, -5.435891326670802E-03

2472729.500000000, A.D. 2058-Jan-01,  7.648710035813922E+00,  5.183217352453052E+00, -3.931697844953315E-01,  1.824844844502247E-03,  1.278636504739027E-04,  1.312000420483744E-03,  5.341123967570657E-02,  9.247869474326027E+00,  1.525174558789986E-03

2472910.500000000, A.D. 2058-Jul-01,  6.982842586623956E+00,  5.983275552517822E+00, -3.812260650677860E-01, -1.746542484002025E-03, -2.384862157989056E-03,  2.854671360353008E-03,  5.315517059275400E-02,  9.203532487018974E+00, -2.993784598608156E-03

2473094.500000000, A.D. 2059-Jan-01,  6.227070478416031E+00,  6.721922633852818E+00, -3.649224411994482E-01, -3.663757256932945E-03,  1.027845801786974E-02, -3.001771012722518E-03,  5.296305214582706E-02,  9.170268209095861E+00,  5.165818214083620E-03

2473275.500000000, A.D. 2059-Jul-01,  5.395574306227408E+00,  7.365626176007948E+00, -3.422941719976219E-01, -2.944901846177259E-04,  8.578810419408407E-03, -2.449568180391351E-03,  5.276998412166886E-02,  9.136839516971849E+00,  6.833636478644945E-03

2473459.500000000, A.D. 2060-Jan-01,  4.471656977310113E+00,  7.929122866352559E+00, -3.157828829607954E-01, -1.154972216414256E-02, -3.859206165040305E-04,  2.470958347336974E-03,  5.260683251115168E-02,  9.108590691298643E+00, -6.091688156522872E-03

2473641.500000000, A.D. 2060-Jul-01,  3.502437948911099E+00,  8.369339783532286E+00, -2.830190098408275E-01,  4.098587661843294E-04,  1.329768638995026E-03, -4.026922313897768E-04,  5.242472690738013E-02,  9.077060083425698E+00,  1.396791462178586E-03

2473825.500000000, A.D. 2061-Jan-01,  2.479885195817811E+00,  8.704406651338020E+00, -2.501748239466544E-01, -1.121560182908110E-02,  1.881860937360504E-03,  4.456554952087483E-05,  5.229288163933138E-02,  9.054231782919556E+00, -1.263947238258874E-03

2474006.500000000, A.D. 2061-Jul-01,  1.444742427146991E+00,  8.920311095152716E+00, -2.127050629169392E-01, -8.741490208664410E-03,  5.796642534396828E-03, -2.068558510142172E-03,  5.220521471000682E-02,  9.039052724643977E+00,  4.371989743302488E-03

2474190.500000000, A.D. 2062-Jan-01,  3.683527980593806E-01,  9.024544964925346E+00, -1.706110377364154E-01, -3.166504498347848E-03, -3.912834906210529E-03,  2.890578557505818E-03,  5.217412990262326E-02,  9.033670557087802E+00, -4.092590018329552E-03

2474371.500000000, A.D. 2062-Jul-01, -6.979653894272567E-01,  9.007630570424007E+00, -1.281459195331246E-01, -8.746802065436203E-03, -5.283566736884645E-03,  3.529407549525261E-03,  5.218492769166103E-02,  9.035540136304439E+00, -4.641640753442192E-03

2474555.500000000, A.D. 2063-Jan-01, -1.772781744287480E+00,  8.861174872322961E+00, -8.175214002934952E-02, -3.252214945300286E-03,  2.821291527593679E-03, -2.728326811522777E-03,  5.219415471669908E-02,  9.037137746165330E+00,  3.429013953453193E-03

2474736.500000000, A.D. 2063-Jul-01, -2.805444270472704E+00,  8.597992293227831E+00, -3.571548552705807E-02,  9.215439536641256E-04, -1.380987858018492E-03, -1.328619386662444E-03,  5.223485061234637E-02,  9.044184022068533E+00, -1.593467231918235E-03

2474920.500000000, A.D. 2064-Jan-01, -3.810788920743916E+00,  8.219731377386818E+00,  8.578871067680632E-03, -1.074557888546806E-02, -2.354341308126330E-03,  1.062167450771715E-03,  5.232701513921968E-02,  9.060141815219604E+00,  2.384752079879698E-03

2475102.500000000, A.D. 2064-Jul-01, -4.756860581253747E+00,  7.736585504518517E+00,  5.622775537127882E-02,  1.012833735038585E-03, -4.714905824487918E-03,  1.074793867556657E-03,  5.245418447935446E-02,  9.082160503904667E+00, -4.540191473392784E-03

2475286.500000000, A.D. 2065-Jan-01, -5.653833817263485E+00,  7.153556344192422E+00,  1.011052619192878E-01, -1.090694317554348E-02,  6.109295334705630E-04, -1.017317586394882E-03,  5.266481928285019E-02,  9.118630789584344E+00,  7.230636744625747E-03

2475467.500000000, A.D. 2065-Jul-01, -6.464550571200120E+00,  6.477691913529958E+00,  1.459280806576004E-01, -6.086707981569700E-03,  1.212499339100562E-03, -2.515324454488430E-03,  5.286167634040487E-02,  9.152715532503981E+00,  5.117057564701700E-03

2475651.500000000, A.D. 2066-Jan-01, -7.206708549829452E+00,  5.702328625357467E+00,  1.888902040568697E-01, -3.506987328100888E-03, -1.114356633207173E-02,  3.120295033820572E-03,  5.308731268032266E-02,  9.191783253697007E+00, -4.099427446960577E-03

2475832.500000000, A.D. 2066-Jul-01, -7.837209413786733E+00,  4.873484078335307E+00,  2.274067726159615E-01, -6.903619595958066E-03, -8.698974969244306E-03,  2.426867067725772E-03,  5.331789243454998E-02,  9.231706900544813E+00,  1.328322336892154E-03

2476016.500000000, A.D. 2067-Jan-01, -8.375420565466886E+00,  3.971618183838822E+00,  2.656205328288233E-01,  3.051186265425642E-03, -1.096484951615046E-03, -1.762342318306821E-03,  5.355745458893033E-02,  9.273185801767648E+00, -3.275886272922603E-03

2476197.500000000, A.D. 2067-Jul-01, -8.812231272056998E+00,  3.038330531700170E+00,  2.996232041448523E-01,  3.546508948589348E-03, -5.868289857516124E-03,  5.033936028610909E-04,  5.386321796270452E-02,  9.326127088805018E+00, -5.246725938449675E-03

2476381.500000000, A.D. 2068-Jan-01, -9.151257980424138E+00,  2.053101912495098E+00,  3.289996439710394E-01, -8.369628967215499E-03, -3.607493826627592E-03, -5.352804108575484E-04,  5.420039812430810E-02,  9.384508024030911E+00,  7.353605981618412E-03

2476563.500000000, A.D. 2068-Jul-01, -9.376341505252904E+00,  1.043676436860246E+00,  3.568265638062647E-01,  2.885486308846248E-03, -1.168182432997227E-02,  2.337667289322771E-03,  5.452663330731137E-02,  9.440993894957426E+00, -4.068767385555940E-03

2476747.500000000, A.D. 2069-Jan-01, -9.480068757168658E+00,  1.582960710714088E-02,  3.771346558990394E-01, -1.600876315326957E-03,  1.581533345362224E-04, -2.614695034732181E-03,  5.479569540974398E-02,  9.487580553849678E+00,  1.495937647476124E-03

2476928.500000000, A.D. 2069-Jul-01, -9.479651478415407E+00, -9.923710218798605E-01,  3.950848179226173E-01,  3.318047668351800E-03,  7.394418825957299E-04, -2.930041870550935E-03,  5.509635149239787E-02,  9.539637540842064E+00, -3.495452641420284E-03

2477112.500000000, A.D. 2070-Jan-01, -9.379297999839881E+00, -1.998509179031986E+00,  4.083050567794588E-01, -3.715909774485826E-03, -9.605474278245256E-03,  2.935629398121328E-03,  5.543654757483930E-02,  9.598540666573600E+00,  5.755863091764597E-03

2477293.500000000, A.D. 2070-Jul-01, -9.174913408575492E+00, -2.973045652709538E+00,  4.169367141091396E-01, -6.052990150561346E-03, -6.710831704800003E-03,  1.262022412434160E-03,  5.575450779943611E-02,  9.653593772866433E+00,  7.874109351048802E-03

2477477.500000000, A.D. 2071-Jan-01, -8.866422584544328E+00, -3.941330532342929E+00,  4.230530092742624E-01,  8.805795748270045E-03, -6.273620180170266E-03, -5.396617843173295E-04,  5.609289423616404E-02,  9.712183568155636E+00, -5.516555643618094E-03

2477658.500000000, A.D. 2071-Jul-01, -8.464902122395797E+00, -4.845320998232279E+00,  4.221517694683330E-01,  8.332561568202487E-03, -9.412029577857119E-03,  1.606346056872367E-03,  5.638453578111304E-02,  9.762679736328380E+00, -2.484142917601246E-03

2477842.500000000, A.D. 2072-Jan-01, -7.958390271578798E+00, -5.706054595340574E+00,  4.151443100438271E-01, -4.236370727667313E-04,  1.257322823891974E-03, -2.334574440111400E-03,  5.660814698839534E-02,  9.801396816675117E+00, -4.868764016957045E-04

2478024.500000000, A.D. 2072-Jul-01, -7.387122209301462E+00, -6.498676922895678E+00,  4.070003665978031E-01,  3.127722091534014E-03, -9.008766973847308E-03,  3.163812103793604E-03,  5.687288286540912E-02,  9.847234412856359E+00,  3.729765318466660E-03

2478208.500000000, A.D. 2073-Jan-01, -6.731248196455137E+00, -7.235478920475290E+00,  3.940716135748167E-01,  3.737471955570874E-03,  1.190437216911045E-03, -3.177216992888530E-03,  5.712135079602543E-02,  9.890255301434248E+00, -3.541191274540021E-03

2478389.500000000, A.D. 2073-Jul-01, -6.018241326154445E+00, -7.892706243476467E+00,  3.775792216822310E-01,  9.076882986435183E-03, -1.198169373662038E-03, -2.507083450545085E-03,  5.736593193190645E-02,  9.932603212365416E+00, -4.642961672517514E-03

2478573.500000000, A.D. 2074-Jan-01, -5.227754792332339E+00, -8.478895823235259E+00,  3.541947255971303E-01, -2.466584109974112E-04, -5.448776862678997E-03,  1.638783230701542E-03,  5.756617296630802E-02,  9.967273872713186E+00,  4.822735891824872E-03

2478754.500000000, A.D. 2074-Jul-01, -4.395032030713202E+00, -8.968815120706786E+00,  3.290571349110825E-01, -6.606156989809847E-04,  2.274644897554159E-04, -5.319020601667347E-04,  5.771596283880025E-02,  9.993209185164172E+00,  6.887817728475932E-05

2478938.500000000, A.D. 2075-Jan-01, -3.510444535774034E+00, -9.375445694620987E+00,  3.026814750378142E-01,  9.943458548360691E-03, -4.097659900228885E-03,  8.854222290770920E-04,  5.784573566411666E-02,  1.001567865333468E+01,  3.773512688432291E-04

2479119.500000000, A.D. 2075-Jul-01, -2.609215928942450E+00, -9.685006523522986E+00,  2.719549053577098E-01,  5.969477145288141E-03, -7.044112419791552E-03,  2.620172024150207E-03,  5.795159773206148E-02,  1.003400810220312E+01,  5.317833907897642E-03

2479303.500000000, A.D. 2076-Jan-01, -1.663957357371004E+00, -9.911034926114681E+00,  2.378740297379941E-01,  4.369401149927962E-03,  3.725645995010906E-03, -3.140314406680190E-03,  5.805874136756185E-02,  1.005255944761521E+01, -4.470752373699556E-03

2479485.500000000, A.D. 2076-Jul-01, -7.130284158456262E-01, -1.003824584541097E+01,  2.015316671201773E-01,  3.342586233822625E-03, -6.135918341824942E-03,  2.572650190627116E-03,  5.813379934926018E-02,  1.006555533428565E+01,  5.933996320487007E-03

2479669.500000000, A.D. 2077-Jan-01,  2.667575021843168E-01, -1.006541866640831E+01,  1.633320349327449E-01,  9.873828184978055E-03,  5.532289525666218E-03, -2.980382456069118E-03,  5.816107256820948E-02,  1.007027754576247E+01, -5.316406047810484E-03

2479850.500000000, A.D. 2077-Jul-01,  1.218097178184265E+00, -9.992002099931344E+00,  1.246308810844704E-01,  1.139352633096665E-02,  2.389358313288396E-03, -1.098837825982848E-03,  5.814068309720592E-02,  1.006674721829513E+01, -1.006581363099405E-03

2480034.500000000, A.D. 2078-Jan-01,  2.168319367481119E+00, -9.816180815141276E+00,  8.251436970957352E-02, -2.475039300513954E-03,  1.439788230369655E-03,  2.944486945910639E-04,  5.806215164651810E-02,  1.005314991911241E+01, -1.937263560541395E-03

2480215.500000000, A.D. 2078-Jul-01,  3.086550180713838E+00, -9.558076941624119E+00,  4.178711114372802E-02, -2.576416408211397E-05,  5.071403444666265E-03, -2.025411710749747E-03,  5.801029428817717E-02,  1.004417109585102E+01, -4.842313253285871E-03

2480399.500000000, A.D. 2079-Jan-01,  3.990112490881604E+00, -9.206861434255481E+00,  4.745215283417772E-04,  9.300817461889224E-03, -3.412119251666443E-03,  1.867571098533966E-03,  5.795331780967432E-02,  1.003430592440957E+01,  6.829281845327688E-03

2480580.500000000, A.D. 2079-Jul-01,  4.844678313195756E+00, -8.762626323706108E+00, -4.222668145782534E-02,  4.360081012112126E-03, -2.588522435635321E-03,  2.672110817197522E-03,  5.782915243127827E-02,  1.001280735557633E+01,  4.363672328173481E-03

2480764.500000000, A.D. 2080-Jan-01,  5.668052052426084E+00, -8.220021295036023E+00, -8.404006523681580E-02,  6.452822519726693E-03,  9.531114808814987E-03, -3.046629203371362E-03,  5.766924518587645E-02,  9.985120274309281E+00, -4.157685907582353E-03

2480946.500000000, A.D. 2080-Jul-01,  6.413020326044406E+00, -7.600757538858586E+00, -1.249225369510100E-01, -2.579543526884534E-03,  6.559582232591743E-04,  1.950953345466234E-03,  5.744070219042950E-02,  9.945549281312351E+00, -2.189136256429673E-03

2481130.500000000, A.D. 2081-Jan-01,  7.104041858228398E+00, -6.909595703170268E+00, -1.627101609322295E-01,  9.441269161025823E-03,  4.917072638725706E-03, -1.749943982950759E-03,  5.724363209494550E-02,  9.911427652018695E+00,  3.367922581597276E-03

2481311.500000000, A.D. 2081-Jul-01,  7.714881014972054E+00, -6.156574918029585E+00, -2.002685424306017E-01,  9.997180668039132E-03,  1.209581131274661E-03,  4.080403898745992E-04,  5.701782629869378E-02,  9.872330590370975E+00,  7.049851521253098E-03

2481495.500000000, A.D. 2082-Jan-01,  8.264343815486745E+00, -5.321309800332288E+00, -2.388232297199585E-01, -1.926393970463432E-03,  8.678263653734626E-03, -1.591403795358738E-03,  5.678622649941945E-02,  9.832230328198191E+00, -6.277319109914538E-03

2481676.500000000, A.D. 2082-Jul-01,  8.713827898430630E+00, -4.444781185755090E+00, -2.713701654390540E-01,  7.032804567606850E-04,  1.175110201352720E-02, -3.087729946264234E-03,  5.651766493926076E-02,  9.785730335514096E+00, -4.625602069418287E-03

2481860.500000000, A.D. 2083-Jan-01,  9.067048501959128E+00, -3.504219811726895E+00, -3.006994935759852E-01,  8.601871681725596E-04, -4.840969961982947E-04,  3.097617077855552E-03,  5.616861431745115E-02,  9.725294093816157E+00,  8.806200707391610E-04

2482041.500000000, A.D. 2083-Jul-01,  9.322894065632978E+00, -2.546456626591253E+00, -3.278733483878664E-01, -3.950557985238978E-03,  4.264736085223966E-04,  2.662813786745191E-03,  5.584908190449715E-02,  9.669968771547722E+00, -4.011356885612427E-03

2482225.500000000, A.D. 2084-Jan-01,  9.485912090804849E+00, -1.554298569842352E+00, -3.506913356284555E-01,  6.544354198497583E-03,  7.949482542032291E-03, -2.562223488890253E-03,  5.555356869941775E-02,  9.618802246203863E+00,  5.262801703761610E-03

2482407.500000000, A.D. 2084-Jul-01,  9.542730330655239E+00, -5.450268693552284E-01, -3.723452254992884E-01, -5.396980751879285E-03,  5.690500659949186E-03,  5.869367043550330E-04,  5.524590389919706E-02,  9.565531737382857E+00, -5.731197413727174E-03

2482591.500000000, A.D. 2085-Jan-01,  9.491426425921631E+00,  4.813878418788127E-01, -3.863560690491470E-01,  5.594537930396558E-03,  5.701202275059903E-03, -1.580436304884828E-04,  5.493370556561539E-02,  9.511476271593349E+00,  5.877709635408785E-03

2482772.500000000, A.D. 2085-Jul-01,  9.326375738055077E+00,  1.486736564495126E+00, -3.971090123996042E-01,  1.949416091344952E-03,  1.362132036138111E-03,  2.083202666791679E-03,  5.459296767948468E-02,  9.452479335461049E+00,  2.050135123295392E-03

2482956.500000000, A.D. 2086-Jan-01,  9.049654642582004E+00,  2.487132237075588E+00, -4.039939718715995E-01, -5.382759418167036E-03,  9.597911121785570E-03, -2.446177309618447E-03,  5.425462008410296E-02,  9.393896265342471E+00, -2.539159262352529E-03

2483137.500000000, A.D. 2086-Jul-01,  8.673800694224024E+00,  3.436832350371462E+00, -4.049557879328675E-01, -2.206320125139480E-04,  9.614562223760437E-03, -3.128418724093871E-03,  5.393561862102125E-02,  9.338662874194641E+00,  3.469103884335366E-03

2483321.500000000, A.D. 2087-Jan-01,  8.188644979546936E+00,  4.363758239910155E+00, -4.028489178995560E-01, -4.831550334092510E-03,  2.647787185384404E-04,  2.880521356748647E-03,  5.364041367027061E-02,  9.287549721433304E+00, -4.260417028202597E-03

2483502.500000000, A.D. 2087-Jul-01,  7.613467851522099E+00,  5.227041275194504E+00, -3.954230638937011E-01, -9.174777765222747E-03,  3.989698714998863E-03,  1.527626116854033E-03,  5.338629122782921E-02,  9.243549784482505E+00, -5.366078558301506E-03

2483686.500000000, A.D. 2088-Jan-01,  6.927949790997615E+00,  6.038013325246992E+00, -3.798743567474648E-01,  1.452398037018878E-03,  5.126465774286062E-03, -7.341020071562839E-04,  5.312170864414404E-02,  9.197738730218337E+00,  4.489655237287592E-03

2483868.500000000, A.D. 2088-Jul-01,  6.159778631850745E+00,  6.763663492918715E+00, -3.631723040353524E-01, -1.122160054935913E-02,  5.779716578516045E-03, -5.792809503757280E-04,  5.287735766933661E-02,  9.155430670441712E+00, -3.257098386034795E-03

2484052.500000000, A.D. 2089-Jan-01,  5.304856187634352E+00,  7.397519232521805E+00, -3.386546150651742E-01,  1.094338937390100E-03, -1.402335937295354E-03,  1.346540760613776E-03,  5.261097048295862E-02,  9.109307158907169E+00, -5.515796688508861E-04

2484233.500000000, A.D. 2089-Jul-01,  4.400869632048861E+00,  7.934403152814004E+00, -3.127534575254126E-01, -2.956492639708483E-03, -3.208277945021534E-03,  2.841599886260628E-03,  5.243338014816207E-02,  9.078558345622326E+00, -4.335008710481067E-03

2484417.500000000, A.D. 2090-Jan-01,  3.430160638549650E+00,  8.380173803927521E+00, -2.822128654861186E-01, -5.136747082567409E-03,  9.096151010486202E-03, -2.741517002362743E-03,  5.232280431942969E-02,  9.059412734373808E+00,  6.554635700120578E-03

2484598.500000000, A.D. 2090-Jul-01,  2.419853516801617E+00,  8.706872054378831E+00, -2.466434906820129E-01, -1.771932647514057E-03,  6.254604712325388E-03, -2.055259866905170E-03,  5.221213756982310E-02,  9.040251380663925E+00,  5.605722658170147E-03

2484782.500000000, A.D. 2091-Jan-01,  1.353345366092641E+00,  8.922820529649565E+00, -2.085289663516100E-01, -1.214816143902500E-02, -2.943363600747795E-03,  2.255772463101568E-03,  5.213721153125071E-02,  9.027278339237570E+00, -4.782632752711478E-03

2484963.500000000, A.D. 2091-Jul-01,  2.948710045492223E-01,  9.010758464420920E+00, -1.680083073804610E-01, -1.229402872976099E-02,  3.099010666136241E-04,  3.404325549105469E-06,  5.207869900797892E-02,  9.017147209888833E+00, -9.241070129578024E-05

2485147.500000000, A.D. 2092-Jan-01, -7.816476808252704E-01,  8.973808016765584E+00, -1.232609081857070E-01,  1.339363339517828E-03, -2.881147460681214E-03,  8.973563975205198E-04,  5.202950199810823E-02,  9.008629011686105E+00, -2.998501032481771E-03

2485329.500000000, A.D. 2092-Jul-01, -1.833256046969391E+00,  8.829573918150087E+00, -8.043928809766966E-02, -8.945855428830753E-03,  4.737733422865700E-03, -2.099530997102578E-03,  5.208501719100849E-02,  9.018241169368657E+00,  6.475885342145411E-03

2485513.500000000, A.D. 2093-Jan-01, -2.883446086220527E+00,  8.564000699677791E+00, -3.244309685712707E-02, -4.016457578861470E-03, -6.650172508557940E-03,  3.062923173509130E-03,  5.219018047486459E-02,  9.036449627522739E+00, -5.031867128957667E-03

2485694.500000000, A.D. 2093-Jul-01, -3.877238624103909E+00,  8.186328033583353E+00,  1.342160802866989E-02, -8.703099038997825E-03, -8.080526892813652E-03,  3.478052745760377E-03,  5.231520683352037E-02,  9.058097270466792E+00, -3.572402686622552E-03

2485878.500000000, A.D. 2094-Jan-01, -4.831515541241287E+00,  7.683733010356387E+00,  6.074443336897204E-02, -1.190797034690132E-03,  6.973938488133773E-04, -2.707910318407164E-03,  5.242280707635111E-02,  9.076727674987380E+00,  1.206101188777357E-03

2486059.500000000, A.D. 2094-Jul-01, -5.706881863559562E+00,  7.092868238203834E+00,  1.059789149811950E-01,  2.718901171085007E-03, -2.815777012161591E-03, -1.179657403868083E-03,  5.258212560453966E-02,  9.104312823028787E+00, -3.911706750577697E-03

2486243.500000000, A.D. 2095-Jan-01, -6.517877567854485E+00,  6.408205728396800E+00,  1.481213113232053E-01, -1.027704161805101E-02, -2.945453817783950E-03,  8.581584893691608E-04,  5.279776836992696E-02,  9.141650210430630E+00,  5.276567736542890E-03

2486424.500000000, A.D. 2095-Jul-01, -7.236685226108384E+00,  5.649989382125367E+00,  1.902379775118036E-01, -9.121704098178160E-03,  6.574363999041084E-04, -1.285048251203658E-03,  5.303680325650747E-02,  9.183037818063941E+00,  7.566226597271460E-03

2486608.500000000, A.D. 2096-Jan-01, -7.885063834583703E+00,  4.803373180396513E+00,  2.325882410401783E-01, -2.838939672224575E-04, -9.997582611833563E-03,  2.465972218517689E-03,  5.334175771383081E-02,  9.235839045559562E+00, -4.895066032322730E-03

2486790.500000000, A.D. 2096-Jul-01, -8.418194130662563E+00,  3.902573812862986E+00,  2.687726210815842E-01, -3.262767552062503E-03, -4.327906980557629E-04, -2.856938432928822E-03,  5.361233999844531E-02,  9.282688915837298E+00,  2.694235087233109E-03

2486974.500000000, A.D. 2097-Jan-01, -8.852716391312420E+00,  2.940940107862952E+00,  3.021524226933892E-01, -1.736300100333744E-03, -1.109864517359790E-02,  3.184749183326711E-03,  5.390480719060526E-02,  9.333328040393097E+00, -1.747200850920903E-03

2487155.500000000, A.D. 2097-Jul-01, -9.169659502531269E+00,  1.966236198754256E+00,  3.307707898462968E-01, -5.690122427600061E-03, -8.127691111806428E-03,  2.441633421249100E-03,  5.419706196766429E-02,  9.383930386414272E+00,  3.943245975195608E-03

2487339.500000000, A.D. 2098-Jan-01, -9.383231341898039E+00,  9.528056567763017E-01,  3.585031088380676E-01,  4.143670995975202E-03, -2.313269337312188E-03, -1.691145739745367E-03,  5.451103997893080E-02,  9.438293993842803E+00, -4.417260227598495E-03

2487520.500000000, A.D. 2098-Jul-01, -9.491239069643234E+00, -5.748792305548329E-02,  3.807193060164245E-01,  4.850914055975163E-03, -7.502861357609266E-03,  5.306009474126802E-04,  5.486191315449989E-02,  9.499045800941955E+00, -4.780253935206565E-03

2487704.500000000, A.D. 2099-Jan-01, -9.488825865648012E+00, -1.086765750895195E+00,  3.968292125848816E-01, -5.449841509296251E-03, -3.725511770643784E-03, -8.208551957808864E-04,  5.520874420731413E-02,  9.559097736181499E+00,  5.799251967387202E-03

2487885.500000000, A.D. 2099-Jul-01, -9.374080470543053E+00, -2.090091993561156E+00,  4.097338019992134E-01, -3.251377910938102E-04, -6.062384835501344E-04, -2.694005913467871E-03,  5.552005231235649E-02,  9.612999063677572E+00,  3.340410949361697E-04

2488069.500000000, A.D. 2100-Jan-01, -9.151666527056971E+00, -3.082295280637747E+00,  4.179832631220882E-01,  3.039669557040207E-03, -1.031687755655831E-02,  2.812415897354708E-03,  5.582517382401397E-02,  9.665829215734515E+00,  5.335459094038097E-04
