julian, epoch, x, y, z, vx, vy, vz, LT, RG, RR
2433282.500000000, A.D. 1950-Jan-01, -1.243051738193634E+00,  1.890976331720545E+01,  8.728591073930217E-02, -4.429642181252527E-03, -2.053926361064540E-05,  2.193384338071468E-03,  1.094505593890287E-01,  1.895077690140350E+01,  2.801644162963830E-04

2433463.500000000, A.D. 1950-Jul-01, -1.959543252955316E+00,  1.881573048771008E+01,  9.335131161644070E-02, -6.621076069340850E-03, -6.958104724635462E-04,  1.216598802119237E-03,  1.092596551373547E-01,  1.891772285487145E+01, -2.286896559328707E-07

2433647.500000000, A.D. 1951-Jan-01, -2.685383417560040E+00,  1.868819864348958E+01,  1.041985650281299E-01, -3.603800088921921E-03, -1.336400794534708E-03,  1.988445512740808E-03,  1.090443113247822E-01,  1.888043722954493E+01, -7.992476638153095E-04

2433828.500000000, A.D. 1951-Jul-01, -3.387653493116686E+00,  1.853856093073708E+01,  1.100335200155616E-01, -4.817410273692567E-03, -5.957705632950179E-04,  5.710854558630605E-05,  1.088446261146996E-01,  1.884586280719468E+01,  2.802350712934313E-04

2434012.500000000, A.D. 1952-Jan-01, -4.099334993923965E+00,  1.836632825613680E+01,  1.192526415432374E-01, -4.878864787268830E-03,  5.961542059967898E-04,  1.715895776535155E-03,  1.086873344230101E-01,  1.881862859501440E+01,  1.655481425671285E-03

2434194.500000000, A.D. 1952-Jul-01, -4.801180969042044E+00,  1.816823343859732E+01,  1.269731092644146E-01, -6.665382752293293E-03,  3.102011829307595E-05,  8.496552035717653E-04,  1.085355232877707E-01,  1.879234331176752E+01,  1.738642828788351E-03

2434378.500000000, A.D. 1953-Jan-01, -5.511520330387126E+00,  1.793615160643014E+01,  1.376333139120669E-01, -5.226734748061190E-03, -1.815305298875425E-03,  2.024860396149153E-03,  1.083739247825886E-01,  1.876436339794706E+01, -1.851194152930469E-04

2434559.500000000, A.D. 1953-Jul-01, -6.192250206292305E+00,  1.767670818004717E+01,  1.438010092282170E-01, -5.603839641344391E-03, -2.209408936789267E-03, -3.005100558473324E-04,  1.081781955064894E-01,  1.873047392433327E+01, -2.347999051144659E-04

2434743.500000000, A.D. 1954-Jan-01, -6.874004775883388E+00,  1.738727071782012E+01,  1.515356319651393E-01, -4.080858735571904E-03, -9.110935842145412E-04,  1.267711929472515E-03,  1.079870715746162E-01,  1.869738184135382E+01,  6.633289769464204E-04

2434924.500000000, A.D. 1954-Jul-01, -7.530823256899330E+00,  1.708059725224968E+01,  1.585109250047144E-01, -4.737465323154971E-03, -5.971765398772898E-04, -1.192625523325993E-03,  1.078159844740039E-01,  1.866775902816300E+01,  1.354626329555496E-03

2435108.500000000, A.D. 1955-Jan-01, -8.197278702894664E+00,  1.674798671848878E+01,  1.658086883164460E-01, -6.505658567812167E-03, -7.865229879921396E-04,  6.823973528017071E-04,  1.076972240490934E-01,  1.864719629801564E+01,  2.159529327409739E-03

2435289.500000000, A.D. 1955-Jul-01, -8.837144127647530E+00,  1.638852637271716E+01,  1.746736253814343E-01, -5.645555209833440E-03, -2.375320968946285E-03, -1.668453157171708E-03,  1.075409304772023E-01,  1.862013490492121E+01,  5.730968126381628E-04

2435473.500000000, A.D. 1956-Jan-01, -9.478575556550625E+00,  1.599206092710421E+01,  1.802886706346510E-01, -5.156474689304253E-03, -2.933013898046070E-03, -4.896608643977267E-04,  1.073721378767368E-01,  1.859090937211549E+01,  1.012762553151409E-04

2435655.500000000, A.D. 1956-Jul-01, -1.008818843939399E+01,  1.557696130522292E+01,  1.870690749074092E-01, -3.680700327633405E-03, -2.505007176026848E-03, -1.629065243581392E-03,  1.071896781704236E-01,  1.855931745328803E+01, -1.181912583677990E-04

2435839.500000000, A.D. 1957-Jan-01, -1.068991090159074E+01,  1.514023318612569E+01,  1.918053520149845E-01, -5.013618511938806E-03, -8.841039353131346E-04,  1.036651919835712E-04,  1.070478955458577E-01,  1.853476855283798E+01,  2.170487258566811E-03

2436020.500000000, A.D. 1957-Jul-01, -1.126615254673891E+01,  1.468700191291543E+01,  1.998778628063160E-01, -4.415534457952699E-03, -1.765628536136767E-03, -1.865922699195731E-03,  1.069132794147054E-01,  1.851146049225758E+01,  1.266314911212205E-03

2436204.500000000, A.D. 1958-Jan-01, -1.184424325046639E+01,  1.420133310988930E+01,  2.044933931211624E-01, -5.898553126170048E-03, -3.049350323395782E-03, -7.473074112175017E-04,  1.068089604455688E-01,  1.849339822266548E+01,  1.427873806355228E-03

2436385.500000000, A.D. 1958-Jul-01, -1.238678645010380E+01,  1.369724495883615E+01,  2.129595742441935E-01, -2.827820841791355E-03, -4.320482307326882E-03, -2.037282414303301E-03,  1.066662325548567E-01,  1.846868565445575E+01, -1.331169465596782E-03

2436569.500000000, A.D. 1959-Jan-01, -1.291502645320789E+01,  1.316095107336761E+01,  2.149328252000142E-01, -3.034017749679338E-03, -3.074013271061795E-03, -1.755316367558189E-03,  1.065038681856991E-01,  1.844057313539858E+01, -8.946543345489902E-05

2436750.500000000, A.D. 1959-Jul-01, -1.341364386115566E+01,  1.261994652473850E+01,  2.225434441749629E-01, -6.189536841928465E-04, -2.841796669009918E-03, -1.732753155510175E-03,  1.063759571855168E-01,  1.841842603225703E+01, -1.517312636647691E-03

2436934.500000000, A.D. 1960-Jan-01, -1.390154873025268E+01,  1.205491751388429E+01,  2.245224873860888E-01, -3.774558910770701E-03, -2.431767121595180E-03, -1.908264226677359E-03,  1.062796602505286E-01,  1.840175273482084E+01,  1.235154860857904E-03

2437116.500000000, A.D. 1960-Jul-01, -1.436784796825670E+01,  1.147327246975716E+01,  2.306180739263318E-01, -2.874496289915059E-03, -3.876275746891969E-03, -1.775132042375201E-03,  1.062011226397784E-01,  1.838815436905638E+01, -1.948330209687519E-04

2437300.500000000, A.D. 1961-Jan-01, -1.481566654906515E+01,  1.085955217089077E+01,  2.320174761413479E-01, -3.135744116100802E-03, -4.542786179505568E-03, -1.913664210711012E-03,  1.061011103646890E-01,  1.837083778042312E+01, -1.806388957441727E-04

2437481.500000000, A.D. 1961-Jul-01, -1.522758901340980E+01,  1.024207405588318E+01,  2.381877192781549E-01,  2.532308421705416E-04, -4.600717395576254E-03, -1.485607906302174E-03,  1.059986657887725E-01,  1.835310005195659E+01, -2.796848318780131E-03

2437665.500000000, A.D. 1962-Jan-01, -1.561616430902779E+01,  9.601605970775125E+00,  2.380009634802688E-01, -1.496633244012051E-03, -2.852977112573378E-03, -2.121613458241644E-03,  1.058846536874540E-01,  1.833335946855337E+01, -2.468962376853036E-04

2437846.500000000, A.D. 1962-Jul-01, -1.598255404347729E+01,  8.960342988472162E+00,  2.431293431546748E-01, -2.399953425304061E-04, -2.994895346726937E-03, -4.268791049242584E-04,  1.058337365240616E-01,  1.832454343500098E+01, -1.260786546055793E-03

2438030.500000000, A.D. 1963-Jan-01, -1.633187817727108E+01,  8.292382346834639E+00,  2.444138889560579E-01, -2.027320344180091E-03, -4.417121012480821E-03, -1.718336608533593E-03,  1.057966485139508E-01,  1.831812184511372E+01, -2.150052710973552E-04

2438211.500000000, A.D. 1963-Jul-01, -1.665224196299986E+01,  7.618061380467292E+00,  2.477515269106193E-01, -2.001595013919966E-04, -5.137758494702494E-03,  5.046707593435132E-04,  1.057713930628854E-01,  1.831374899931599E+01, -1.948351600341694E-03

2438395.500000000, A.D. 1964-Jan-01, -1.694108726902499E+01,  6.914750630430706E+00,  2.480483983568198E-01,  1.110246472306537E-03, -4.902210885723184E-03, -1.360874508379552E-03,  1.056897355370067E-01,  1.829961043699264E+01, -2.898636072873487E-03

2438577.500000000, A.D. 1964-Jul-01, -1.720079530107252E+01,  6.215198769328525E+00,  2.488192947403926E-01,  1.645468702709740E-03, -3.711954061376044E-03, -1.659543813503233E-04,  1.056395771229708E-01,  1.829092577681886E+01, -2.810967357430760E-03

2438761.500000000, A.D. 1965-Jan-01, -1.743537511171300E+01,  5.502856100351915E+00,  2.482043121099111E-01, -5.710561101821919E-04, -3.464838059533126E-03, -1.505908220970442E-03,  1.056044226221327E-01,  1.828483896368440E+01, -5.186647087619079E-04

2438942.500000000, A.D. 1965-Jul-01, -1.764835824606286E+01,  4.790223116519083E+00,  2.494493566089134E-01, -2.983055430267010E-04, -4.067036234202716E-03,  1.020335725895441E-03,  1.056261637109241E-01,  1.828860331651712E+01, -7.634746931011905E-04

2439126.500000000, A.D. 1966-Jan-01, -1.783275214495485E+01,  4.050429539935521E+00,  2.496344925370006E-01,  7.465490581382741E-04, -5.677432648254476E-03, -8.586996006441525E-04,  1.056265323472814E-01,  1.828866714392381E+01, -1.997052381069585E-03

2439307.500000000, A.D. 1966-Jul-01, -1.798523921573548E+01,  3.317068189022728E+00,  2.478099387804699E-01,  1.265163786307462E-03, -5.025724617152064E-03,  1.509954883266974E-03,  1.056356640128825E-01,  1.829024824281001E+01, -2.135059199447241E-03

2439491.500000000, A.D. 1967-Jan-01, -1.809978242256955E+01,  2.567704991155496E+00,  2.468960576255252E-01,  2.379159024572915E-03, -3.816945091691241E-03,  9.517116977945301E-06,  1.055919222683677E-01,  1.828267459452346E+01, -2.891300156572122E-03

2439672.500000000, A.D. 1967-Jul-01, -1.819268365820880E+01,  1.830842384928479E+00,  2.429283847122868E-01,  1.621985979110534E-04, -2.770484547286691E-03,  2.048795277287675E-03,  1.056122242953742E-01,  1.828618978153204E+01, -4.115366776869641E-04

2439856.500000000, A.D. 1968-Jan-01, -1.825911488031447E+01,  1.079997799659606E+00,  2.435486349062567E-01,  4.151630779735775E-04, -4.258161786522462E-03,  1.160373659102533E-03,  1.056495264664632E-01,  1.829264845224320E+01, -6.503546113197679E-04

2440038.500000000, A.D. 1968-Jul-01, -1.829791491992849E+01,  3.284728728226105E-01,  2.404440011527267E-01,  2.265390789884169E-04, -5.025573628088223E-03,  1.898475488791095E-03,  1.057060916476752E-01,  1.830244240976631E+01, -2.917359464059403E-04

2440222.500000000, A.D. 1969-Jan-01, -1.829844862956741E+01, -4.366001809183139E-01,  2.388263541141941E-01,  3.008716097822163E-03, -5.124890269125211E-03,  3.893877730577233E-04,  1.057221022374454E-01,  1.830521455745097E+01, -2.880289259140523E-03

2440403.500000000, A.D. 1969-Jul-01, -1.827103384680942E+01, -1.182612135041229E+00,  2.324464159556114E-01,  1.386106796922897E-03, -3.562200358963288E-03,  1.933575847590264E-03,  1.057540273510205E-01,  1.831074221951401E+01, -1.128487846447896E-03

2440587.500000000, A.D. 1970-Jan-01, -1.821027248367788E+01, -1.932747858200511E+00,  2.308396203488085E-01,  1.700956921808580E-03, -3.128503690978080E-03,  1.432656807609011E-03,  1.057728788533732E-01,  1.831400625596423E+01, -1.343101335867065E-03

2440768.500000000, A.D. 1970-Jul-01, -1.812857418988314E+01, -2.670428200888888E+00,  2.238959030181926E-01, -1.322898760882626E-03, -3.062323750856705E-03,  1.974093843740025E-03,  1.058396658605712E-01,  1.832557006779293E+01,  1.779042913267365E-03

2440952.500000000, A.D. 1971-Jan-01, -1.801927608527285E+01, -3.419967056591202E+00,  2.227045826200333E-01,  9.577352800474023E-04, -4.959276483122761E-03,  1.947086043455726E-03,  1.059363077356754E-01,  1.834230308975880E+01,  7.441309468731305E-06

2441133.500000000, A.D. 1971-Jul-01, -1.787625569074325E+01, -4.154633810199479E+00,  2.146730542938467E-01, -4.032488120594420E-04, -4.582122412718727E-03,  1.128111153028639E-03,  1.060035909692507E-01,  1.835395282052133E+01,  1.443165670934112E-03

2441317.500000000, A.D. 1972-Jan-01, -1.769774214219249E+01, -4.892494900708810E+00,  2.109444289307916E-01,  1.990720484959606E-03, -3.299562754224549E-03,  1.923300240790567E-03,  1.060544768138183E-01,  1.836276343138730E+01, -1.017409741689174E-03

2441499.500000000, A.D. 1972-Jul-01, -1.749386958206743E+01, -5.608617354167198E+00,  2.038286505835750E-01,  1.415674286148948E-04, -2.294133145224132E-03,  1.595716076973908E-03,  1.061083294933627E-01,  1.837208773380554E+01,  5.832546440970616E-04

2441683.500000000, A.D. 1973-Jan-01, -1.726761713095750E+01, -6.320683259939642E+00,  2.010767731001557E-01,  6.033236528941667E-04, -3.461222247738824E-03,  2.164265431727366E-03,  1.062070664555751E-01,  1.838918350885918E+01,  6.468210608371995E-04

2441864.500000000, A.D. 1973-Jul-01, -1.701592686345481E+01, -7.018307495815844E+00,  1.924962799322951E-01, -1.289324446910062E-03, -3.980129803565582E-03,  9.128071577787749E-04,  1.063127604517874E-01,  1.840748385700924E+01,  2.718923330180225E-03

2442048.500000000, A.D. 1974-Jan-01, -1.673349432817921E+01, -7.720285456352432E+00,  1.879026069730810E-01,  1.754947166495353E-03, -4.269978340919885E-03,  1.842220248872142E-03,  1.064401465387982E-01,  1.842954007425253E+01,  2.140699767344132E-04

2442229.500000000, A.D. 1974-Jul-01, -1.642135675798357E+01, -8.395483973970707E+00,  1.789347521404568E-01,  8.386912515997443E-04, -3.358203927571633E-03, -2.716090136803065E-04,  1.065230323515051E-01,  1.844389130784757E+01,  7.792660708901829E-04

2442413.500000000, A.D. 1975-Jan-01, -1.608153385904930E+01, -9.060916629581588E+00,  1.724486955185556E-01,  6.430332486851683E-04, -1.944261446091067E-03,  1.481911410679312E-03,  1.066120135664149E-01,  1.845929792761803E+01,  4.079994606020987E-04

2442594.500000000, A.D. 1975-Jul-01, -1.572317233277170E+01, -9.703357123785105E+00,  1.651627114019144E-01, -5.444504418275454E-04, -2.406216173598633E-03, -9.400556787900712E-04,  1.067144143442989E-01,  1.847702807269032E+01,  1.718544817016249E-03

2442778.500000000, A.D. 1976-Jan-01, -1.534567935684640E+01, -1.034312624878645E+01,  1.583848997002290E-01, -6.142570627773432E-04, -3.681385469276170E-03,  7.344203111600407E-04,  1.068853601181244E-01,  1.850662641590655E+01,  2.573107957354259E-03

2442960.500000000, A.D. 1976-Jul-01, -1.493976917496935E+01, -1.096584669847141E+01,  1.507993362314574E-01,  5.363628884230064E-04, -4.105588801204213E-03, -6.348060077700223E-04,  1.070372368849182E-01,  1.853292306290480E+01,  1.991719881640400E-03

2443144.500000000, A.D. 1977-Jan-01, -1.450322842966688E+01, -1.157647009564786E+01,  1.425406021743769E-01,  1.866363023866251E-03, -2.467789736535299E-03,  9.936654961942291E-04,  1.071788400752458E-01,  1.855744089527958E+01,  8.846276310310388E-05

2443325.500000000, A.D. 1977-Jul-01, -1.404843537234412E+01, -1.215540037309012E+01,  1.345118156427780E-01,  1.523293633734842E-03, -2.005961437599740E-03, -1.465454643031537E-03,  1.072957615338573E-01,  1.857768521828262E+01,  1.499783876657997E-04

2443509.500000000, A.D. 1978-Jan-01, -1.357493529145102E+01, -1.272022134007035E+01,  1.259204457460205E-01, -3.703742927262366E-04, -1.998861829644637E-03,  3.585954496353071E-04,  1.074461813435168E-01,  1.860372960097304E+01,  1.639398502972154E-03

2443690.500000000, A.D. 1978-Jul-01, -1.308523560655672E+01, -1.326354393218717E+01,  1.198186844535029E-01,  8.501729945908170E-04, -3.389866679620213E-03, -1.863962519456546E-03,  1.076106852197323E-01,  1.863221256419385E+01,  1.804058108294228E-03

2443874.500000000, A.D. 1979-Jan-01, -1.257131885800428E+01, -1.380147432188274E+01,  1.096696588688600E-01,  1.252414642882642E-03, -3.602309994574462E-03, -8.174438654261599E-04,  1.078230307250542E-01,  1.866897904871285E+01,  1.814937827783362E-03

2444055.500000000, A.D. 1979-Jul-01, -1.203754844362628E+01, -1.430741233593155E+01,  1.035395919615618E-01,  4.124190774136761E-03, -3.529918972410921E-03, -2.271152692147336E-03,  1.079906628780994E-01,  1.869800365627624E+01,  3.335681202770140E-05

2444239.500000000, A.D. 1980-Jan-01, -1.147553461479693E+01, -1.479520453281779E+01,  9.158705041714955E-02,  2.095887614973795E-03, -1.451313439026282E-03, -1.587760999688828E-03,  1.081417589855057E-01,  1.872416513629162E+01, -1.455002148097582E-04

2444421.500000000, A.D. 1980-Jul-01, -1.090695769984644E+01, -1.525293739621354E+01,  8.422783735308761E-02,  2.087205374516421E-03, -1.754643483174805E-03, -1.999489766649036E-03,  1.082999657985578E-01,  1.875155779682409E+01,  2.042493649562716E-04

2444605.500000000, A.D. 1981-Jan-01, -1.032347783639949E+01, -1.569651419962336E+01,  7.376685390670498E-02,  5.491151423710706E-04, -2.796747682543020E-03, -1.051566269100946E-03,  1.085060194111081E-01,  1.878723487388031E+01,  2.030785330075296E-03

2444786.500000000, A.D. 1981-Jul-01, -9.726782693342091E+00, -1.611375058672171E+01,  6.793214921556169E-02,  3.756715636726599E-03, -3.769424247308808E-03, -2.065768023653010E-03,  1.087068352327781E-01,  1.882200505555852E+01,  1.278209914667034E-03

2444970.500000000, A.D. 1982-Jan-01, -9.101123899325051E+00, -1.651602326394657E+01,  5.537135149401504E-02,  3.421447404323609E-03, -2.220522783618364E-03, -1.975531025107018E-03,  1.089129456976589E-01,  1.885769197629063E+01,  2.877235132822326E-04

2445151.500000000, A.D. 1982-Jul-01, -8.472412426375442E+00, -1.688050655190183E+01,  4.901143322679574E-02,  5.740274039455949E-03, -1.716316566795738E-03, -1.640579829294197E-03,  1.090847997024916E-01,  1.888744757483098E+01, -1.045248869244693E-03

2445335.500000000, A.D. 1983-Jan-01, -7.822621618577483E+00, -1.722145894077039E+01,  3.719839118123367E-02,  2.574575824108772E-03, -1.187854923258174E-03, -2.015288880986718E-03,  1.092433514959065E-01,  1.891489996686165E+01,  1.277811589951295E-05

2445516.500000000, A.D. 1983-Jul-01, -7.178229445959529E+00, -1.753523234154761E+01,  3.102975328358973E-02,  4.393665045073157E-03, -2.161237390109164E-03, -6.019638325788776E-04,  1.094323282370303E-01,  1.894762027528752E+01,  3.346269925852290E-04

2445700.500000000, A.D. 1984-Jan-01, -6.510411244224248E+00, -1.783575756546443E+01,  2.002196335649684E-02,  4.347203218467328E-03, -3.114268004491744E-03, -2.020496094580682E-03,  1.096588440268528E-01,  1.898684026851123E+01,  1.432718331438580E-03

2445882.500000000, A.D. 1984-Jul-01, -5.836036513981165E+00, -1.810564640938430E+01,  1.118679842409124E-02,  6.379105398916483E-03, -2.501185519941177E-03, -1.359966733185876E-03,  1.098675865827912E-01,  1.902298292168268E+01,  4.227346969250731E-04

2446066.500000000, A.D. 1985-Jan-01, -5.139600543441619E+00, -1.834692375361150E+01, -1.428266302417292E-03,  4.543664067074905E-03, -5.858043270899521E-04, -2.165351379957495E-03,  1.100422084452778E-01,  1.905321775991981E+01, -6.614010528342088E-04

2446247.500000000, A.D. 1985-Jul-01, -4.456665164435823E+00, -1.855447909303000E+01, -8.553980417042015E-03,  5.499244628850934E-03, -4.820985000694242E-04, -2.436523331395143E-04,  1.102096375406082E-01,  1.908220720912978E+01, -8.154780555501010E-04

2446431.500000000, A.D. 1986-Jan-01, -3.758061043246428E+00, -1.874076839438925E+01, -1.882425729178477E-02,  3.841572929581666E-03, -1.775137028446426E-03, -1.657629064933025E-03,  1.103924689189883E-01,  1.911386348098072E+01,  9.868109606280802E-04

2446612.500000000, A.D. 1986-Jul-01, -3.068215436906079E+00, -1.890152436300526E+01, -2.708851401825454E-02,  5.314997583859385E-03, -2.176565213429005E-03,  6.702279869473397E-04,  1.105951143010208E-01,  1.914895044121588E+01,  1.295877148532989E-03

2446796.500000000, A.D. 1987-Jan-01, -2.352268909897925E+00, -1.904314416105715E+01, -3.749401928624207E-02,  6.668612135827819E-03, -1.688919517714407E-03, -1.212615436678896E-03,  1.108201295885336E-01,  1.918791063051836E+01,  8.610335433434367E-04

2446977.500000000, A.D. 1987-Jul-01, -1.649244507763259E+00, -1.914883308765297E+01, -4.799271034323213E-02,  6.420210921727447E-03, -1.998272467998508E-04,  1.328427541363998E-03,  1.110042181776491E-01,  1.921978458166029E+01, -3.551441388538247E-04

2447161.500000000, A.D. 1988-Jan-01, -9.280737241865135E-01, -1.922436649365941E+01, -5.684572591321599E-02,  5.527522892951693E-03,  2.396463910080436E-04, -5.724989921020788E-05,  1.111604726467202E-01,  1.924683920431131E+01, -5.057320992295656E-04

2447343.500000000, A.D. 1988-Jul-01, -2.238770927687672E-01, -1.927506179532804E+01, -6.613000733796952E-02,  4.546965443571688E-03, -3.251736534590620E-04,  1.182725674188227E-03,  1.113316366632932E-01,  1.927647533508789E+01,  2.682838596163243E-04

2447527.500000000, A.D. 1989-Jan-01,  4.907270775829215E-01, -1.930747697609237E+01, -7.473008222322917E-02,  5.702660521855435E-03, -1.736053581366342E-03, -6.834201373981999E-04,  1.115475340501783E-01,  1.931385680883544E+01,  1.883017819115986E-03

2447708.500000000, A.D. 1989-Jul-01,  1.193384648596116E+00, -1.931200857739945E+01, -8.534965418565413E-02,  5.762742417577914E-03, -8.126359692983064E-04,  1.598997910752740E-03,  1.117507020615267E-01,  1.934903425953152E+01,  1.159454623145631E-03

2447892.500000000, A.D. 1990-Jan-01,  1.916735276982295E+00, -1.928808935538128E+01, -9.401498428503982E-02,  6.784933460788514E-03,  5.550120506816812E-04,  2.152889720792754E-04,  1.119487214289440E-01,  1.938332025016538E+01,  1.176041498908329E-04

2448073.500000000, A.D. 1990-Jul-01,  2.616615956865233E+00, -1.923466915163708E+01, -1.055947486468775E-01,  4.155719994960412E-03,  1.734057404588698E-03,  2.052871706517097E-03,  1.121150435757806E-01,  1.941211803718499E+01, -1.169211399009095E-03

2448257.500000000, A.D. 1991-Jan-01,  3.322272686426664E+00, -1.915322261962174E+01, -1.117245032926572E-01,  4.390997464429611E-03,  3.344476389128772E-04,  1.326363186467310E-03,  1.122734492565426E-01,  1.943954513059404E+01,  4.132891761289270E-04

2448438.500000000, A.D. 1991-Jul-01,  4.010816152285600E+00, -1.905422872069107E+01, -1.233301438563740E-01,  2.309401412392767E-03,  2.350877361784796E-04,  1.965763887911082E-03,  1.124618872694354E-01,  1.947217216111822E+01,  2.331907817837083E-04

2448622.500000000, A.D. 1992-Jan-01,  4.710366920552401E+00, -1.893274451199458E+01, -1.297497840070097E-01,  5.575631103658732E-03, -4.964577771940815E-06,  1.682331589560130E-03,  1.126823025479666E-01,  1.951033588355529E+01,  1.339750345154306E-03

2448804.500000000, A.D. 1992-Jul-01,  5.400416596454380E+00, -1.878266169098440E+01, -1.403373076346668E-01,  4.657654248940286E-03,  1.561323315333184E-03,  1.895499965822429E-03,  1.128774155892095E-01,  1.954411865941125E+01, -2.271038031849934E-04

2448988.500000000, A.D. 1993-Jan-01,  6.090730316251482E+00, -1.859857900088100E+01, -1.465009564133130E-01,  4.797698174320949E-03,  2.049618150272942E-03,  1.586194301665030E-03,  1.130328991765681E-01,  1.957103980803132E+01, -4.665504972011842E-04

2449169.500000000, A.D. 1993-Jul-01,  6.755574796746834E+00, -1.839659437005899E+01, -1.575450493797634E-01,  1.554900241231249E-03,  2.157929411665869E-03,  1.835064113089657E-03,  1.131909204020141E-01,  1.959840033506590E+01, -1.504378517979296E-03

2449353.500000000, A.D. 1994-Jan-01,  7.419073600039020E+00, -1.817104007519634E+01, -1.623484498363039E-01,  3.697196008317296E-03,  4.216106465830524E-04,  1.996950078770906E-03,  1.133614800325138E-01,  1.962793181963784E+01,  9.906526970479485E-04

2449534.500000000, A.D. 1994-Jul-01,  8.069868600421479E+00, -1.792825984072195E+01, -1.732151600287890E-01,  2.214917428546119E-03,  8.877016489523992E-04,  9.038912294753763E-04,  1.135554566887528E-01,  1.966151783652970E+01,  9.168056793577735E-05

2449718.500000000, A.D. 1995-Jan-01,  8.724614104139370E+00, -1.765529507089577E+01, -1.795227110711523E-01,  4.212278308873033E-03,  2.340175449962774E-03,  1.881757244649538E-03,  1.137440738347809E-01,  1.969417588299481E+01, -2.489976495526569E-04

2449899.500000000, A.D. 1995-Jul-01,  9.358298525426715E+00, -1.736007642920332E+01, -1.891300570858921E-01,  1.809455453484250E-03,  3.220446216810858E-03,  4.767455209932229E-05,  1.139089442150207E-01,  1.972272230442029E+01, -1.976541790066749E-03

2450083.500000000, A.D. 1996-Jan-01,  9.980464164311757E+00, -1.703224603721894E+01, -1.944838518277926E-01,  1.082276975622076E-03,  2.729492947189467E-03,  1.738225087433956E-03,  1.140200386163799E-01,  1.974195770373579E+01, -1.824835515976191E-03

2450265.500000000, A.D. 1996-Jul-01,  1.058431828013715E+01, -1.669356027586268E+01, -2.015173588951810E-01,  4.795890916747975E-04,  1.701810189372650E-03,  6.770736803984965E-04,  1.141659956493441E-01,  1.976722938059460E+01, -1.187297877328880E-03

2450449.500000000, A.D. 1997-Jan-01,  1.118208005450641E+01, -1.633398197223370E+01, -2.064958844562066E-01,  3.178081030886295E-03,  1.601069705994328E-03,  1.755157659796760E-03,  1.143320012956751E-01,  1.979597236725044E+01,  4.558139298419030E-04

2450630.500000000, A.D. 1997-Jul-01,  1.176437638925372E+01, -1.595606015132093E+01, -2.147106540095273E-01,  2.239343605298157E-03,  2.505992273970263E-03, -5.113651683750728E-04,  1.145013818218392E-01,  1.982529969623529E+01, -6.825363087675867E-04

2450814.500000000, A.D. 1998-Jan-01,  1.233716377128142E+01, -1.554361242596951E+01, -2.204490225864313E-01,  1.566773951896962E-03,  3.945686072619048E-03,  1.320453327465878E-03,  1.146201188914476E-01,  1.984585838253745E+01, -2.131011925028620E-03

2450995.500000000, A.D. 1998-Jul-01,  1.288443803397073E+01, -1.512045584752022E+01, -2.258007631010442E-01,  4.668940646302248E-04,  3.395614052675308E-03, -1.133776889831378E-03,  1.147408019096812E-01,  1.986675399939953E+01, -2.268692561904747E-03

2451179.500000000, A.D. 1999-Jan-01,  1.341298531615621E+01, -1.467326611599751E+01, -2.307909302887846E-01,  6.095258090909662E-05,  2.174154720804291E-03,  5.059982097575184E-04,  1.148248254379325E-01,  1.988130222233459E+01, -1.569372779087940E-03

2451360.500000000, A.D. 1999-Jul-01,  1.392633181872196E+01, -1.421958114647886E+01, -2.341641667471620E-01,  1.816418823546432E-03,  1.383567073016064E-03, -1.927276720012474E-03,  1.149595182073369E-01,  1.990462355241699E+01,  3.051354437008400E-04

2451544.500000000, A.D. 2000-Jan-01,  1.443125014063417E+01, -1.374083177949225E+01, -2.410904180638364E-01,  1.808612997929100E-03,  3.080648678667196E-03, -6.701215644325293E-04,  1.150951638959047E-01,  1.992810987533791E+01, -8.063267864819918E-04

2451726.500000000, A.D. 2000-Jul-01,  1.491498688670190E+01, -1.324379618995095E+01, -2.449793007432688E-01,  1.675490029961416E-03,  3.884499628756484E-03, -1.611796877773509E-03,  1.152089224091592E-01,  1.994780655132893E+01, -1.306447033081107E-03

2451910.500000000, A.D. 2001-Jan-01,  1.537531228919579E+01, -1.272077750769264E+01, -2.495870360795941E-01, -6.071540562424467E-04,  3.821322745138514E-03,  1.395392321969477E-04,  1.152618533819901E-01,  1.995697126517682E+01, -2.905260826472360E-03

2452091.500000000, A.D. 2001-Jul-01,  1.581235002342555E+01, -1.219760415708912E+01, -2.507007733041787E-01,  7.020436039957623E-04,  2.371105407909114E-03, -1.918880126061454E-03,  1.153477885192740E-01,  1.997185047295566E+01, -8.682110490622348E-04

2452275.500000000, A.D. 2002-Jan-01,  1.623347149151655E+01, -1.165668831500075E+01, -2.558629725513644E-01,  7.815524240427445E-04,  2.216163397304281E-03, -1.022064419053280E-03,  1.154337354563961E-01,  1.998673172381313E+01, -6.446430922428751E-04

2452456.500000000, A.D. 2002-Jul-01,  1.663629511843323E+01, -1.110746412138169E+01, -2.561789565427860E-01,  3.562831018437237E-03,  2.289230125462480E-03, -2.203476401869647E-03,  1.155403524236130E-01,  2.000519187943875E+01,  1.720016048255581E-03

2452640.500000000, A.D. 2003-Jan-01,  1.702641808206747E+01, -1.053067992266735E+01, -2.619857347212899E-01,  1.178826090486868E-03,  4.272450148635179E-03, -1.705389959021155E-03,  1.156348729620637E-01,  2.002155760334897E+01, -1.222373992154184E-03

2452821.500000000, A.D. 2003-Jul-01,  1.738424969538056E+01, -9.948861292804144E+00, -2.607892340793165E-01,  2.668633932132778E-03,  3.764641581745363E-03, -1.552249951179189E-03,  1.156921509015403E-01,  2.003147497113997E+01,  4.664215589307660E-04

2453005.500000000, A.D. 2004-Jan-01,  1.772117811625550E+01, -9.347810960356371E+00, -2.644670429305681E-01,  3.416846346390393E-04,  2.602115794937935E-03, -1.953611643354596E-03,  1.157255448718482E-01,  2.003725695786247E+01, -8.859678957549398E-04

2453187.500000000, A.D. 2004-Jul-01,  1.803579292262826E+01, -8.747429846334736E+00, -2.644262548337750E-01,  2.392715005036279E-03,  1.761090970994421E-03, -1.943775756685238E-03,  1.157811054655204E-01,  2.004687697644501E+01,  1.409869378093105E-03

2453371.500000000, A.D. 2005-Jan-01,  1.833894115503242E+01, -8.131186516508066E+00, -2.690371810816174E-01,  1.783956419879649E-03,  3.276281480715213E-03, -2.046103801923446E-03,  1.158715425873943E-01,  2.006253567869198E+01,  3.302819799167311E-04

2453552.500000000, A.D. 2005-Jul-01,  1.861388195007336E+01, -7.508075812160935E+00, -2.671817879541469E-01,  3.817665232473293E-03,  3.732781064203381E-03, -1.405103621994724E-03,  1.159310962549870E-01,  2.007284707659173E+01,  2.162672025261892E-03

2453736.500000000, A.D. 2006-Jan-01,  1.886904967946999E+01, -6.861230739261310E+00, -2.700298305714963E-01,  5.323570128153116E-04,  4.039493856028702E-03, -1.967484012731709E-03,  1.159701127028077E-01,  2.007960256511790E+01, -8.535800977047010E-04

2453917.500000000, A.D. 2006-Jul-01,  1.909087286750625E+01, -6.220186344803913E+00, -2.673982924934657E-01,  2.039930805957694E-03,  3.021330483136986E-03, -3.185993988481348E-04,  1.159748883855296E-01,  2.008042944894854E+01,  1.007748068704798E-03

2454101.500000000, A.D. 2007-Jan-01,  1.929613146440297E+01, -5.568321295655274E+00, -2.686644875853630E-01,  2.023441265100926E-03,  1.979171424271163E-03, -1.867828270281546E-03,  1.160029890209921E-01,  2.008529492315360E+01,  1.420230347955361E-03

2454282.500000000, A.D. 2007-Jul-01,  1.947598077115532E+01, -4.917330852869922E+00, -2.674713676749134E-01,  3.800176932021881E-03,  2.499497105765762E-03,  3.755665956555116E-04,  1.160240412757016E-01,  2.008894000806225E+01,  3.067402525194558E-03

2454466.500000000, A.D. 2008-Jan-01,  1.964544959568055E+01, -4.246816260655543E+00, -2.682812113685690E-01,  3.222149580501907E-03,  3.995121898165668E-03, -1.247962193583659E-03,  1.160938249969408E-01,  2.010102268484285E+01,  2.321714376119271E-03

2454648.500000000, A.D. 2008-Jul-01,  1.977981522863252E+01, -3.572888901930227E+00, -2.669996633115609E-01,  2.336853359357986E-03,  4.314838970161811E-03,  6.413821464586518E-05,  1.160976752879047E-01,  2.010168934205749E+01,  1.531660448471330E-03

2454832.500000000, A.D. 2009-Jan-01,  1.988815408019799E+01, -2.889832526480050E+00, -2.661119287201403E-01,  7.664437182556742E-04,  2.808519999201832E-03, -1.450222632913057E-03,  1.160808238839066E-01,  2.009877161190219E+01,  3.737999517828534E-04

2455013.500000000, A.D. 2009-Jul-01,  1.996827980170435E+01, -2.218017454734357E+00, -2.637833626872941E-01,  1.837714422351304E-03,  2.384704616383545E-03,  9.469234620506420E-04,  1.160464453219447E-01,  2.009281914841944E+01,  1.550648340207536E-03

2455197.500000000, A.D. 2010-Jan-01,  2.003600250261077E+01, -1.536906159290894E+00, -2.624710874617438E-01,  3.202413565504558E-03,  2.779414928036620E-03, -9.301680949368731E-04,  1.160681432272283E-01,  2.009657602425957E+01,  2.992350958169521E-03

2455378.500000000, A.D. 2010-Jul-01,  2.007373075252966E+01, -8.577439640011930E-01, -2.618144663072914E-01,  2.470037565698674E-03,  4.184908315399924E-03,  1.555868083906152E-03,  1.160518428548568E-01,  2.009375370227284E+01,  2.268662246907483E-03

2455562.500000000, A.D. 2011-Jan-01,  2.009114350368690E+01, -1.610407879308971E-01, -2.583777157043131E-01,  1.576850734763866E-03,  4.372265430534436E-03,  2.569292634841829E-04,  1.160500899036813E-01,  2.009345018818546E+01,  1.538323993160549E-03

2455743.500000000, A.D. 2011-Jul-01,  2.007394681093411E+01,  5.214076136621288E-01, -2.576435615308787E-01, -7.857836642611959E-04,  4.298882483132216E-03,  2.207962390659833E-03,  1.159860963405414E-01,  2.008237004620208E+01, -7.021669596741078E-04

2455927.500000000, A.D. 2012-Jan-01,  2.003257292431806E+01,  1.208586561632479E+00, -2.520218933021141E-01,  1.168458511576818E-03,  2.408101537203363E-03,  1.096597253809258E-03,  1.159180016972653E-01,  2.007057982420496E+01,  1.297484338325531E-03

2456109.500000000, A.D. 2012-Jul-01,  1.997120330008520E+01,  1.885017959793013E+00, -2.502148952655197E-01,  1.308836435562971E-03,  2.963163370940776E-03,  1.780679606966738E-03,  1.158657163526631E-01,  2.006152689741957E+01,  1.559158598036513E-03

2456293.500000000, A.D. 2013-Jan-01,  1.989278111002454E+01,  2.570536243369894E+00, -2.457992133156432E-01,  2.277100750659979E-03,  4.158375954453893E-03,  5.280673555576477E-04,  1.158550571091583E-01,  2.005968130661835E+01,  2.784556918350952E-03

2456474.500000000, A.D. 2013-Jul-01,  1.978254763214942E+01,  3.245276832460154E+00, -2.448011246511546E-01, -6.807492085830040E-04,  5.139107795076554E-03,  2.141466327231937E-03,  1.157902758674968E-01,  2.004846478232670E+01,  1.340072911515610E-04

2456658.500000000, A.D. 2014-Jan-01,  1.964307838879422E+01,  3.927958808460598E+00, -2.375978926465440E-01, -4.031080943924999E-04,  3.513648039185122E-03,  1.584296022843137E-03,  1.157030853243707E-01,  2.003336820776445E+01,  2.748791623341731E-04

2456839.500000000, A.D. 2014-Jul-01,  1.948167442334866E+01,  4.587933862156587E+00, -2.361995402011020E-01, -2.619065325888319E-03,  3.242117512001760E-03,  1.931181608867369E-03,  1.156028196008843E-01,  2.001600773590157E+01, -1.828801324673577E-03

2457023.500000000, A.D. 2015-Jan-01,  1.929799116605607E+01,  5.248619288255493E+00, -2.292046828602440E-01,  5.533041392296714E-04,  2.943722948632654E-03,  1.850095784182150E-03,  1.155122439839616E-01,  2.000032505398027E+01,  1.285183553348310E-03

2457204.500000000, A.D. 2015-Jul-01,  1.909818599354663E+01,  5.896168014322250E+00, -2.279782222903282E-01, -1.703888836491991E-03,  4.209403401352785E-03,  1.086551659779751E-03,  1.154464543254731E-01,  1.998893392772751E+01, -3.986979176505511E-04

2457388.500000000, A.D. 2016-Jan-01,  1.887008374045189E+01,  6.554451970585034E+00, -2.208561465476880E-01, -1.592792537020272E-03,  4.998081991200256E-03,  2.151260403789829E-03,  1.153788522900311E-01,  1.997722899813286E+01,  1.115490401013768E-04

2457570.500000000, A.D. 2016-Jul-01,  1.861626525840453E+01,  7.195330912202174E+00, -2.163057315329019E-01, -3.782380893823185E-03,  4.432323708830638E-03,  1.765850950621109E-03,  1.152769308118564E-01,  1.995958184123269E+01, -1.949125699316126E-03

2457754.500000000, A.D. 2017-Jan-01,  1.833218431110652E+01,  7.828710059133496E+00, -2.073926595745873E-01, -1.665468738283063E-03,  2.577914808649675E-03,  2.115268329282687E-03,  1.151344465153760E-01,  1.993491145005675E+01, -5.411924418164067E-04

2457935.500000000, A.D. 2017-Jul-01,  1.803861270024569E+01,  8.439638605948684E+00, -2.044867034555585E-01, -3.097167113735481E-03,  2.848181024923094E-03,  7.516925551001950E-04,  1.150272250095593E-01,  1.991634662181733E+01, -1.605951695754665E-03

2458119.500000000, A.D. 2018-Jan-01,  1.772064031895261E+01,  9.053104640984195E+00, -1.971054453677150E-01, -1.365095277039446E-03,  4.194486062491086E-03,  1.900462506531167E-03,  1.149340696595417E-01,  1.990021727295690E+01,  6.737698961121863E-04

2458300.500000000, A.D. 2018-Jul-01,  1.738696729977061E+01,  9.649132959416288E+00, -1.927006300839655E-01, -3.628079852263200E-03,  4.775798668368260E-03, -1.171859204787364E-04,  1.148514545520440E-01,  1.988591291051586E+01, -8.536901317755326E-04

2458484.500000000, A.D. 2019-Jan-01,  1.701546867479896E+01,  1.024768146881002E+01, -1.843969687955160E-01, -4.549229191728964E-03,  4.063337663670625E-03,  1.652970977183030E-03,  1.147244099884848E-01,  1.986391582622514E+01, -1.815970218666822E-03

2458665.500000000, A.D. 2019-Jul-01,  1.663366689919788E+01,  1.081646735490474E+01, -1.773468282792157E-01, -4.968867787752152E-03,  2.802034185929155E-03, -9.197499139616648E-04,  1.145980280718762E-01,  1.984203347569729E+01, -2.629733776129965E-03

2458849.500000000, A.D. 2020-Jan-01,  1.622048681932506E+01,  1.137661523959342E+01, -1.702000264266375E-01, -3.672336996623326E-03,  2.546022274036983E-03,  5.864596110084594E-04,  1.144311559485695E-01,  1.981314046320378E+01, -1.549567245283757E-03

2459031.500000000, A.D. 2020-Jul-01,  1.580105288498848E+01,  1.191961159042117E+01, -1.632936940614672E-01, -3.246255993956283E-03,  3.325551603874712E-03, -6.780599957027080E-04,  1.143169102354056E-01,  1.979335943116341E+01, -5.832388541864203E-04

2459215.500000000, A.D. 2021-Jan-01,  1.535304171324045E+01,  1.246164609470664E+01, -1.555744350412310E-01, -4.204658042567406E-03,  4.556084112014538E-03,  1.204352687716171E-03,  1.142082598024474E-01,  1.977454719185896E+01, -4.028081628119150E-04

2459396.500000000, A.D. 2021-Jul-01,  1.489242175142756E+01,  1.297690327110226E+01, -1.470978909233090E-01, -5.002141274458981E-03,  3.703339674260472E-03, -1.247399347377359E-03,  1.140874498007671E-01,  1.975362958849465E+01, -1.329002695722577E-03

2459580.500000000, A.D. 2022-Jan-01,  1.439384686184973E+01,  1.348152822892002E+01, -1.388634350723188E-01, -5.529884290360342E-03,  2.321745369075579E-03,  3.273382795518348E-04,  1.139042497891765E-01,  1.972190948978188E+01, -2.451136247664751E-03

2459761.500000000, A.D. 2022-Jul-01,  1.389511620767724E+01,  1.395685299642360E+01, -1.287145856439305E-01, -3.492766620040633E-03,  1.349023853441369E-03, -1.960796557700681E-03,  1.137475934488369E-01,  1.969478528527769E+01, -1.495415508092390E-03

2459945.500000000, A.D. 2023-Jan-01,  1.337105919726410E+01,  1.442185021990400E+01, -1.226054668860567E-01, -3.722800026368352E-03,  2.921612257608515E-03, -8.335175471849949E-04,  1.135869914152979E-01,  1.966697790517384E+01, -3.834107802738690E-04

2460126.500000000, A.D. 2023-Jul-01,  1.283990373740565E+01,  1.486644205210191E+01, -1.113517028699679E-01, -2.140141988286028E-03,  2.979428210821269E-03, -2.081765922322346E-03,  1.134542660022226E-01,  1.964399721228039E+01,  8.677504749578397E-04

2460310.500000000, A.D. 2024-Jan-01,  1.227588057448045E+01,  1.530325241784246E+01, -1.044364242784977E-01, -5.434483463187903E-03,  3.085435495342012E-03, -1.363398544979230E-03,  1.133087937923104E-01,  1.961880947993082E+01, -9.864759288675314E-04

2460492.500000000, A.D. 2024-Jul-01,  1.169928801317859E+01,  1.570933725139376E+01, -9.339174497307791E-02, -4.592632571752213E-03,  1.494709134720197E-03, -1.902278347435145E-03,  1.131272551009417E-01,  1.958737702989762E+01, -1.535273669638522E-03

2460676.500000000, A.D. 2025-Jan-01,  1.110088037228317E+01,  1.609194726524506E+01, -8.615573008678803E-02, -4.576293442462397E-03,  1.227244306900032E-03, -1.176238765508467E-03,  1.129092023451091E-01,  1.954962236558540E+01, -1.583191485576602E-03

2460857.500000000, A.D. 2025-Jul-01,  1.050519859657193E+01,  1.645056559344201E+01, -7.411990503354289E-02, -1.678448335172405E-03,  1.157008388313742E-03, -2.071876100173467E-03,  1.127315195296549E-01,  1.951885753977105E+01,  7.964485347898829E-05

2461041.500000000, A.D. 2026-Jan-01,  9.887100341199439E+00,  1.679777632309611E+01, -6.774827988116661E-02, -4.138824174039590E-03,  2.885622756212779E-03, -1.767158122259367E-03,  1.125744133919931E-01,  1.949165545527473E+01,  3.935426443920815E-04

2461222.500000000, A.D. 2026-Jul-01,  9.259964963544085E+00,  1.711848157459960E+01, -5.479265930856259E-02, -2.620047607576587E-03,  2.182118311086423E-03, -1.317040142283634E-03,  1.124065386859365E-01,  1.946258885095927E+01,  6.764345321981973E-04

2461406.500000000, A.D. 2027-Jan-01,  8.605285381586803E+00,  1.741813502095167E+01, -4.666442200037931E-02, -4.752458095256125E-03,  7.578829238580312E-04, -1.923364577446239E-03,  1.122063773898237E-01,  1.942793199686820E+01, -1.420923152501568E-03

2461587.500000000, A.D. 2027-Jul-01,  7.951225684644338E+00,  1.768590994998251E+01, -3.412059947808425E-02, -1.972877189763482E-03, -2.037451293618209E-04, -5.959077102927559E-04,  1.119936245741053E-01,  1.939109498874024E+01, -9.937487840381170E-04

2461771.500000000, A.D. 2028-Jan-01,  7.284958106115973E+00,  1.792976480609360E+01, -2.667323210293977E-02, -1.813456077667991E-03,  5.752869886652510E-04, -2.006715934652902E-03,  1.117749765124446E-01,  1.935323725041907E+01, -1.468832068582070E-04

2461953.500000000, A.D. 2028-Jul-01,  6.614850166581468E+00,  1.815440329677162E+01, -1.633860093091812E-02, -1.250183633416291E-03,  1.474112096264559E-03, -1.141746491880601E-03,  1.115944433554187E-01,  1.932197890326029E+01,  9.580024239466908E-04

2462137.500000000, A.D. 2029-Jan-01,  5.925994822045801E+00,  1.836063991944313E+01, -8.418489828682398E-03, -4.359201376610640E-03,  1.458624404195261E-03, -1.882589538588144E-03,  1.114286819252081E-01,  1.929327820131492E+01,  4.999260508814546E-05

2462318.500000000, A.D. 2029-Jul-01,  5.233656972256203E+00,  1.853470234058026E+01,  4.029286129910107E-03, -2.917357929764722E-03,  3.129743343545166E-04, -2.734250670873057E-05,  1.112333002443854E-01,  1.925944891195758E+01, -4.915859615839116E-04

2462502.500000000, A.D. 2030-Jan-01,  4.526594580294644E+00,  1.867822129314310E+01,  1.288572962444672E-02, -2.621728555287564E-03, -8.949251256716674E-04, -1.691219554531551E-03,  1.109991179752159E-01,  1.921890150898342E+01, -1.488373536437672E-03

2462683.500000000, A.D. 2030-Jul-01,  3.825704170798788E+00,  1.879690803246952E+01,  2.310145877057379E-02, -1.040825040887926E-03, -4.344753239477222E-04,  6.544159260509147E-04,  1.107876747625450E-01,  1.918229125159406E+01, -6.325398402590056E-04

2462867.500000000, A.D. 2031-Jan-01,  3.118377744673904E+00,  1.889404071913976E+01,  3.180441589330412E-02, -1.407996480696980E-03,  8.315615866181063E-04, -9.835610283161717E-04,  1.105993010197838E-01,  1.914967534909819E+01,  5.895458694855087E-04

2463048.500000000, A.D. 2031-Jul-01,  2.407161316842373E+00,  1.896756583430172E+01,  4.063877591813067E-02, -2.666422837157824E-03,  1.346217260496194E-03,  1.642419243199025E-03,  1.104264350105326E-01,  1.911974452742454E+01,  1.003292721189690E-03

2463232.500000000, A.D. 2032-Jan-01,  1.680206544622472E+00,  1.901475719871009E+01,  5.187130081363336E-02, -3.021083119306618E-03, -4.737250541701115E-04,  1.419732812843970E-04,  1.102483936547908E-01,  1.908891762228381E+01, -7.374145801585155E-04

2463414.500000000, A.D. 2032-Jul-01,  9.565141017762584E-01,  1.902850509679778E+01,  6.111788037746480E-02, -2.576537955763205E-03, -1.296625835464757E-03,  1.192516744112495E-03,  1.100388063887843E-01,  1.905262871209791E+01, -1.420510656061338E-03

2463598.500000000, A.D. 2033-Jan-01,  2.337795933286464E-01,  1.901164514007234E+01,  7.031433209609314E-02, -9.221834916919983E-04, -1.021799210815398E-03, -6.619674059487969E-04,  1.098111570849965E-01,  1.901321245701503E+01, -1.035501892308844E-03

2463779.500000000, A.D. 2033-Jul-01, -4.823599184006551E-01,  1.897531141932522E+01,  7.769190689836414E-02, -1.849364111754926E-03,  2.713003284864248E-04,  1.736843722866314E-03,  1.096285805892185E-01,  1.898160031671859E+01,  3.253153549234451E-04

2463963.500000000, A.D. 2034-Jan-01, -1.206522721865137E+00,  1.891617243917876E+01,  8.819628687195434E-02, -2.459153578070465E-03,  1.984295716246002E-04,  5.376971880833528E-04,  1.094738881634288E-01,  1.895481615347774E+01,  3.570583593653037E-04

2464144.500000000, A.D. 2034-Jul-01, -1.926602904373270E+00,  1.882738465436371E+01,  9.488664591405963E-02, -4.852747707847510E-03, -3.929437001662959E-05,  2.273889322882947E-03,  1.093071149761579E-01,  1.892594027122781E+01,  4.663054629587175E-04

2464328.500000000, A.D. 2035-Jan-01, -2.655259451175608E+00,  1.870365915393841E+01,  1.065093689549386E-01, -2.556743990988928E-03, -2.031246526941987E-03,  1.321159488912371E-03,  1.091081801764339E-01,  1.889149577840348E+01, -1.644242920313982E-03

2464509.500000000, A.D. 2035-Jul-01, -3.364549591626643E+00,  1.855390062956281E+01,  1.115545773106121E-01, -4.037935067325307E-03, -1.418878667919074E-03,  1.864488828665287E-03,  1.089079411967277E-01,  1.885682547381519E+01, -6.645821048941953E-04

2464693.500000000, A.D. 2036-Jan-01, -4.073981615136519E+00,  1.837679853429855E+01,  1.217320010592029E-01, -1.962866806507149E-03, -3.590728975876405E-04,  1.822111886860557E-03,  1.087146588309492E-01,  1.882335966959006E+01,  8.605702378068324E-05

2464875.500000000, A.D. 2036-Jul-01, -4.774480541138169E+00,  1.817928415373589E+01,  1.282852450501916E-01, -4.154179838945144E-03,  3.050063298740831E-04,  2.153558577501568E-03,  1.085580065197061E-01,  1.879623616270229E+01,  1.364907160809874E-03

2465059.500000000, A.D. 2037-Jan-01, -5.481668148700159E+00,  1.795226030711931E+01,  1.395743121166848E-01, -3.562035078923322E-03, -1.494125410555748E-03,  1.771603384501371E-03,  1.084124662567673E-01,  1.877103664733645E+01, -3.755660315306368E-04

2465240.500000000, A.D. 2037-Jul-01, -6.168657014997070E+00,  1.769538598610708E+01,  1.443227627768066E-01, -5.600459607485229E-03, -1.894076131763950E-03,  1.814237190745854E-03,  1.082351002085355E-01,  1.874032666806647E+01,  6.898182475065878E-05

2465424.500000000, A.D. 2038-Jan-01, -6.853678575270583E+00,  1.740319383572223E+01,  1.542035551281010E-01, -2.264855127487721E-03, -2.184146706041739E-03,  1.934433591788858E-03,  1.080296530444518E-01,  1.870475459430723E+01, -1.186342369724797E-03

2465605.500000000, A.D. 2038-Jul-01, -7.512540030276242E+00,  1.709368767552606E+01,  1.579768356785982E-01, -4.290370470735497E-03, -1.070043575775903E-03,  8.921399613917468E-04,  1.078426107906841E-01,  1.867236923198407E+01,  7.541371154208902E-04

2465789.500000000, A.D. 2039-Jan-01, -8.173085029420784E+00,  1.676024508066088E+01,  1.669039733347738E-01, -4.144542024059815E-03, -4.046912461032449E-04,  2.128117371844016E-03,  1.076995564485014E-01,  1.864760014045439E+01,  1.471833423192165E-03

2465970.500000000, A.D. 2039-Jul-01, -8.812050720524278E+00,  1.640321228147222E+01,  1.719858948302769E-01, -6.501185243409048E-03, -9.530937335439566E-04,  2.265764016081733E-04,  1.075467874205219E-01,  1.862114900322088E+01,  2.239063938049597E-03

2466154.500000000, A.D. 2040-Jan-01, -9.456872749057956E+00,  1.601189510970463E+01,  1.805834234597165E-01, -5.332140619285426E-03, -2.644287534876332E-03,  1.689343893480644E-03,  1.074069151148169E-01,  1.859693086422828E+01,  4.511705847200171E-04

2466336.500000000, A.D. 2040-Jul-01, -1.007033770852374E+01,  1.559562868412742E+01,  1.859852729546376E-01, -4.771002958875677E-03, -2.837092868383435E-03,  5.134907311898770E-04,  1.072241623570009E-01,  1.856528820510603E+01,  2.097929079969161E-04

2466520.500000000, A.D. 2041-Jan-01, -1.067113880985837E+01,  1.515435719754891E+01,  1.929181416587319E-01, -3.051061962832132E-03, -1.481961717346793E-03,  1.812882597986894E-03,  1.070521516168249E-01,  1.853550546868223E+01,  5.637756393856954E-04

2466701.500000000, A.D. 2041-Jul-01, -1.124444543469439E+01,  1.470045773097377E+01,  1.969241842465203E-01, -4.881425987001463E-03, -1.079181278893969E-03, -3.591457339255279E-04,  1.068985553000352E-01,  1.850891109083155E+01,  2.104594090276609E-03

2466885.500000000, A.D. 2042-Jan-01, -1.182030720089222E+01,  1.422040734254538E+01,  2.036439098408031E-01, -5.733172793065258E-03, -1.876064816937671E-03,  1.461073915613063E-03,  1.068051097488443E-01,  1.849273149519557E+01,  2.238014247243646E-03

2467066.500000000, A.D. 2042-Jul-01, -1.236302984170258E+01,  1.371890831976005E+01,  2.092239933177463E-01, -5.586170081016658E-03, -3.245551230276152E-03, -1.139733239963722E-03,  1.066669169751294E-01,  1.846880415815247E+01,  1.315629744586592E-03

2467250.500000000, A.D. 2043-Jan-01, -1.289863047465168E+01,  1.318310239871646E+01,  2.135817790281013E-01, -4.240910426150288E-03, -3.416847943160268E-03,  3.267849344947651E-04,  1.065288796993784E-01,  1.844490374474721E+01,  5.273584286349924E-04

2467431.500000000, A.D. 2043-Jul-01, -1.339534978375990E+01,  1.263909265253221E+01,  2.192097505481978E-01, -2.547670511661813E-03, -3.311659115069688E-03, -2.001103876378718E-03,  1.063746549592953E-01,  1.841820055877624E+01, -4.434792751324443E-04

2467615.500000000, A.D. 2044-Jan-01, -1.388175016591915E+01,  1.207284826740440E+01,  2.213387143619649E-01, -4.386505349166778E-03, -1.660909144998385E-03, -5.275236013126968E-04,  1.062610061047449E-01,  1.839852286960128E+01,  2.213422575171313E-03

2467797.500000000, A.D. 2044-Jul-01, -1.434464668913759E+01,  1.149441384519105E+01,  2.263961326801598E-01, -4.745113939071770E-03, -2.445629406811036E-03, -1.435398577038289E-03,  1.061724538063528E-01,  1.838319051442372E+01,  2.155824785911905E-03

2467981.500000000, A.D. 2045-Jan-01, -1.479824289597384E+01,  1.088686468272144E+01,  2.296507267166552E-01, -5.138994079381121E-03, -3.795264773767923E-03,  4.729878093216232E-05,  1.061131937184997E-01,  1.837292994828013E+01,  1.890847616452616E-03

2468162.500000000, A.D. 2045-Jul-01, -1.521105343254448E+01,  1.026874218819034E+01,  2.349385685382899E-01, -2.611657471952132E-03, -4.741749699676014E-03, -2.067174796382079E-03,  1.060052940752007E-01,  1.835424770417546E+01, -5.149436290414868E-04

2468346.500000000, A.D. 2046-Jan-01, -1.560466660350982E+01,  9.624169631510654E+00,  2.350382131362424E-01, -2.812386043344318E-03, -3.092417126480075E-03, -1.087676431412407E-03,  1.058962200049764E-01,  1.833536211435217E+01,  7.563937902461035E-04

2468527.500000000, A.D. 2046-Jul-01, -1.596640573741747E+01,  8.980812379169361E+00,  2.402549101368126E-01, -9.005915844381489E-04, -3.028579668545354E-03, -2.067990154673123E-03,  1.058100849448644E-01,  1.832044829100871E+01, -7.268784974568540E-04

2468711.500000000, A.D. 2047-Jan-01, -1.631519759054541E+01,  8.316434461681917E+00,  2.402600203843763E-01, -4.000102476299905E-03, -2.994821300326967E-03, -1.550708445528832E-03,  1.057734550644002E-01,  1.831410602381083E+01,  2.183216255269436E-03

2468892.500000000, A.D. 2047-Jul-01, -1.663468862014663E+01,  7.644586886466668E+00,  2.458409612771820E-01, -1.521968121714114E-03, -4.509129157944936E-03, -1.463826737728560E-03,  1.057429448014845E-01,  1.830882333554550E+01, -5.195763940539236E-04

2469076.500000000, A.D. 2048-Jan-01, -1.693202847367107E+01,  6.941812786704272E+00,  2.450177239087696E-01, -1.656161035803939E-03, -5.147407267934917E-03, -2.121120835448501E-03,  1.057002518156169E-01,  1.830143127418969E+01, -4.485924544340748E-04

2469258.500000000, A.D. 2048-Jul-01, -1.719313707858382E+01,  6.237978426793870E+00,  2.470001606418191E-01,  5.395845866153873E-04, -4.632054743704325E-03, -2.029060232595605E-03,  1.056426369005006E-01,  1.829145556087532E+01, -2.114265177028783E-03

2469442.500000000, A.D. 2049-Jan-01, -1.742665911759327E+01,  5.522043434739628E+00,  2.444558604192286E-01, -1.782451346348332E-03, -2.901648080603553E-03, -1.916485200620792E-03,  1.055895498293488E-01,  1.828226381944099E+01,  7.969827685613669E-04

2469623.500000000, A.D. 2049-Jul-01, -1.763535644974435E+01,  4.810104912332885E+00,  2.480873123593633E-01, -8.524973482125549E-05, -3.524219610015929E-03, -1.182081253979818E-03,  1.055837501199223E-01,  1.828125963088272E+01, -8.610848637670501E-04

2469807.500000000, A.D. 2050-Jan-01, -1.782278739064830E+01,  4.074840179301195E+00,  2.464334850667859E-01, -1.830863079387391E-03, -4.926826737059478E-03, -1.982906739837017E-03,  1.056014955341201E-01,  1.828433215410565E+01,  6.599309802799581E-04

2469988.500000000, A.D. 2050-Jul-01, -1.797757508611515E+01,  3.341554099259445E+00,  2.485103649296490E-01,  1.025686703062714E-03, -5.679962250480630E-03, -4.276724268771753E-04,  1.056179425029787E-01,  1.828717985848728E+01, -2.052013606369702E-03

2470172.500000000, A.D. 2051-Jan-01, -1.809557548489118E+01,  2.586676489317679E+00,  2.453312388817840E-01,  1.502616516834213E-03, -4.769441638447526E-03, -1.957268402587758E-03,  1.055831942654622E-01,  1.828116338766641E+01, -2.188476268834485E-03

2470353.500000000, A.D. 2051-Jul-01, -1.818735899663105E+01,  1.847434833864005E+00,  2.447019803272524E-01,  2.492539812995473E-03, -3.781278770397969E-03,  4.486905819872355E-04,  1.055914060005060E-01,  1.828258520551420E+01, -2.855645766093019E-03

2470537.500000000, A.D. 2052-Jan-01, -1.824787217580819E+01,  1.097074239462561E+00,  2.424273948585178E-01,  7.488400407356253E-04, -3.714668242282202E-03, -1.045761853271881E-03,  1.055904993678877E-01,  1.828242822694253E+01, -9.841977924706141E-04

2470719.500000000, A.D. 2052-Jul-01, -1.828718162336482E+01,  3.494744375993671E-01,  2.411487119554681E-01,  8.197249883176360E-04, -4.722395410903326E-03,  1.452720186900540E-04,  1.056464179766498E-01,  1.829211023391630E+01, -9.078112831368475E-04

2470903.500000000, A.D. 2053-Jan-01, -1.829267466510343E+01, -4.149497001608097E-01,  2.377547531292987E-01,  1.541525960788169E-03, -5.769129042840019E-03, -1.615760455045138E-03,  1.056857769131250E-01,  1.829892502251474E+01, -1.431170914022347E-03

2471084.500000000, A.D. 2053-Jul-01, -1.826823505041474E+01, -1.162775625787939E+00,  2.349388958368747E-01,  3.009949285061811E-03, -5.044028654686188E-03,  8.039546415087495E-04,  1.057307430223288E-01,  1.830671066297561E+01, -2.672927329161127E-03

2471268.500000000, A.D. 2054-Jan-01, -1.820321235380991E+01, -1.917863790360167E+00,  2.307641627754426E-01,  2.941308968447777E-03, -3.675440029446341E-03, -8.280957649395332E-04,  1.057232875502738E-01,  1.830541978800525E+01, -2.550248711651442E-03

2471449.500000000, A.D. 2054-Jul-01, -1.812129520489005E+01, -2.653743152145686E+00,  2.259384010386353E-01,  1.562915298738998E-03, -2.991067411124562E-03,  1.732656650744949E-03,  1.057842179295202E-01,  1.831596955613857E+01, -1.091563900797785E-03

2471633.500000000, A.D. 2055-Jan-01, -1.800932464676216E+01, -3.398278841668566E+00,  2.236258169704748E-01,  1.638992094016330E-03, -4.713038994566210E-03,  3.057373026031180E-04,  1.058566144551206E-01,  1.832850462597053E+01, -7.328775336268940E-04

2471814.500000000, A.D. 2055-Jul-01, -1.787278601320751E+01, -4.130144384541976E+00,  2.169435809368377E-01,  6.679335566998810E-04, -4.804897638381861E-03,  2.072253649532260E-03,  1.059522949591546E-01,  1.834507119169559E+01,  4.555256019200457E-04

2471998.500000000, A.D. 2056-Jan-01, -1.769653093443212E+01, -4.871505535983792E+00,  2.135402943307596E-01,  3.775694058377511E-03, -4.787410054051978E-03,  9.441247483097504E-04,  1.060156719856696E-01,  1.835604458367152E+01, -2.358524640083006E-03

2472180.500000000, A.D. 2056-Jul-01, -1.749342807592102E+01, -5.590329303632426E+00,  2.064138660922208E-01,  3.039052555791306E-03, -3.257267684029785E-03,  1.776803561430844E-03,  1.060738706619415E-01,  1.836612137209673E+01, -1.883222414070464E-03

2472364.500000000, A.D. 2057-Jan-01, -1.726042364719054E+01, -6.301643772261301E+00,  2.023527063372594E-01,  2.713661489623714E-03, -3.229393122528305E-03,  6.992804672318746E-04,  1.061303763039470E-01,  1.837590502072581E+01, -1.433777577891164E-03

2472545.500000000, A.D. 2057-Jul-01, -1.701274524996893E+01, -6.995139499709198E+00,  1.940108481677808E-01,  3.018194293946452E-04, -3.281854324428690E-03,  2.194032630550552E-03,  1.062449128097310E-01,  1.839573640194757E+01,  9.919645229831339E-04

2472729.500000000, A.D. 2058-Jan-01, -1.673352982194441E+01, -7.694542238720397E+00,  1.905213591688515E-01,  2.894172967196822E-03, -5.003192845184815E-03,  1.417164682525786E-03,  1.063782903689447E-01,  1.841883001044460E+01, -5.245963415567124E-04

2472910.500000000, A.D. 2058-Jul-01, -1.642841154197468E+01, -8.371032651394229E+00,  1.803660818051473E-01,  1.451032725492669E-03, -4.150602056024223E-03,  1.666014993365899E-03,  1.064952060474024E-01,  1.843907333264502E+01,  6.077938382834375E-04

2473094.500000000, A.D. 2059-Jan-01, -1.608646725385384E+01, -9.042127969797049E+00,  1.750760802332368E-01,  3.550752955578944E-03, -2.817222511748013E-03,  1.839046614160304E-03,  1.065837691859396E-01,  1.845440756473553E+01, -1.697340404636411E-03

2473275.500000000, A.D. 2059-Jul-01, -1.572866845860388E+01, -9.685210108143069E+00,  1.646038502505064E-01,  4.895282696829324E-04, -1.857210821745012E-03,  1.131900366263615E-03,  1.066864090206093E-01,  1.847217910120716E+01,  5.670237533839782E-04

2473459.500000000, A.D. 2060-Jan-01, -1.534859612678390E+01, -1.032079581218960E+01,  1.599139185413847E-01,  8.055577697349210E-04, -2.965074179346072E-03,  2.171949877431776E-03,  1.068273883836825E-01,  1.849658892124111E+01,  1.004783606506237E-03

2473641.500000000, A.D. 2060-Jul-01, -1.494750028551243E+01, -1.094167428092894E+01,  1.513348591874058E-01,  2.924605679254167E-04, -3.785136483742222E-03,  1.566885714309146E-03,  1.069907410158343E-01,  1.852487255273140E+01,  2.012499703531971E-03

2473825.500000000, A.D. 2061-Jan-01, -1.451454123971852E+01, -1.155629570980777E+01,  1.454319901725188E-01,  3.645140491017634E-03, -3.706185623558867E-03,  1.890882231170340E-03,  1.071574281959268E-01,  1.855373354330003E+01, -5.283448838596487E-04

2474006.500000000, A.D. 2061-Jul-01, -1.406146964327560E+01, -1.213921733270658E+01,  1.339932576718909E-01,  1.761176505191004E-03, -2.408054628911058E-03,  5.858013737345777E-04,  1.072915788254085E-01,  1.857696100476466E+01,  2.446935189473344E-04

2474190.500000000, A.D. 2062-Jan-01, -1.358239365547485E+01, -1.270564657661208E+01,  1.271533646758655E-01,  1.778381169358199E-03, -1.517990826341250E-03,  1.980102157695960E-03,  1.074201447103768E-01,  1.859922149769194E+01, -2.481739095636517E-04

2474371.500000000, A.D. 2062-Jul-01, -1.309153453200199E+01, -1.324769752438500E+01,  1.172857419210227E-01, -2.714020188378243E-04, -1.942260041682781E-03, -1.017554490820713E-04,  1.075710285587220E-01,  1.862534622619013E+01,  1.571600743887531E-03

2474555.500000000, A.D. 2063-Jan-01, -1.258146821479134E+01, -1.378179832132458E+01,  1.101287821077116E-01,  8.285171306637760E-04, -3.311437863322427E-03,  1.428127973398409E-03,  1.077785747122490E-01,  1.866128172870552E+01,  1.895415617730410E-03

2474736.500000000, A.D. 2063-Jul-01, -1.204911124555541E+01, -1.429014438346212E+01,  1.010228901145497E-01,  1.522289894592172E-03, -3.598507582226851E-03, -1.230134953862354E-03,  1.079573249858370E-01,  1.869223137916634E+01,  1.763121810889906E-03

2474920.500000000, A.D. 2064-Jan-01, -1.148891091196734E+01, -1.478333089550118E+01,  9.089382827495156E-02,  2.218600664779883E-03, -1.771556351798644E-03,  4.197238433138702E-04,  1.081349493620901E-01,  1.872298608654667E+01,  3.943541192108635E-05

2475102.500000000, A.D. 2064-Jul-01, -1.091564554120622E+01, -1.524319123140828E+01,  8.156628532813001E-02,  1.430597745499410E-03, -1.012124819435543E-03, -6.704937357598196E-04,  1.082833215900060E-01,  1.874867594144823E+01, -1.293826899184889E-05

2475286.500000000, A.D. 2065-Jan-01, -1.033003206515211E+01, -1.568208034909483E+01,  7.316891218547439E-02,  4.155040936839537E-04, -1.585063295330995E-03,  1.176967345368990E-03,  1.084571853553872E-01,  1.877877951924052E+01,  1.099700688428880E-03

2475467.500000000, A.D. 2065-Jul-01, -9.732803782533605E+00, -1.609795150389705E+01,  6.473076601589160E-02,  8.874663015142998E-04, -2.761704673635763E-03, -1.408573537933093E-03,  1.086466497050887E-01,  1.881158425447444E+01,  1.899312359905380E-03

2475651.500000000, A.D. 2066-Jan-01, -9.114067579610655E+00, -1.650107528115475E+01,  5.434753546443499E-02,  2.027860775451605E-03, -2.562914485577929E-03, -4.020430547690968E-07,  1.088734483066415E-01,  1.885085321503134E+01,  1.263007175035555E-03

2475832.500000000, A.D. 2066-Jul-01, -8.482432113497211E+00, -1.686956372115798E+01,  4.638540602779190E-02,  3.895335056804728E-03, -2.221429655598525E-03, -2.168006980207758E-03,  1.090542642823569E-01,  1.888216053072822E+01,  2.294266091753399E-04

2476016.500000000, A.D. 2067-Jan-01, -7.830340641384580E+00, -1.721243233917623E+01,  3.445469224826612E-02,  1.784888405517312E-03, -3.657371867548626E-04, -8.256063240069098E-04,  1.092143108021296E-01,  1.890987172660504E+01, -4.076973003515762E-04

2476197.500000000, A.D. 2067-Jul-01, -7.180097561304235E+00, -1.752493095684999E+01,  2.816570209452343E-02,  3.099228037657069E-03, -1.128093620466929E-03, -2.001743192227345E-03,  1.093813338024539E-01,  1.893879086264434E+01, -1.340833944680255E-04

2476381.500000000, A.D. 2068-Jan-01, -6.516638214164914E+00, -1.781984380241072E+01,  1.692681860103044E-02,  1.395626055084786E-03, -2.186513695780827E-03, -1.539365767540710E-03,  1.095848396451673E-01,  1.897402680702803E+01,  1.572807195109204E-03

2476563.500000000, A.D. 2068-Jul-01, -5.844781174110351E+00, -1.809036377020322E+01,  8.830002623391096E-03,  3.631680588736484E-03, -2.741437150926329E-03, -2.186679614613118E-03,  1.097990906878525E-01,  1.901112322511383E+01,  1.491122236996311E-03

2476747.500000000, A.D. 2069-Jan-01, -5.152235719673282E+00, -1.833645849857531E+01, -3.809976822450932E-03,  3.150159849738011E-03, -8.067163752338139E-04, -1.360848375810160E-03,  1.100037276030970E-01,  1.904655500863543E+01, -7.522935063503714E-05

2476928.500000000, A.D. 2069-Jul-01, -4.463769018021527E+00, -1.854640897581504E+01, -1.041080053795229E-02,  5.032975466678404E-03, -5.308219839751287E-04, -2.058052768691307E-03,  1.101739166872679E-01,  1.907602233509935E+01, -6.605031253507480E-04

2477112.500000000, A.D. 2070-Jan-01, -3.763876855120924E+00, -1.872940256862257E+01, -2.218412647658305E-02,  1.808342881466017E-03, -3.824453472556069E-04, -1.739055199277445E-03,  1.103347412157673E-01,  1.910386823901139E+01,  2.068546365169410E-05

2477293.500000000, A.D. 2070-Jul-01, -3.072814273215957E+00, -1.888805708712319E+01, -2.781921494447027E-02,  4.200127612640577E-03, -1.643204021537303E-03, -1.362815978620645E-03,  1.105226074233912E-01,  1.913639626452234E+01,  9.494280692472416E-04

2477477.500000000, A.D. 2071-Jan-01, -2.364488018172682E+00, -1.902995054182903E+01, -3.951954833683428E-02,  4.040166723024675E-03, -2.032586262128955E-03, -2.210014855551833E-03,  1.107532079084226E-01,  1.917632350079759E+01,  1.523463505400152E-03

2477658.500000000, A.D. 2071-Jul-01, -1.661971459183894E+00, -1.913923464431704E+01, -4.650615091626654E-02,  6.856487252919511E-03, -1.547588292152885E-03, -7.991161830544613E-04,  1.109553005547065E-01,  1.921131475780459E+01,  9.505613426114709E-04

2477842.500000000, A.D. 2072-Jan-01, -9.382225885896186E-01, -1.922016449699031E+01, -5.833191732514956E-02,  5.212628547434033E-03,  2.132926797599195E-04, -1.978670754607063E-03,  1.111391003916054E-01,  1.924313871305004E+01, -4.611881000072651E-04

2478024.500000000, A.D. 2072-Jul-01, -2.303940789238709E-01, -1.927021628912270E+01, -6.625469589525555E-02,  4.973430429223762E-03,  1.871256479147836E-04, -1.027203109911138E-03,  1.113040994918632E-01,  1.927170742165575E+01, -2.430372929209212E-04

2478208.500000000, A.D. 2073-Jan-01,  4.817360180912011E-01, -1.929889981625190E+01, -7.678055925679998E-02,  3.249557340695981E-03, -1.094251250924415E-03, -2.009507714861245E-03,  1.114967514582104E-01,  1.930506407560291E+01,  1.182983134166531E-03

2478389.500000000, A.D. 2073-Jul-01,  1.182261940359598E+00, -1.930413330481143E+01, -8.337895478149260E-02,  5.774915094712062E-03, -1.554552822590568E-03, -2.387435432710121E-04,  1.117013104206873E-01,  1.934048236202120E+01,  1.905674467634758E-03

2478573.500000000, A.D. 2074-Jan-01,  1.903345600642932E+00, -1.928670957711820E+01, -9.433603461695662E-02,  6.188849728074266E-03, -4.522443174414093E-04, -1.866707877538823E-03,  1.119331795005691E-01,  1.938062924868584E+01,  1.066937624418064E-03

2478754.500000000, A.D. 2074-Jul-01,  2.604727494597006E+00, -1.923626773660629E+01, -1.026733860489730E-01,  6.679755594575627E-03,  7.595934186377007E-04,  6.487405857314664E-04,  1.121148675754542E-01,  1.941208756367312E+01,  1.401493930507080E-04

2478938.500000000, A.D. 2075-Jan-01,  3.317213753596231E+00, -1.915488034042274E+01, -1.115385398926240E-01,  4.937364399624578E-03,  8.457672141867511E-04, -8.663059072653509E-04,  1.122778869599918E-01,  1.944031349512766E+01,  1.411241672705720E-05

2479119.500000000, A.D. 2075-Jul-01,  4.004266915856664E+00, -1.905300373102187E+01, -1.203554252833803E-01,  4.081877659501481E-03,  6.006023283669998E-04,  1.664410816349442E-03,  1.124470711557056E-01,  1.946960683054881E+01,  2.414701248232051E-04

2479303.500000000, A.D. 2076-Jan-01,  4.701732564514472E+00, -1.893088734755889E+01, -1.274865727990038E-01,  5.773030383225170E-03, -8.366870036631870E-04, -7.077278546310988E-05,  1.126597775558760E-01,  1.950643580207377E+01,  2.203964649223681E-03

2479485.500000000, A.D. 2076-Jul-01,  5.388913924173896E+00, -1.878420040694096E+01, -1.367088816808065E-01,  6.459163837810118E-03,  7.583829068295896E-05,  9.854803382869409E-04,  1.128674701961215E-01,  1.954239666797823E+01,  1.701356949370582E-03

2479669.500000000, A.D. 2077-Jan-01,  6.084857901880204E+00, -1.860562037387566E+01, -1.452816084447947E-01,  6.299538541066147E-03,  1.507304083138320E-03, -6.121417171147017E-04,  1.130609473419819E-01,  1.957589619732908E+01,  5.300601382232128E-04

2479850.500000000, A.D. 2077-Jul-01,  6.750533444831004E+00, -1.840230226304115E+01, -1.545372872146630E-01,  4.424685883037304E-03,  2.302252254894505E-03,  1.851437347217416E-03,  1.132116968005259E-01,  1.960199765695453E+01, -6.521716904997765E-04

2480034.500000000, A.D. 2078-Jan-01,  7.417535665300937E+00, -1.817229065303714E+01, -1.601655819995641E-01,  4.537752933557485E-03,  6.168370315588747E-04,  5.262483240406148E-04,  1.133647062053220E-01,  1.962849041414366E+01,  1.139431258388067E-03

2480215.500000000, A.D. 2078-Jul-01,  8.062691168216123E+00, -1.792742391555880E+01, -1.701016103840446E-01,  3.185146912078673E-03,  6.664573065283711E-04,  2.073301859449663E-03,  1.135338888931472E-01,  1.965778348848199E+01,  6.806627636563000E-04

2480399.500000000, A.D. 2079-Jan-01,  8.716427958414830E+00, -1.765859403344295E+01, -1.758323536706287E-01,  6.158021684892805E-03,  8.596328524546906E-04,  1.130364716699796E-03,  1.137400286631291E-01,  1.969347548323504E+01,  1.944668942126302E-03

2480580.500000000, A.D. 2079-Jul-01,  9.348083740175378E+00, -1.736555697859589E+01, -1.867989164614339E-01,  3.724874914771224E-03,  2.519003662148013E-03,  1.742731640015594E-03,  1.139087037275159E-01,  1.972268066529961E+01, -4.689524481159303E-04

2480764.500000000, A.D. 2080-Jan-01,  9.977965976151102E+00, -1.703791913276894E+01, -1.915147579648037E-01,  3.889498014905267E-03,  2.960070724991912E-03,  1.943229006204469E-03,  1.140408483637373E-01,  1.974556079979805E+01, -6.075453585280315E-04

2480946.500000000, A.D. 2080-Jul-01,  1.058130234426312E+01, -1.669502164468403E+01, -1.992770025831334E-01,  1.880205671895982E-03,  2.447987372081679E-03,  2.162113003668755E-03,  1.141636671191678E-01,  1.976682620809256E+01, -1.082876767993282E-03

2481130.500000000, A.D. 2081-Jan-01,  1.117668525087346E+01, -1.633305767846746E+01, -2.028778272292383E-01,  4.387968072907078E-03,  8.444505062873270E-04,  1.575309554100073E-03,  1.143097827577507E-01,  1.979212534666296E+01,  1.764887965521219E-03

2481311.500000000, A.D. 2081-Jul-01,  1.175321965752006E+01, -1.595654891313503E+01, -2.126965626132648E-01,  2.681361435552437E-03,  1.753539220162105E-03,  1.529353746582682E-03,  1.144653044299138E-01,  1.981905308946252E+01,  1.619102232700552E-04

2481495.500000000, A.D. 2082-Jan-01,  1.232914511284507E+01, -1.554941276892930E+01, -2.170704174127677E-01,  4.442018149179061E-03,  3.169577109322015E-03,  1.917335049115154E-03,  1.146173660092777E-01,  1.984538173576534E+01,  2.552244611532267E-04

2481676.500000000, A.D. 2082-Jul-01,  1.287700840786854E+01, -1.512657866174705E+01, -2.258767334713553E-01,  1.239393625660129E-03,  4.047836299470954E-03,  9.383536854459696E-04,  1.147399055476022E-01,  1.986659879911662E+01, -2.289379514870459E-03

2481860.500000000, A.D. 2083-Jan-01,  1.340834929272173E+01, -1.467470095638275E+01, -2.286496124698245E-01,  1.273184731965793E-03,  2.938103744549240E-03,  2.133612114982528E-03,  1.148127373150816E-01,  1.987920922874386E+01, -1.334677728257858E-03

2482041.500000000, A.D. 2083-Jul-01,  1.391880085484298E+01, -1.421969787484531E+01, -2.353446190077421E-01, -1.122887269240025E-04,  2.229057168884956E-03,  5.410706529643474E-05,  1.149296530154625E-01,  1.989945255474014E+01, -1.672014726573138E-03

2482225.500000000, A.D. 2084-Jan-01,  1.441838740787111E+01, -1.374325765158245E+01, -2.392483249725728E-01,  2.151301037305904E-03,  2.338034325807581E-03,  1.419102856498596E-03,  1.150509151402376E-01,  1.992044844079163E+01, -7.296192837661203E-05

2482407.500000000, A.D. 2084-Jul-01,  1.490260670929933E+01, -1.325099994408673E+01, -2.450949239657940E-01,  1.711374608667054E-03,  3.559975042469270E-03,  3.796381410787313E-04,  1.151831181460704E-01,  1.994333868167498E+01, -1.091208151861899E-03

2482591.500000000, A.D. 2085-Jan-01,  1.536883868010982E+01, -1.272897645513027E+01, -2.479168271206485E-01,  1.315963451216010E-03,  4.409434642570691E-03,  1.912442860512711E-03,  1.152631274005885E-01,  1.995719185465906E+01, -1.822745744291385E-03

2482772.500000000, A.D. 2085-Jul-01,  1.580788991324241E+01, -1.220428851675232E+01, -2.527901151908137E-01, -6.667613807219652E-04,  3.842578806398458E-03, -3.133122268234973E-04,  1.153511333395419E-01,  1.997242961063230E+01, -2.871800266205752E-03

2482956.500000000, A.D. 2086-Jan-01,  1.622527074848923E+01, -1.165941548870222E+01, -2.550463927525747E-01,  1.110758140996341E-04,  2.515750827241639E-03,  1.261981902021058E-03,  1.154043992123746E-01,  1.998165231061800E+01, -1.393869360869149E-03

2483137.500000000, A.D. 2086-Jul-01,  1.662774197304348E+01, -1.111252345277192E+01, -2.581781569169360E-01,  8.890449152461768E-04,  2.172157206134665E-03, -1.401662014805935E-03,  1.155156563873366E-01,  2.000091589330915E+01, -4.496524046943638E-04

2483321.500000000, A.D. 2087-Jan-01,  1.701677660604167E+01, -1.054081075432584E+01, -2.624300012539900E-01,  1.102115386684290E-03,  4.029662041507458E-03,  2.222212731072515E-04,  1.156183539972241E-01,  2.001869743324966E+01, -1.187878045632295E-03

2483502.500000000, A.D. 2087-Jul-01,  1.738128361775813E+01, -9.961224197310262E+00, -2.635226295037142E-01,  1.467676009298851E-03,  4.213532914083813E-03, -1.932543717690396E-03,  1.157129748789863E-01,  2.003508053106568E+01, -7.962325889571544E-04

2483686.500000000, A.D. 2088-Jan-01,  1.772044275885633E+01, -9.355626633911340E+00, -2.668132584403854E-01, -1.229507719346327E-03,  4.089428017718373E-03, -4.692870230276597E-04,  1.157430344966820E-01,  2.004028519252993E+01, -2.990045813562368E-03

2483868.500000000, A.D. 2088-Jul-01,  1.803540425368384E+01, -8.752148437099866E+00, -2.671860098690528E-01, -5.569055371403472E-04,  2.700352226612771E-03, -1.536905211798944E-03,  1.157911915328872E-01,  2.004862332487437E+01, -1.659328917654258E-03

2484052.500000000, A.D. 2089-Jan-01,  1.833219297601446E+01, -8.136517882294264E+00, -2.699188386884548E-01,  2.159906238498321E-04,  2.940864816670268E-03, -2.040583322641904E-04,  1.158484729302814E-01,  2.005854129138526E+01, -9.927809752200624E-04

2484233.500000000, A.D. 2089-Jul-01,  1.861103036833351E+01, -7.516846800191261E+00, -2.693287375824520E-01,  2.086192783240398E-03,  3.196169421299268E-03, -2.186679752315174E-03,  1.159349496441241E-01,  2.007351427023842E+01,  7.666827465148214E-04

2484417.500000000, A.D. 2090-Jan-01,  1.886918417396819E+01, -6.871054573100793E+00, -2.726370301222243E-01, -4.175880394239474E-04,  4.914130813801471E-03, -9.882066628791771E-04,  1.159904455932763E-01,  2.008312309596928E+01, -2.060206706810089E-03

2484598.500000000, A.D. 2090-Jul-01,  1.909728691408587E+01, -6.227840936920943E+00, -2.697161490101809E-01,  8.685085205010755E-04,  4.014320264906404E-03, -1.902130689328343E-03,  1.160239846915989E-01,  2.008893021082857E+01, -3.933189188769918E-04

2484782.500000000, A.D. 2091-Jan-01,  1.929852983213510E+01, -5.569737715263220E+00, -2.715063912824129E-01, -9.838701819170040E-04,  2.832995819384589E-03, -1.641889281026876E-03,  1.160187852685698E-01,  2.008802995863809E+01, -1.708505431153430E-03

2484963.500000000, A.D. 2091-Jul-01,  1.947848662969652E+01, -4.918262188637287E+00, -2.678254908125206E-01,  2.248823134433574E-03,  1.975911683621516E-03, -1.605307200712559E-03,  1.160394162204262E-01,  2.009160209721898E+01,  1.717909883786096E-03

2485147.500000000, A.D. 2092-Jan-01,  1.964428449754354E+01, -4.251776991511417E+00, -2.704207916155638E-01,  1.616610514994205E-03,  3.450788867120500E-03, -2.207645015335604E-03,  1.160934709311713E-01,  2.010096138025526E+01,  8.796676411956029E-04

2485329.500000000, A.D. 2092-Jul-01,  1.978287861687580E+01, -3.579354997398139E+00, -2.684464836133943E-01,  2.080131533872006E-03,  4.256448952746041E-03, -1.898160601582419E-03,  1.161218385104730E-01,  2.010587307435330E+01,  1.314302654386084E-03

2485513.500000000, A.D. 2093-Jan-01,  1.989269859531125E+01, -2.891738899174075E+00, -2.693206442881503E-01, -1.299265653983647E-03,  4.169283911566260E-03, -1.782452802765587E-03,  1.161086258529375E-01,  2.010358537361767E+01, -1.861475377947729E-03

2485694.500000000, A.D. 2093-Jul-01,  1.997370961332585E+01, -2.216612374403057E+00, -2.640602153938422E-01,  9.348314313333620E-04,  2.829343791852688E-03, -1.118098366534865E-03,  1.160767366826732E-01,  2.009806393494598E+01,  6.316896206019573E-04

2485878.500000000, A.D. 2094-Jan-01,  2.003401760376909E+01, -1.534943215351031E+00, -2.642347962076699E-01,  7.391894792154969E-04,  2.341233186642605E-03, -2.150625099164259E-03,  1.160559809188901E-01,  2.009447018584986E+01,  5.864073508555077E-04

2486059.500000000, A.D. 2094-Jul-01,  2.007083078718733E+01, -8.581620094200677E-01, -2.599683326732763E-01,  3.197257604274097E-03,  2.802333542048142E-03, -4.957264063511667E-04,  1.160350753918322E-01,  2.009085050604657E+01,  3.080787113697208E-03

2486243.500000000, A.D. 2095-Jan-01,  2.009102403278398E+01, -1.655715886716553E-01, -2.595723096705062E-01,  1.477325342370041E-03,  4.336739639402306E-03, -1.791092206932796E-03,  1.160497015748442E-01,  2.009338295113161E+01,  1.464554579913345E-03

2486424.500000000, A.D. 2095-Jul-01,  2.007530264288689E+01,  5.185127681653889E-01, -2.554993929793850E-01,  1.393050574456594E-03,  4.459159141406294E-03,  7.046584623350787E-04,  1.159933326296423E-01,  2.008362297082040E+01,  1.498634139044996E-03

2486608.500000000, A.D. 2096-Jan-01,  2.003397962734818E+01,  1.210134325773387E+00, -2.519356636492852E-01,  3.937693756466543E-04,  2.753388017004233E-03, -9.721757178550380E-04,  1.159266430929040E-01,  2.007207603547863E+01,  5.712245567186917E-04

2486790.500000000, A.D. 2096-Jul-01,  1.996793506685972E+01,  1.887118565361863E+00, -2.479414273783531E-01,  1.553598222295063E-03,  2.147648865014375E-03,  6.993315475638358E-05,  1.158479033291159E-01,  2.005844266800067E+01,  1.747776620641630E-03

2486974.500000000, A.D. 2097-Jan-01,  1.988725696571417E+01,  2.566737539169130E+00, -2.458290081394031E-01,  1.966351785539626E-03,  3.106019405516163E-03, -1.638164958366772E-03,  1.158206098014160E-01,  2.005371694017270E+01,  2.367660242641217E-03

2487155.500000000, A.D. 2097-Jul-01,  1.977772253526774E+01,  3.239360696474901E+00, -2.417535726408330E-01,  2.002923407375663E-03,  4.216882917746768E-03,  9.490852663870506E-04,  1.157570371507911E-01,  2.004270967693212E+01,  2.646539529683174E-03

2487339.500000000, A.D. 2098-Jan-01,  1.964470847102230E+01,  3.922849450458892E+00, -2.371107658305911E-01,  3.447326164385349E-04,  4.000677058182225E-03, -5.619514088694812E-04,  1.157065013510851E-01,  2.003395967445512E+01,  1.128058089648356E-03

2487520.500000000, A.D. 2098-Jul-01,  1.948085951471116E+01,  4.586279458517352E+00, -2.332217256088420E-01, -8.611964378058288E-04,  3.621103713440079E-03,  1.885597304641626E-03,  1.155958471909823E-01,  2.001480050055025E+01, -3.043824986059951E-05

2487704.500000000, A.D. 2099-Jan-01,  1.929468185363245E+01,  5.247839319369095E+00, -2.266913151272360E-01,  9.756365027119043E-04,  2.043173090884338E-03,  2.417947502236245E-04,  1.154924545356107E-01,  1.999689861721471E+01,  1.474830062494225E-03

2487885.500000000, A.D. 2099-Jul-01,  1.908975073390641E+01,  5.893694559290626E+00, -2.243970865374058E-01, -1.587807212785416E-05,  3.002016460114510E-03,  1.963659631515801E-03,  1.153954593502967E-01,  1.998010442148236E+01,  8.483048827480211E-04

2488069.500000000, A.D. 2100-Jan-01,  1.886692540115588E+01,  6.546417964694982E+00, -2.177695688879453E-01,  1.210274487031220E-03,  4.151189382113020E-03,  1.116002676680301E-03,  1.153462087790496E-01,  1.997157694941478E+01,  2.491868714820528E-03
