epoch, x, y, z, vx, vy, vz
A.D. 1950-Jan-01, -9.000325437497253E+00,  2.503707609090388E+00,  3.116188761953352E-01, -3.294900788882884E-03, -2.785029855898620E-03, -1.034258449520907E-03
A.D. 1950-Jul-01, -9.284450149034525E+00,  1.517001859448161E+00,  3.407289239935910E-01, -2.655348681652885E-03, -7.915150335875374E-03,  1.526298549799066E-03
A.D. 1951-Jan-01, -9.433109446503353E+00,  4.900190664258352E-01,  3.665442968200139E-01,  1.007680114957296E-04, -2.746371745595346E-03, -1.409387117678673E-03
A.D. 1951-Jul-01, -9.496880419151216E+00, -5.118807433060096E-01,  3.829696560467537E-01, -2.848926962143750E-03, -6.584945312620207E-03,  8.922668047646688E-04
A.D. 1952-Jan-01, -9.433001985628609E+00, -1.545839146793524E+00,  4.044436279292767E-01,  3.219762015821264E-03, -3.830236611147634E-03, -1.048676923022703E-03
A.D. 1952-Jul-01, -9.278199110497003E+00, -2.525675170682130E+00,  4.091980761829629E-01, -1.937556953666649E-03, -5.625306184571339E-03,  4.671647310218838E-04
A.D. 1953-Jan-01, -9.008504987351740E+00, -3.515668018199396E+00,  4.226704302146403E-01,  4.813678487604648E-03, -4.323172887377881E-03, -7.310317406044996E-04
A.D. 1953-Jul-01, -8.648613458982558E+00, -4.425204188297894E+00,  4.177364888494869E-01, -4.765246613832181E-04, -3.395268040580996E-03, -5.596053831961064E-04
A.D. 1954-Jan-01, -8.198126926682644E+00, -5.328204226659211E+00,  4.223799420883022E-01,  5.780720299126587E-03, -5.814153505820344E-03,  2.614185968806808E-04
A.D. 1954-Jul-01, -7.651936423363058E+00, -6.140011560872582E+00,  4.099007752916617E-01,  2.117341818912471E-03, -1.597089393165528E-03, -1.380317011198573E-03
A.D. 1955-Jan-01, -7.041845234156619E+00, -6.915624371805686E+00,  4.027645262495702E-01,  5.205747094785167E-03, -6.516126188279407E-03,  1.075061760794361E-03
A.D. 1955-Jul-01, -6.340915768428432E+00, -7.602846510003067E+00,  3.858662922445296E-01,  5.152434081387132E-03, -9.041248366381608E-04, -1.599174220228519E-03
A.D. 1956-Jan-01, -5.593894708708151E+00, -8.220251426271842E+00,  3.657025452388920E-01,  3.837889031421336E-03, -5.902071277055807E-03,  1.347781444059399E-03
A.D. 1956-Jul-01, -4.768864040621178E+00, -8.759203878243756E+00,  3.446001285217409E-01,  6.636555279447416E-03, -4.661597631237559E-04, -1.482635035366548E-03
A.D. 1957-Jan-01, -3.914959340421206E+00, -9.202002208513129E+00,  3.151378832033792E-01,  3.510043832303862E-03, -4.673976135663137E-03,  1.249649012957493E-03
A.D. 1957-Jul-01, -3.014024269375374E+00, -9.566285806680265E+00,  2.904680639136323E-01,  8.240862977199339E-03, -1.262305545082595E-03, -7.065685386916451E-04
A.D. 1958-Jan-01, -2.082527373134209E+00, -9.817768896306896E+00,  2.512639421233335E-01,  2.368742294852325E-03, -2.317174233617800E-03,  6.715342943505194E-04
A.D. 1958-Jul-01, -1.141014117654482E+00, -9.996649862343892E+00,  2.234062056848720E-01,  8.072337811742703E-03, -2.161561061350222E-03,  3.096214293604229E-04
A.D. 1959-Jan-01, -1.667567521593334E-01, -1.005436502329232E+01,  1.788023618501392E-01,  2.191430068503830E-03,  5.828247030420555E-04, -2.716446554173954E-04
A.D. 1959-Jul-01,  7.786666107447509E-01, -1.003675306869782E+01,  1.461685611644936E-01,  6.435202196349367E-03, -2.258846452713793E-03,  1.051897612100378E-03
A.D. 1960-Jan-01,  1.755333248417998E+00, -9.904359412312465E+00,  1.009365410891647E-01,  3.169530377514794E-03,  3.255789306472986E-03, -1.218762701283204E-03
A.D. 1960-Jul-01,  2.676290284377544E+00, -9.688312087513347E+00,  6.372258650342826E-02,  5.358115921172414E-03, -1.333736719861741E-03,  1.195574154968745E-03
A.D. 1961-Jan-01,  3.611042544059141E+00, -9.366819711669653E+00,  1.871503402127491E-02,  3.685462424195157E-03,  4.714704590654313E-03, -1.520235435762604E-03
A.D. 1961-Jul-01,  4.465808928275548E+00, -8.960291190127972E+00, -2.243567048523607E-02,  2.977522317758618E-03,  2.254050218265582E-04,  1.100607558108324E-03
A.D. 1962-Jan-01,  5.319271889810226E+00, -8.466483209015607E+00, -6.239041201443422E-02,  5.441582587502180E-03,  5.705943596812807E-03, -1.746136323311499E-03
A.D. 1962-Jul-01,  6.081886211107592E+00, -7.881032883744894E+00, -1.070937163150721E-01,  1.146280535860689E-03,  2.641068892471328E-03,  4.566280052806879E-04
A.D. 1963-Jan-01,  6.812821014108096E+00, -7.229280161305850E+00, -1.412436824295661E-01,  6.567277417208821E-03,  5.240953512922372E-03, -1.221204745232717E-03
A.D. 1963-Jul-01,  7.455337962263406E+00, -6.489558422257469E+00, -1.861393413719150E-01,  3.842941744978162E-04,  5.297998622509479E-03, -4.865266225999318E-04
A.D. 1964-Jan-01,  8.028806224346750E+00, -5.697835441177008E+00, -2.156421607875344E-01,  6.133728241498631E-03,  3.965983794646452E-03, -2.057974798955186E-04
A.D. 1964-Jul-01,  8.522939997780147E+00, -4.829620981371648E+00, -2.571667097481692E-01, -1.108080315133159E-04,  6.660598447395326E-03, -8.732254539868355E-04
A.D. 1965-Jan-01,  8.917244661245403E+00, -3.925686161784636E+00, -2.821938927877222E-01,  4.835792754061685E-03,  3.720563494346574E-03,  2.669738065804787E-04
A.D. 1965-Jul-01,  9.230602221011432E+00, -2.975856608824925E+00, -3.157964912623745E-01,  6.476876857433835E-04,  8.155840103162176E-03, -1.552347713738520E-03
A.D. 1966-Jan-01,  9.421505709911944E+00, -1.990167815038732E+00, -3.377374565212762E-01,  2.158060987293767E-03,  2.826900391375166E-03,  1.099349366683150E-03
A.D. 1966-Jul-01,  9.536193880737219E+00, -9.960179422770888E-01, -3.601231640242607E-01,  1.761540256520513E-03,  8.096187724297151E-03, -1.575747697254725E-03
A.D. 1967-Jan-01,  9.515382468647108E+00,  3.191802026056518E-02, -3.792766845829015E-01, -1.086892672876977E-03,  2.891590411888480E-03,  1.371113651916811E-03
A.D. 1967-Jul-01,  9.413467721570500E+00,  1.028044003642801E+00, -3.888672059908669E-01,  2.121871420066779E-03,  6.529500289608517E-03, -8.707650749748016E-04
A.D. 1968-Jan-01,  9.180944472035163E+00,  2.050094722675044E+00, -4.034615878347503E-01, -3.987983104253934E-03,  3.830276687958838E-03,  1.030168891868923E-03
A.D. 1968-Jul-01,  8.856613446189389E+00,  3.010955675182893E+00, -4.011492759001580E-01,  1.154802182104572E-03,  5.398759368635460E-03, -3.929594090712166E-04
A.D. 1969-Jan-01,  8.412185121482549E+00,  3.973075058006982E+00, -4.071958076390504E-01, -5.595022671217605E-03,  4.134516019123313E-03,  7.620938694265073E-04
A.D. 1969-Jul-01,  7.875414751797537E+00,  4.844966209967916E+00, -3.947259396293542E-01, -5.828815288794328E-04,  2.996987110260353E-03,  6.882215338499791E-04
A.D. 1970-Jan-01,  7.240366657993376E+00,  5.696114164970310E+00, -3.910898240730310E-01, -6.771803302694422E-03,  5.334884253899862E-03, -1.344743113162893E-04
A.D. 1970-Jul-01,  6.508356759865880E+00,  6.441562516756985E+00, -3.702083925941059E-01, -3.343061392791897E-03,  1.214584633786981E-03,  1.428274627498466E-03
A.D. 1971-Jan-01,  5.705677115891135E+00,  7.130631484511845E+00, -3.538988657916919E-01, -6.426940302506665E-03,  5.949844053549829E-03, -9.857890772076519E-04
A.D. 1971-Jul-01,  4.814447200424139E+00,  7.711333850632879E+00, -3.274955929418861E-01, -6.213581748613790E-03,  4.208666477184369E-04,  1.567490112755364E-03
A.D. 1972-Jan-01,  3.875235015995549E+00,  8.196679883700741E+00, -2.974178733748048E-01, -4.951505211802395E-03,  5.261325574619546E-03, -1.360865572213308E-03
A.D. 1972-Jul-01,  2.865347022745521E+00,  8.578996270164021E+00, -2.661111340318263E-01, -7.535087314770520E-03, -3.282026709493915E-04,  1.459321905382582E-03
A.D. 1973-Jan-01,  1.834124295731884E+00,  8.836419859593095E+00, -2.263778971859647E-01, -4.413457689541459E-03,  3.749675668341668E-03, -1.279116450269521E-03
A.D. 1973-Jul-01,  7.725145957298115E-01,  8.990988835940646E+00, -1.915265777824897E-01, -8.910691359779699E-03, -3.178613737416484E-05,  7.804797887174609E-04
A.D. 1974-Jan-01, -3.025911486280337E-01,  9.002396813621692E+00, -1.423717889186931E-01, -2.900750989546550E-03,  9.400451664796414E-04, -6.388897744926455E-04
A.D. 1974-Jul-01, -1.361574151684591E+00,  8.920407146001354E+00, -1.053560620614371E-01, -8.680300533514167E-03,  5.027782647117093E-04, -1.751321822540243E-04
A.D. 1975-Jan-01, -2.425591889816434E+00,  8.689928599434165E+00, -5.205107863993345E-02, -2.542214095564013E-03, -2.372075171848496E-03,  3.947733713076930E-04
A.D. 1975-Jul-01, -3.425489840838624E+00,  8.370497798507877E+00, -1.206998826610734E-02, -6.815300943474664E-03,  5.623179423194191E-04, -1.002822018894249E-03
A.D. 1976-Jan-01, -4.419812282783997E+00,  7.916929448173364E+00,  3.953142478385872E-02, -3.324872827040323E-03, -5.102219110742527E-03,  1.300817387591175E-03
A.D. 1976-Jul-01, -5.316834603098528E+00,  7.374595700524445E+00,  8.153444840017836E-02, -5.252888565576667E-03, -3.674180180975888E-04, -1.212971237679830E-03
A.D. 1977-Jan-01, -6.184028535016783E+00,  6.721179663827900E+00,  1.296651921224513E-01, -3.385946398455632E-03, -6.486979016001484E-03,  1.536313919659967E-03
A.D. 1977-Jul-01, -6.927973655084358E+00,  5.992183727414058E+00,  1.722116653223031E-01, -2.158140084722648E-03, -1.839701748768907E-03, -1.181856747789574E-03
A.D. 1978-Jan-01, -7.624104831786479E+00,  5.182710957827781E+00,  2.113837367514123E-01, -4.484531921445819E-03, -7.209502649577505E-03,  1.652817694911218E-03
A.D. 1978-Jul-01, -8.189415257855527E+00,  4.304687600432171E+00,  2.534889766756651E-01,  2.400964072127327E-04, -4.251982746711497E-03, -4.678407959294804E-04
A.D. 1979-Jan-01, -8.678128699446642E+00,  3.381231076450074E+00,  2.827536029509320E-01, -4.970483736556034E-03, -6.595627173239264E-03,  1.153762583857770E-03
A.D. 1979-Jul-01, -9.045908787963389E+00,  2.405690954497776E+00,  3.207526686283875E-01,  1.212128631960079E-03, -6.677280136669046E-03,  5.310995134231443E-04
A.D. 1980-Jan-01, -9.306814956851451E+00,  1.411430717776672E+00,  3.414127295304287E-01, -4.277823344972185E-03, -5.097591429868911E-03,  2.218917480799700E-04
A.D. 1980-Jul-01, -9.464793163114924E+00,  3.852645309077820E-01,  3.722063691901870E-01,  1.901441930792511E-03, -7.538756133449571E-03,  8.875563810109102E-04
A.D. 1981-Jan-01, -9.498268977105287E+00, -6.322246383885851E-01,  3.848979504947450E-01, -2.857851990593133E-03, -4.356686288554971E-03, -2.544854139208701E-04
A.D. 1981-Jul-01, -9.442614075771942E+00, -1.645160922228416E+00,  4.047953106656395E-01,  1.240896605421719E-03, -8.290165323772048E-03,  1.448420242811552E-03
A.D. 1982-Jan-01, -9.252233300806234E+00, -2.644421415058543E+00,  4.117606636590323E-01, -2.569931305540972E-04, -2.750158417491014E-03, -1.169734829900106E-03
A.D. 1982-Jul-01, -8.992556604488266E+00, -3.601831154325801E+00,  4.186683922619917E-01,  3.323837448112358E-04, -7.594825374570295E-03,  1.401426550875056E-03
A.D. 1983-Jan-01, -8.600119846191275E+00, -4.541737085796507E+00,  4.213944630697275E-01,  3.043491409738964E-03, -2.118163537494788E-03, -1.541032507736475E-03
A.D. 1983-Jul-01, -8.148660534847199E+00, -5.403940685171285E+00,  4.148027849980486E-01, -6.577525863191208E-05, -5.678344102498738E-03,  7.732883856939977E-04
A.D. 1984-Jan-01, -7.583551137243018E+00, -6.244378796056979E+00,  4.129224146128977E-01,  5.896469042170168E-03, -2.680699014052632E-03, -1.161130585436188E-03
A.D. 1984-Jul-01, -6.959616432261279E+00, -6.984827798985477E+00,  3.947781216910737E-01,  5.424114008438157E-04, -4.187586668354897E-03,  3.498776816468169E-04
A.D. 1985-Jan-01, -6.247021262223562E+00, -7.688233828970958E+00,  3.856055108521750E-01,  7.129597534808571E-03, -2.691634587422953E-03, -8.359949188966141E-04
A.D. 1985-Jul-01, -5.485384891296182E+00, -8.275840384584834E+00,  3.590433971322324E-01,  1.627470812087846E-03, -1.490067767817789E-03, -6.822325352401926E-04
A.D. 1986-Jan-01, -4.664559474193037E+00, -8.814995652766756E+00,  3.425798044022651E-01,  7.651770100376818E-03, -3.758840956979227E-03,  1.540439706378405E-04
A.D. 1986-Jul-01, -3.793752681122497E+00, -9.237194709963569E+00,  3.104065479700152E-01,  3.818534005548762E-03,  6.647682730555277E-04, -1.499776241125539E-03
A.D. 1987-Jan-01, -2.896552331053472E+00, -9.588495293563883E+00,  2.844146939796768E-01,  6.627188803780789E-03, -4.126718092832419E-03,  9.659728678624114E-04
A.D. 1987-Jul-01, -1.957052955153726E+00, -9.835176972080941E+00,  2.503553167780408E-01,  6.391574029486395E-03,  1.577546468786905E-03, -1.690674938018146E-03
A.D. 1988-Jan-01, -1.013467382845320E+00, -9.985169388847122E+00,  2.141823131095617E-01,  4.785709442343491E-03, -3.306999411650123E-03,  1.258659334515430E-03
A.D. 1988-Jul-01, -4.082653217745761E-02, -1.004703338727741E+01,  1.788626548033230E-01,  7.353949465072293E-03,  2.160885122744699E-03, -1.548357355994519E-03
A.D. 1989-Jan-01,  9.144733628666751E-01, -9.996626152709403E+00,  1.367157629534708E-01,  3.939457089022772E-03, -1.970590347065785E-03,  1.185175562974743E-03
A.D. 1989-Jul-01,  1.867539235858662E+00, -9.869470024007477E+00,  1.013334105380101E-01,  8.387618478459244E-03,  1.424579455144410E-03, -7.460450212992411E-04
A.D. 1990-Jan-01,  2.803793163032747E+00, -9.619143073563309E+00,  5.313429077257421E-02,  2.255781761838237E-03,  4.005148289906988E-04,  6.376024474558474E-04
A.D. 1990-Jul-01,  3.702401415969540E+00, -9.306296095346786E+00,  1.832520865497679E-02,  7.672371593325325E-03,  5.373064415364637E-04,  2.766287978156288E-04
A.D. 1991-Jan-01,  4.585241241198935E+00, -8.870313122006623E+00, -3.131608648584163E-02,  1.542385865560903E-03,  3.253160200312502E-03, -2.910925417146300E-04
A.D. 1991-Jul-01,  5.394187188750555E+00, -8.377079161235454E+00, -6.687460677895861E-02,  5.544695637568456E-03,  3.509670483821840E-04,  1.030713585214901E-03
A.D. 1992-Jan-01,  6.185813029435560E+00, -7.775631422725172E+00, -1.129884031708507E-01,  2.039923846624807E-03,  5.791075792223409E-03, -1.230569885759892E-03
A.D. 1992-Jul-01,  6.878844677092224E+00, -7.113880445064879E+00, -1.489591828326655E-01,  3.987414161384544E-03,  1.072491511500878E-03,  1.199181596027271E-03
A.D. 1993-Jan-01,  7.539365785311277E+00, -6.364616645087964E+00, -1.905580433791332E-01,  2.098377873614650E-03,  7.000574115882525E-03, -1.510841365756581E-03
A.D. 1993-Jul-01,  8.082963818611963E+00, -5.563483515055647E+00, -2.262458578335432E-01,  1.157275062192056E-03,  2.323170968852248E-03,  1.139687428520506E-03
A.D. 1994-Jan-01,  8.580136113306553E+00, -4.699486139517313E+00, -2.584858155789923E-01,  3.445192446738607E-03,  7.618947926030478E-03, -1.700186857118512E-03
A.D. 1994-Jul-01,  8.955321854147183E+00, -3.783897152400240E+00, -2.935700153105851E-01, -1.103562159566640E-03,  4.358479013238421E-03,  5.243106614088627E-04
A.D. 1995-Jan-01,  9.257481895072686E+00, -2.835308516196951E+00, -3.158157190372885E-01,  4.160235050900826E-03,  6.700597565041175E-03, -1.135172342909454E-03
A.D. 1995-Jul-01,  9.447314110482798E+00, -1.845190972300520E+00, -3.470640266224191E-01, -2.216538071818930E-03,  6.579608774286143E-03, -4.086869712072812E-04
A.D. 1996-Jan-01,  9.532425132039515E+00, -8.449399539170995E-01, -3.607371653299665E-01,  3.381068605191704E-03,  4.943631929123782E-03, -1.048794723226138E-04
A.D. 1996-Jul-01,  9.520082128584264E+00,  1.804312196182285E-01, -3.847830513666713E-01, -2.960850479180663E-03,  7.414383432664773E-03, -7.824081305249105E-04
A.D. 1997-Jan-01,  9.382892009109515E+00,  1.190553320522329E+00, -3.904562851379015E-01,  1.870421762412658E-03,  4.140904202664607E-03,  3.784744750756896E-04
A.D. 1997-Jul-01,  9.159721283122238E+00,  2.190053333772563E+00, -4.034545711602371E-01, -2.313318153273635E-03,  8.301633805259856E-03, -1.448240239949367E-03
A.D. 1998-Jan-01,  8.796674292796382E+00,  3.168437933136344E+00, -4.031577755410278E-01, -8.770438114741626E-04,  2.639711393717177E-03,  1.213148567678536E-03
A.D. 1998-Jul-01,  8.364148011157505E+00,  4.096216113218573E+00, -4.024800366578046E-01, -1.213234199214061E-03,  7.546958291182049E-03, -1.440771108874775E-03
A.D. 1999-Jan-01,  7.791475679183944E+00,  4.995560328954647E+00, -3.973451819753501E-01, -4.053304259827703E-03,  2.027807803074212E-03,  1.500861835523237E-03
A.D. 1999-Jul-01,  7.157704357145610E+00,  5.804195771191304E+00, -3.824081138571688E-01, -7.723947728491567E-04,  5.286182424448404E-03, -7.168862438656387E-04
A.D. 2000-Jan-01,  6.403362416774533E+00,  6.574076023495407E+00, -3.717320476605321E-01, -6.761995477778163E-03,  2.284266885391321E-03,  1.174938873484692E-03
A.D. 2000-Jul-01,  5.588706744184514E+00,  7.225623156269829E+00, -3.444284442856501E-01, -1.473697231614802E-03,  3.506215362063213E-03, -2.423855165034118E-04
A.D. 2001-Jan-01,  4.682587970376545E+00,  7.816941477917671E+00, -3.255212750818293E-01, -8.010808501170303E-03,  1.960658191770689E-03,  9.045602996909306E-04
A.D. 2001-Jul-01,  3.732113776425318E+00,  8.270623483313482E+00, -2.892163949358994E-01, -2.775129539774666E-03,  5.489951833620745E-04,  8.134873684874454E-04
A.D. 2002-Jan-01,  2.725006933467088E+00,  8.646984809616171E+00, -2.623933853979130E-01, -8.669966870144569E-03,  2.647623536468094E-03, -1.310543162323216E-05
A.D. 2002-Jul-01,  1.681072799548541E+00,  8.882390046846012E+00, -2.201196573114114E-01, -4.911451521829095E-03, -1.694292175604787E-03,  1.530416457521999E-03
A.D. 2003-Jan-01,  6.223141863440447E-01,  9.016042185197275E+00, -1.838644725931839E-01, -7.631800318718046E-03,  2.878525127477140E-03, -8.959494123273658E-04
A.D. 2003-Jul-01, -4.561162399704538E-01,  9.021897372031367E+00, -1.399299538390372E-01, -7.053164608404476E-03, -2.818471720226244E-03,  1.657447036834390E-03
A.D. 2004-Jan-01, -1.515936177458994E+00,  8.902251972668292E+00, -9.445654190390543E-02, -5.367018712317244E-03,  1.938243336867496E-03, -1.289626288324431E-03
A.D. 2004-Jul-01, -2.573559426478566E+00,  8.675056177665709E+00, -5.060677236785364E-02, -7.594190424511811E-03, -3.697799854931435E-03,  1.526131085571499E-03
A.D. 2005-Jan-01, -3.579613433313230E+00,  8.314236368420316E+00, -1.066456630048728E-03, -4.033072015774316E-03,  3.859757720394775E-04, -1.231090704411804E-03
A.D. 2005-Jul-01, -4.544639871818943E+00,  7.868385612778444E+00,  4.039404016848907E-02, -8.200763455159707E-03, -3.313920758843413E-03,  8.174130423100348E-04
A.D. 2006-Jan-01, -5.450509629546267E+00,  7.286389536849467E+00,  9.317471168134690E-02, -1.788557048206891E-03, -2.262244807766178E-03, -6.122834252814042E-04
A.D. 2006-Jul-01, -6.275839090631645E+00,  6.646352703030275E+00,  1.306148940652758E-01, -7.231249747541650E-03, -2.469669392302484E-03, -1.866443677162132E-04
A.D. 2007-Jan-01, -7.038868579747863E+00,  5.882993954951587E+00,  1.812310003861002E-01, -7.733206231336737E-04, -5.175384413539972E-03,  3.768939001576860E-04
A.D. 2007-Jul-01, -7.685238816624563E+00,  5.080419932823634E+00,  2.156008570170812E-01, -4.694998250824599E-03, -1.950262822500905E-03, -1.056976146816284E-03
A.D. 2008-Jan-01, -8.268533773035101E+00,  4.184236660078047E+00,  2.585499840447853E-01, -9.803910490995696E-04, -7.351773798503007E-03,  1.237136267784971E-03
A.D. 2008-Jul-01, -8.714638298660194E+00,  3.257157071419402E+00,  2.893583142391083E-01, -2.629156999782751E-03, -2.308776399812485E-03, -1.293142646843813E-03
A.D. 2009-Jan-01, -9.088886335149967E+00,  2.273006358530361E+00,  3.236235233792116E-01, -6.258052702015991E-04, -8.105014418745438E-03,  1.444565566393792E-03
A.D. 2009-Jul-01, -9.319324635351155E+00,  1.278304795929084E+00,  3.504000423936202E-01,  7.812208377384131E-04, -3.166915146024942E-03, -1.265680222345455E-03
A.D. 2010-Jan-01, -9.472154419806902E+00,  2.614759616517392E-01,  3.715511292451134E-01, -1.479891052735769E-03, -8.163272875048025E-03,  1.549098399337088E-03
A.D. 2010-Jul-01, -9.490009233477156E+00, -7.583916819971410E-01,  3.943220749989405E-01,  3.277913445958723E-03, -4.903788991905935E-03, -5.616639402348900E-04
A.D. 2011-Jan-01, -9.416199997158609E+00, -1.763119914089396E+00,  4.025983710028071E-01, -1.919358562509087E-03, -6.875483424043326E-03,  1.044404082524838E-03
A.D. 2011-Jul-01, -9.231990296894066E+00, -2.757942768826849E+00,  4.189078141817803E-01,  4.213690855186135E-03, -6.627263791736523E-03,  4.104391813205016E-04
A.D. 2012-Jan-01, -8.939563693592831E+00, -3.712164956860718E+00,  4.168065276293259E-01, -1.327471414797189E-03, -4.708359329001766E-03,  9.727647925807587E-05
A.D. 2012-Jul-01, -8.564201942116847E+00, -4.642054136034505E+00,  4.246178735201237E-01,  4.757293254524867E-03, -6.853632705417769E-03,  7.544028352357148E-04
A.D. 2013-Jan-01, -8.077938516390251E+00, -5.508080543227889E+00,  4.139180084060951E-01, -1.143680272745739E-04, -3.366312999128210E-03, -3.873549803706265E-04
A.D. 2013-Jul-01, -7.535126512717174E+00, -6.322176038235531E+00,  4.108837525831317E-01,  3.859508737322429E-03, -7.049268766051936E-03,  1.312077061934345E-03
A.D. 2014-Jan-01, -6.878153019251075E+00, -7.072426844025101E+00,  3.948653859215798E-01,  2.213539836893054E-03, -1.242260258542309E-03, -1.307161779980351E-03
A.D. 2014-Jul-01, -6.191454161964917E+00, -7.742384770785456E+00,  3.796778204795896E-01,  2.605823799976185E-03, -5.903050019101869E-03,  1.282595966369298E-03
A.D. 2015-Jan-01, -5.400469919143636E+00, -8.351198661873926E+00,  3.606966619752309E-01,  5.152343937612361E-03, -2.241120372001054E-04, -1.656568458298587E-03
A.D. 2015-Jul-01, -4.594583130350999E+00, -8.853207469938072E+00,  3.336075086308309E-01,  1.770915403492312E-03, -3.609072101708346E-03,  6.712997320854416E-04
A.D. 2016-Jan-01, -3.709831932962836E+00, -9.296976700226791E+00,  3.120057300359282E-01,  7.532603119945433E-03, -4.868987412965946E-04, -1.249132100177112E-03
A.D. 2016-Jul-01, -2.811664924096124E+00, -9.618718723726502E+00,  2.755484408744039E-01,  1.909003540980327E-03, -1.821059887404564E-03,  2.589781209690648E-04
A.D. 2017-Jan-01, -1.866111494986871E+00, -9.876616736344147E+00,  2.492497769850946E-01,  8.265388879011999E-03, -2.542537342817277E-04, -9.095789809861272E-04
A.D. 2017-Jul-01, -9.195470870887711E-01, -1.000817519889714E+01,  2.072998508849444E-01,  2.512910328869815E-03,  1.101071261750785E-03, -7.710586011533430E-04
A.D. 2018-Jan-01,  4.295547311250296E-02, -1.006973669602198E+01,  1.767826890030084E-01,  8.263045332983360E-03, -1.139653792899725E-03,  8.265116671881660E-05
A.D. 2018-Jul-01,  1.007296595585019E+00, -1.001253068203421E+01,  1.325019361586278E-01,  4.237693983596708E-03,  3.360206637255919E-03, -1.574469386938610E-03
A.D. 2019-Jan-01,  1.952313072085044E+00, -9.870408194771821E+00,  9.593376610949005E-02,  6.746535727347010E-03, -1.422278891120091E-03,  9.023533335548943E-04
A.D. 2019-Jul-01,  2.892238743168005E+00, -9.629996003497029E+00,  5.335580239789902E-02,  6.308477831103462E-03,  4.250937053561730E-03, -1.728425720593411E-03
A.D. 2020-Jan-01,  3.788970194805740E+00, -9.286651501996067E+00,  1.041190009246050E-02,  4.410782760929996E-03, -6.353516592385151E-04,  1.223244210266522E-03
A.D. 2020-Jul-01,  4.668389092655222E+00, -8.866568907906275E+00, -2.960476405892658E-02,  6.743736303079559E-03,  4.753478586238748E-03, -1.556736246070418E-03
A.D. 2021-Jan-01,  5.482742452983889E+00, -8.338729140343288E+00, -7.446802744540394E-02,  3.054408841260759E-03,  5.849501704351148E-04,  1.178083867727665E-03
A.D. 2021-Jul-01,  6.251803306377131E+00, -7.755678403885607E+00, -1.104800878934083E-01,  7.231260151772639E-03,  3.865917108026566E-03, -7.302498885759541E-04
A.D. 2022-Jan-01,  6.956174905916872E+00, -7.059933673493848E+00, -1.571827551568352E-01,  8.608047050998396E-04,  2.756733448658007E-03,  6.604668217356824E-04
A.D. 2022-Jul-01,  7.583630095167758E+00, -6.330771556355383E+00, -1.884408940720371E-01,  6.029737531962236E-03,  2.770751063433714E-03,  2.992069668354026E-04
A.D. 2023-Jan-01,  8.148870705843217E+00, -5.498042744821682E+00, -2.323150412996476E-01, -3.186951875468668E-04,  5.347782766073906E-03, -2.558879825620136E-04
A.D. 2023-Jul-01,  8.605914504205739E+00, -4.644627771714101E+00, -2.601058449453142E-01,  3.492405294340928E-03,  2.265097359597098E-03,  1.068868874495227E-03
A.D. 2024-Jan-01,  9.002247695605339E+00, -3.711887844237627E+00, -2.962218743189654E-01, -1.967354287581610E-04,  7.524650791925661E-03, -1.185424113431994E-03
A.D. 2024-Jul-01,  9.269677437221658E+00, -2.760893783593566E+00, -3.202762971551087E-01,  1.565720854103642E-03,  2.558202342564254E-03,  1.262406993348684E-03
A.D. 2025-Jan-01,  9.468440328669303E+00, -1.762284810814964E+00, -3.478122145766908E-01, -4.611412879598610E-04,  8.260265240892201E-03, -1.443082696227735E-03
A.D. 2025-Jul-01,  9.530493833846664E+00, -7.615643716516599E-01, -3.678179749463332E-01, -1.566684333161001E-03,  3.285224399219416E-03,  1.235605316254205E-03
A.D. 2026-Jan-01,  9.514773918409681E+00,  2.550372949772074E-01, -3.822820380716788E-01,  6.470291837478485E-04,  8.290348850553493E-03, -1.594588135822748E-03
A.D. 2026-Jul-01,  9.367205731894082E+00,  1.268475947778265E+00, -3.983015785818131E-01, -4.052539829657811E-03,  4.746627304706298E-03,  6.405699878443773E-04
A.D. 2027-Jan-01,  9.124546986603800E+00,  2.260231199200203E+00, -3.996151963388786E-01,  1.177497802326832E-03,  6.737343720078639E-03, -9.996983993384775E-04
A.D. 2027-Jul-01,  8.771321485982481E+00,  3.235365095916274E+00, -4.090032146815191E-01, -5.245227156826394E-03,  6.362126065781393E-03, -2.914341249432516E-04
A.D. 2028-Jan-01,  8.302993577242018E+00,  4.160145936050761E+00, -3.993572693684345E-01,  3.521403148782154E-04,  4.350599206238463E-03,  3.066855793270005E-05
A.D. 2028-Jul-01,  7.748970939285772E+00,  5.050006060673716E+00, -3.994612588609893E-01, -5.913928480170494E-03,  6.538480280421727E-03, -6.612733584504509E-04
A.D. 2029-Jan-01,  7.076695338784798E+00,  5.861506048209461E+00, -3.803974718560738E-01, -1.018817412190121E-03,  2.892445684189561E-03,  5.117284189656992E-04
A.D. 2029-Jul-01,  6.347035764130120E+00,  6.605547539477651E+00, -3.687276129618353E-01, -5.005525475147944E-03,  6.750054707079418E-03, -1.321683656221809E-03
A.D. 2030-Jan-01,  5.496608663763083E+00,  7.265181096661014E+00, -3.434822915974376E-01, -3.441849755765342E-03,  7.617943700432165E-04,  1.336475216609822E-03
A.D. 2030-Jul-01,  4.619077320374727E+00,  7.823589309546096E+00, -3.185958363326751E-01, -3.526128535903786E-03,  5.336080211231261E-03, -1.298717917423069E-03
A.D. 2031-Jan-01,  3.636471621054836E+00,  8.294883966518571E+00, -2.896463207764935E-01, -6.144159377844306E-03, -4.369359529345243E-04,  1.625252259675749E-03
A.D. 2031-Jul-01,  2.647746598649614E+00,  8.635340634848056E+00, -2.523824620164143E-01, -2.596881439972836E-03,  2.544644361154232E-03, -5.811692182888507E-04
A.D. 2032-Jan-01,  1.588283822372209E+00,  8.887559333134712E+00, -2.204631545495525E-01, -8.266711631496240E-03, -6.415107492059969E-04,  1.293801203896575E-03
A.D. 2032-Jul-01,  5.323089264492248E-01,  8.992529448625614E+00, -1.739848278868076E-01, -2.648743526048748E-03,  3.964727454050112E-04, -1.321977214546135E-04
A.D. 2033-Jan-01, -5.517578135402156E-01,  9.004239170639828E+00, -1.378166829790015E-01, -8.810299260888882E-03, -1.252129473282200E-03,  9.999238390062779E-04
A.D. 2033-Jul-01, -1.609378121202649E+00,  8.869509481095506E+00, -8.695035192869903E-02, -3.201410734436030E-03, -2.730467919679133E-03,  8.799070119453582E-04
A.D. 2034-Jan-01, -2.654106375644613E+00,  8.638042022093119E+00, -4.797607506719705E-02, -8.697516244129564E-03, -6.403619558958456E-04,  4.084335468691036E-05
A.D. 2034-Jul-01, -3.664358815728213E+00,  8.275077714123476E+00,  3.438950822571677E-03, -4.530606639272077E-03, -4.973726275671981E-03,  1.562745167908260E-03
A.D. 2035-Jan-01, -4.617464107944286E+00,  7.809132987150338E+00,  4.598351575365303E-02, -6.846175146669989E-03, -3.051848497742392E-04, -8.842414693839973E-04
A.D. 2035-Jul-01, -5.523821491360884E+00,  7.242755514227186E+00,  9.306697065156182E-02, -5.913557003566821E-03, -5.922528507116565E-03,  1.668564564217702E-03
A.D. 2036-Jan-01, -6.342542249924039E+00,  6.567619476789643E+00,  1.386558918288425E-01, -3.836874608883421E-03, -9.968295110100937E-04, -1.298581112249067E-03
A.D. 2036-Jul-01, -7.100445202706342E+00,  5.825194829978916E+00,  1.795376595913988E-01, -5.790637547353143E-03, -6.433196458334472E-03,  1.508526361476225E-03
A.D. 2037-Jan-01, -7.747084091745104E+00,  4.984891821438921E+00,  2.231367425060077E-01, -1.896944090338400E-03, -2.117552609126295E-03, -1.263218418045152E-03
A.D. 2037-Jul-01, -8.309219592881890E+00,  4.114417634739751E+00,  2.559089321937308E-01, -5.876111027647638E-03, -5.520303923328342E-03,  7.674946899564907E-04
A.D. 2038-Jan-01, -8.762535878679637E+00,  3.153370807348662E+00,  2.972556434706683E-01,  7.705387511011526E-04, -4.207499790862554E-03, -6.643623856825808E-04
A.D. 2038-Jul-01, -9.107194237535969E+00,  2.196306210092732E+00,  3.210476536375880E-01, -4.506457729453145E-03, -4.030731224250112E-03, -2.783130417650804E-04
A.D. 2039-Jan-01, -9.353528892399257E+00,  1.170292884791339E+00,  3.556083281691145E-01,  2.068160858156694E-03, -6.444188342387772E-03,  2.868749650133317E-04
A.D. 2039-Jul-01, -9.471044858719480E+00,  1.695878138266760E-01,  3.723671335581842E-01, -1.699893043790339E-03, -2.848054767363494E-03, -1.172795002781018E-03
A.D. 2040-Jan-01, -9.503551659807790E+00, -8.656954628778091E-01,  3.957224881449770E-01,  2.024829093895630E-03, -7.925241319231072E-03,  1.116718478479118E-03
A.D. 2040-Jul-01, -9.398704205468425E+00, -1.869122156345053E+00,  4.059012953313964E-01,  4.469205275949664E-04, -2.549004243915047E-03, -1.416666554635292E-03
A.D. 2041-Jan-01, -9.216641331107930E+00, -2.869204119271144E+00,  4.181916323729433E-01,  2.383824740457536E-03, -8.017459951319899E-03,  1.312813045027044E-03
A.D. 2041-Jul-01, -8.906828288697728E+00, -3.821589992539851E+00,  4.226650636743239E-01,  3.767346511146047E-03, -2.808822700569123E-03, -1.376350760057515E-03
A.D. 2042-Jan-01, -8.523321606335738E+00, -4.738517563602236E+00,  4.206297614599611E-01,  1.395180837446658E-03, -7.476903912447628E-03,  1.422690531723412E-03
A.D. 2042-Jul-01, -8.031838915957366E+00, -5.607148990322409E+00,  4.203925780654069E-01,  6.017275162633440E-03, -3.960317239193724E-03, -6.734769259257668E-04
A.D. 2043-Jan-01, -7.463499020451220E+00, -6.407390773402875E+00,  4.053615155816949E-01,  6.800485067880628E-04, -5.640338078753623E-03,  9.254688486158316E-04
A.D. 2043-Jul-01, -6.820278966665832E+00, -7.154610808970888E+00,  3.990081889696998E-01,  6.639272293151204E-03, -5.138690175655122E-03,  2.838195470475109E-04
A.D. 2044-Jan-01, -6.092905491666218E+00, -7.813628178498868E+00,  3.744258094660456E-01,  9.178833926719634E-04, -2.973037537573722E-03, -2.557173258192430E-05
A.D. 2044-Jul-01, -5.322377198816143E+00, -8.412216382391595E+00,  3.606984959245437E-01,  6.808252648094573E-03, -4.923813380603154E-03,  6.293052655559375E-04
A.D. 2045-Jan-01, -4.474860328017561E+00, -8.907693842132881E+00,  3.291667258553348E-01,  1.724131716130602E-03, -1.231487673678970E-03, -5.063346741075090E-04
A.D. 2045-Jul-01, -3.616972018856143E+00, -9.326387098401622E+00,  3.067056395618237E-01,  5.491880637433855E-03, -4.781023160880638E-03,  1.198853120328252E-03
A.D. 2046-Jan-01, -2.682626908950816E+00, -9.647636984320155E+00,  2.721942406939613E-01,  3.628000425491225E-03,  1.186280130440290E-03, -1.416336238507237E-03
A.D. 2046-Jul-01, -1.767227284929277E+00, -9.872996453565289E+00,  2.401576614917558E-01,  3.749639925257476E-03, -3.403753927477953E-03,  1.197115629321613E-03
A.D. 2047-Jan-01, -7.899032265060539E-01, -1.001150845109506E+01,  2.055907323760877E-01,  6.080098164256179E-03,  2.362583025321730E-03, -1.732017877417421E-03
A.D. 2047-Jul-01,  1.528876393475414E-01, -1.003673416374118E+01,  1.647269605250598E-01,  2.378024791304763E-03, -9.495931649524825E-04,  6.072056836823400E-04
A.D. 2048-Jan-01,  1.128771902613452E+00, -9.986101290229263E+00,  1.308897436375203E-01,  7.900548853922554E-03,  2.182380488341489E-03, -1.293842287668407E-03
A.D. 2048-Jul-01,  2.069335003120785E+00, -9.813128632636616E+00,  8.411649337527619E-02,  1.984238732045223E-03,  9.118737293410921E-04,  2.105838427160013E-04
A.D. 2049-Jan-01,  3.009001165674130E+00, -9.569569386736484E+00,  4.930364031833653E-02,  8.086831363882056E-03,  2.435468791295760E-03, -9.362269655277517E-04
A.D. 2049-Jul-01,  3.902523023078002E+00, -9.210578649255787E+00,  9.183386764988744E-04,  2.083495823608855E-03,  3.831552941574144E-03, -8.127373949970465E-04
A.D. 2050-Jan-01,  4.763052688293254E+00, -8.780359687664125E+00, -3.414267554061641E-02,  7.551365835445759E-03,  1.505309037090899E-03,  6.136900299968942E-05
A.D. 2050-Jul-01,  5.580835956974820E+00, -8.250426883942110E+00, -8.079838755693240E-02,  3.339444702594190E-03,  5.957410287045365E-03, -1.592691565421539E-03
A.D. 2051-Jan-01,  6.330572719842920E+00, -7.642758717494933E+00, -1.177423996755404E-01,  5.556289088379923E-03,  1.070419449037795E-03,  8.955619360669371E-04
A.D. 2051-Jul-01,  7.034120922273003E+00, -6.963560298651769E+00, -1.585350361761488E-01,  4.922353847252417E-03,  6.593233691224881E-03, -1.703777835057862E-03
A.D. 2052-Jan-01,  7.647175398861039E+00, -6.197441704768250E+00, -1.975639696228299E-01,  2.761439185969395E-03,  1.587174756551576E-03,  1.248816127925527E-03
A.D. 2052-Jul-01,  8.204581945707679E+00, -5.386645097911601E+00, -2.315492747263998E-01,  4.886842403875121E-03,  6.783174898967029E-03, -1.502099092299456E-03
A.D. 2053-Jan-01,  8.653895739389894E+00, -4.495439293586705E+00, -2.681922540713175E-01,  9.697528356030197E-04,  2.455379449858063E-03,  1.232222822835159E-03
A.D. 2053-Jul-01,  9.027331283190797E+00, -3.590096884147615E+00, -2.940507627551278E-01,  4.928770910854806E-03,  5.517425523584419E-03, -6.561207014196431E-04
A.D. 2054-Jan-01,  9.295493871931736E+00, -2.606279342670512E+00, -3.283468947704430E-01, -1.618841797893158E-03,  4.201700344096520E-03,  7.399142917864514E-04
A.D. 2054-Jul-01,  9.463393213927279E+00, -1.636365523459259E+00, -3.454538006952702E-01,  3.389758279333328E-03,  3.982599408145526E-03,  3.778756451262036E-04
A.D. 2055-Jan-01,  9.534454930501873E+00, -6.058147987145129E-01, -3.730082672931195E-01, -3.093337101878551E-03,  6.313864669553159E-03, -1.691162833330095E-04
A.D. 2055-Jul-01,  9.482766652239571E+00,  3.927577234521983E-01, -3.829822300416837E-01,  6.292941321550040E-04,  2.935462593194473E-03,  1.162284582583858E-03
A.D. 2056-Jan-01,  9.343921874740442E+00,  1.419615546209254E+00, -3.993052378236778E-01, -3.126266206504098E-03,  7.921166894196655E-03, -1.089016238381427E-03
A.D. 2056-Jul-01,  9.069108892728815E+00,  2.408117758569219E+00, -4.023261749496335E-01, -1.430956713019106E-03,  2.609756275400285E-03,  1.375491377302262E-03
A.D. 2057-Jan-01,  8.712654489574755E+00,  3.385851007366293E+00, -4.072461197624022E-01, -3.449061763477466E-03,  8.007804763491427E-03, -1.328074893403749E-03
A.D. 2057-Jul-01,  8.227635816005106E+00,  4.306879110788288E+00, -4.039834912112109E-01, -4.582127639464321E-03,  2.666848093235499E-03,  1.371602082577733E-03
A.D. 2058-Jan-01,  7.661682233553883E+00,  5.180825701691015E+00, -3.939103918233187E-01, -2.273752096850736E-03,  7.324790828403114E-03, -1.449246883620538E-03
A.D. 2058-Jul-01,  6.985723735958818E+00,  5.993293592622182E+00, -3.853047908780969E-01, -6.949596310617056E-03,  3.470535445205893E-03,  7.816221910351678E-04
A.D. 2059-Jan-01,  6.226186501064383E+00,  6.719237592443007E+00, -3.612989996087256E-01, -1.565979435294577E-03,  5.091515481485329E-03, -8.440039316079377E-04
A.D. 2059-Jul-01,  5.392255582819549E+00,  7.374065315346755E+00, -3.458606535889263E-01, -7.827399065346562E-03,  4.467902127128387E-03, -1.649098019269371E-04
A.D. 2060-Jan-01,  4.470574059098559E+00,  7.915940414776548E+00, -3.114248720534081E-01, -2.028916341575374E-03,  2.110757196606351E-03,  1.657111535477717E-04
A.D. 2060-Jul-01,  3.510892316436042E+00,  8.373877353278031E+00, -2.877354488827991E-01, -8.010660261293087E-03,  4.067375239716640E-03, -5.468898452235098E-04
A.D. 2061-Jan-01,  2.478409399281787E+00,  8.700115185184144E+00, -2.458321484312836E-01, -2.851057645798600E-03,  1.363891491541820E-04,  6.262986632888641E-04
A.D. 2061-Jul-01,  1.450017521358917E+00,  8.924895813059326E+00, -2.131182331621322E-01, -6.450185061397151E-03,  3.794081345556895E-03, -1.216116378746901E-03
A.D. 2062-Jan-01,  3.579621535511937E-01,  9.021567853905895E+00, -1.684328683161919E-01, -4.574846153542264E-03, -2.371708766604745E-03,  1.425599558457731E-03
A.D. 2062-Jul-01, -6.916087569720222E-01,  8.999196860047034E+00, -1.265439865911391E-01, -4.258933941367579E-03,  2.040652501260183E-03, -1.197841699248684E-03
A.D. 2063-Jan-01, -1.778690368194565E+00,  8.861703011033139E+00, -8.283645706646539E-02, -6.508418181185947E-03, -3.788093156816749E-03,  1.698709855485830E-03
A.D. 2063-Jul-01, -2.798974300949267E+00,  8.594058862620713E+00, -3.376200593719328E-02, -2.587948989823899E-03, -8.538672125566543E-04, -5.094445150262871E-04
A.D. 2064-Jan-01, -3.817081195781358E+00,  8.228369886939499E+00,  7.250858618531536E-03, -7.857887361032944E-03, -3.991543611561507E-03,  1.342900817030294E-03
A.D. 2064-Jul-01, -4.760184418940203E+00,  7.731794728263534E+00,  5.965032580147865E-02, -1.860285930630577E-03, -2.884007534780293E-03, -1.002579586478627E-04
A.D. 2065-Jan-01, -5.659207825089191E+00,  7.154551415693005E+00,  9.866575226979046E-02, -7.642143226759441E-03, -4.384316810264945E-03,  1.012155604640244E-03
A.D. 2065-Jul-01, -6.468762087564806E+00,  6.467955158849868E+00,  1.492003226559052E-01, -1.676195209692521E-03, -5.680703170981170E-03,  8.617973715572234E-04
A.D. 2066-Jan-01, -7.198630950613008E+00,  5.711603137252356E+00,  1.847300887909246E-01, -6.841582652969461E-03, -3.348503911842386E-03,  4.063168650168709E-06
A.D. 2066-Jul-01, -7.843292175174453E+00,  4.875024836153657E+00,  2.297821575265389E-01, -2.363759360445107E-03, -7.455709968871666E-03,  1.511870295933235E-03
A.D. 2067-Jan-01, -8.374305829183132E+00,  3.977211376188468E+00,  2.630053482116998E-01, -4.398872259046412E-03, -2.474040347587301E-03, -9.568680656579805E-04
A.D. 2067-Jul-01, -8.823146415111449E+00,  3.040020500603578E+00,  2.982610041436086E-01, -3.280977532252050E-03, -7.827669542655609E-03,  1.600121376242376E-03
A.D. 2068-Jan-01, -9.141305583217804E+00,  2.046466809754473E+00,  3.294430067667043E-01, -9.878714808400728E-04, -2.571759439848463E-03, -1.378738240579458E-03
A.D. 2068-Jul-01, -9.376777263362177E+00,  1.050212071610147E+00,  3.538682318468638E-01, -2.868580868337143E-03, -7.671798281360921E-03,  1.419399107492717E-03
A.D. 2069-Jan-01, -9.475723740461815E+00,  1.626775437872190E-02,  3.790102487154383E-01,  1.152653174230594E-03, -3.023795795384744E-03, -1.354612576773058E-03
A.D. 2069-Jul-01, -9.487407678379562E+00, -9.820821684109762E-01,  3.920146706497882E-01, -2.845711254186561E-03, -6.049379330265752E-03,  6.555563177836841E-04
A.D. 2070-Jan-01, -9.377069876493453E+00, -2.010339942852347E+00,  4.120339061484286E-01,  3.820480547909003E-03, -4.434196965180028E-03, -7.662957326983489E-04
A.D. 2070-Jul-01, -9.169737016158168E+00, -2.972969843193634E+00,  4.138967830563217E-01, -1.484016510046726E-03, -3.862076843545826E-03, -4.152997248689497E-04
A.D. 2071-Jan-01, -8.864465222261749E+00, -3.945233781931114E+00,  4.254559114449087E-01,  5.002968478025637E-03, -5.996138318506453E-03,  1.603111299171987E-04
A.D. 2071-Jul-01, -8.454201876865200E+00, -4.837485253025145E+00,  4.192807253279985E-01,  1.203166575307627E-03, -2.076889766862221E-03, -1.310761371030221E-03
A.D. 2072-Jan-01, -7.970925376226049E+00, -5.708929409353378E+00,  4.191152262559850E-01,  4.758183532621288E-03, -6.885069120789952E-03,  9.785744556130179E-04
A.D. 2072-Jul-01, -7.381091571995523E+00, -6.501022043683797E+00,  4.062490057237297E-01,  3.081683972367629E-03, -1.253906621624872E-03, -1.544217676370348E-03
A.D. 2073-Jan-01, -6.738482713499922E+00, -7.241095740735934E+00,  3.955459166978439E-01,  4.803340314629350E-03, -6.480644066619399E-03,  1.180302541392782E-03
A.D. 2073-Jul-01, -6.008477457658615E+00, -7.896436623010209E+00,  3.780410026903843E-01,  6.015492399148025E-03, -1.094146435963757E-03, -1.478478765479509E-03
A.D. 2074-Jan-01, -5.234126148987698E+00, -8.473244057316366E+00,  3.544294143530794E-01,  3.417099542313752E-03, -5.544627736073318E-03,  1.310172326258297E-03
A.D. 2074-Jul-01, -4.396655692849719E+00, -8.974022728041284E+00,  3.339100597353018E-01,  7.799292744759114E-03, -1.868326839445047E-03, -7.699802475076811E-04
A.D. 2075-Jan-01, -3.517662258446719E+00, -9.370594614137135E+00,  2.994207094537070E-01,  2.229813326376139E-03, -3.380043773781032E-03,  8.290088423211078E-04
A.D. 2075-Jul-01, -2.611193318660642E+00, -9.695698735110296E+00,  2.751495802818116E-01,  7.953028623610196E-03, -2.740789393199577E-03,  1.830175568952928E-04
A.D. 2076-Jan-01, -1.660507748316328E+00, -9.904325980043645E+00,  2.337879403155128E-01,  1.984118727115975E-03, -4.495266382013603E-04, -1.189282240704949E-04
A.D. 2076-Jul-01, -7.143411308140176E-01, -1.004045572135788E+01,  2.049501795446789E-01,  7.636688567410071E-03, -2.333698977532335E-03,  5.405282263081086E-04
A.D. 2077-Jan-01,  2.644083231179115E-01, -1.005540845774277E+01,  1.597990671983196E-01,  2.299848377869152E-03,  1.444023488074433E-03, -5.876757112157076E-04
A.D. 2077-Jul-01,  1.205131153647679E+00, -9.992627759951972E+00,  1.256258033457294E-01,  5.831121058625575E-03, -2.103419955726129E-03,  1.132383799601568E-03
A.D. 2078-Jan-01,  2.176565151919317E+00, -9.819623205371947E+00,  8.103568228080249E-02,  3.735315029973706E-03,  3.904161742063740E-03, -1.476675364638657E-03
A.D. 2078-Jul-01,  3.081786267591483E+00, -9.557740444108122E+00,  4.089958474664198E-02,  3.563945999262518E-03, -7.313017101724286E-04,  1.163039336255515E-03
A.D. 2079-Jan-01,  4.001528919338111E+00, -9.204150516432124E+00,  9.261963289291050E-05,  5.677471651761031E-03,  5.002880460037533E-03, -1.751324361875377E-03
A.D. 2079-Jul-01,  4.841533692444060E+00, -8.751955876326774E+00, -4.499018217938495E-02,  1.657695084506204E-03,  1.661021234805621E-03,  5.941135326376025E-04
A.D. 2080-Jan-01,  5.666307366318810E+00, -8.227065352033121E+00, -8.101707193822059E-02,  6.950281673035546E-03,  4.689205592299456E-03, -1.282825386328047E-03
A.D. 2080-Jul-01,  6.412230758491747E+00, -7.599648842487664E+00, -1.278973834232656E-01,  7.636122350146459E-04,  3.374875658450532E-03,  2.143226337550914E-04
A.D. 2081-Jan-01,  7.110108340804929E+00, -6.915710920912971E+00, -1.606817831354112E-01,  6.634205205706703E-03,  4.744342918834332E-03, -9.062670829808730E-04
A.D. 2081-Jul-01,  7.723400544598451E+00, -6.146194451559303E+00, -2.049526839738833E-01,  4.224070653741557E-04,  6.068765113254478E-03, -7.994651328196761E-04
A.D. 2082-Jan-01,  8.257239323219023E+00, -5.325816250273537E+00, -2.337361580701443E-01,  5.643078375132940E-03,  3.546826008673047E-03,  9.780838520772929E-05
A.D. 2082-Jul-01,  8.714897516114084E+00, -4.443138845778151E+00, -2.720543524284533E-01,  1.290660325160174E-03,  7.830326155251295E-03, -1.548834829520719E-03
A.D. 2083-Jan-01,  9.061428744654622E+00, -3.512294257592495E+00, -2.985172857462991E-01,  3.269530368170387E-03,  2.729682270695886E-03,  9.492371925930383E-04
A.D. 2083-Jul-01,  9.334744882839129E+00, -2.554360417414148E+00, -3.269230010211852E-01,  2.491940772508851E-03,  7.991884430062827E-03, -1.616224436806850E-03
A.D. 2084-Jan-01,  9.479810308594322E+00, -1.548362244752880E+00, -3.514409550063742E-01,  1.462383608994304E-04,  2.754543099696978E-03,  1.333454088691878E-03
A.D. 2084-Jul-01,  9.547604153331122E+00, -5.473869735005773E-01, -3.691716349645163E-01,  2.144951786339033E-03,  7.658358469840765E-03, -1.389154622271861E-03
A.D. 2085-Jan-01,  9.479575504226492E+00,  4.851871839256639E-01, -3.876337327228235E-01, -1.897400544888387E-03,  3.063446673108305E-03,  1.340155851803435E-03
A.D. 2085-Jul-01,  9.326807020070980E+00,  1.476399723063497E+00, -3.940113325509813E-01,  1.960115571197640E-03,  5.822793029192238E-03, -5.336915674001534E-04
A.D. 2086-Jan-01,  9.048131368254438E+00,  2.490785490076451E+00, -4.070221673773475E-01, -4.640824813800625E-03,  4.206274980426894E-03,  8.623491210516851E-04
A.D. 2086-Jul-01,  8.672014322457647E+00,  3.432713264288705E+00, -4.019673201293853E-01,  3.613670305072433E-04,  3.673491206879800E-03,  4.969317119855810E-04
A.D. 2087-Jan-01,  8.190482931828738E+00,  4.374231936030213E+00, -4.059284272188021E-01, -6.101908573379512E-03,  5.694305043749688E-03, -4.997557487213946E-05
A.D. 2087-Jul-01,  7.602110605698679E+00,  5.224739677115465E+00, -3.919450756826923E-01, -2.298331262728699E-03,  1.955090643607374E-03,  1.287821248249931E-03
A.D. 2088-Jan-01,  6.932162705911644E+00,  6.039466084392360E+00, -3.833844840245273E-01, -5.931920106634882E-03,  6.634817992424481E-03, -9.670400027815687E-04
A.D. 2088-Jul-01,  6.153484249104278E+00,  6.758046629339703E+00, -3.616539927720865E-01, -4.118438040272864E-03,  9.600760413313821E-04,  1.507110855960200E-03
A.D. 2089-Jan-01,  5.317122773585917E+00,  7.403766105789891E+00, -3.416386308611054E-01, -5.920250285615181E-03,  6.065596422666687E-03, -1.200559545577555E-03
A.D. 2089-Jul-01,  4.396118956597070E+00,  7.943405797547689E+00, -3.143875149314539E-01, -6.887607415564516E-03,  3.997623180322805E-04,  1.507889887008933E-03
A.D. 2090-Jan-01,  3.430963109051270E+00,  8.377662670845023E+00, -2.807196141680449E-01, -4.276927380098185E-03,  4.777124158270373E-03, -1.309674467928507E-03
A.D. 2090-Jul-01,  2.412362392591138E+00,  8.711952897394003E+00, -2.501425795888585E-01, -8.724524373907349E-03,  7.195740421476649E-04,  9.003553217756226E-04
A.D. 2091-Jan-01,  1.361255937506793E+00,  8.911317066495290E+00, -2.053326926896476E-01, -2.995409629673266E-03,  2.102653803710665E-03, -7.197280465085127E-04
A.D. 2091-Jul-01,  3.019336132910711E-01,  9.015636899475599E+00, -1.712895753457858E-01, -8.906062568450395E-03,  1.388494901241585E-03, -8.060019356094529E-05
A.D. 2092-Jan-01, -7.825709995509634E-01,  8.972871650056375E+00, -1.201962975174966E-01, -2.749494487372266E-03, -1.121455375942041E-03,  2.486496986529790E-04
A.D. 2092-Jul-01, -1.834015245298579E+00,  8.836208493902372E+00, -8.245331686700540E-02, -8.310661148007464E-03,  8.113917561483868E-04, -4.919796014453149E-04
A.D. 2093-Jan-01, -2.887724326519078E+00,  8.554093518037540E+00, -2.914670490324731E-02, -2.786056550320264E-03, -3.166431451458172E-03,  6.734551851633620E-04
A.D. 2093-Jul-01, -3.866120784576049E+00,  8.182144273885578E+00,  1.199884184189840E-02, -5.935655868851553E-03,  5.256947900052184E-04, -1.180332726376706E-03
A.D. 2094-Jan-01, -4.836399199407285E+00,  7.683435901553681E+00,  6.214478577135175E-02, -3.716936603780807E-03, -5.556861664976677E-03,  1.438895772899220E-03
A.D. 2094-Jul-01, -5.698668812694025E+00,  7.094858307996600E+00,  1.064121248989243E-01, -3.021811142597709E-03, -1.049713058172572E-03, -1.177094605325335E-03
A.D. 2095-Jan-01, -6.530133558461176E+00,  6.410256342560594E+00,  1.494042783241724E-01, -4.946838590248833E-03, -6.682854320865889E-03,  1.689678292758809E-03
A.D. 2095-Jul-01, -7.239604615019057E+00,  5.639826495656622E+00,  1.947797073899796E-01, -7.357736337095663E-04, -3.545934207971130E-03, -5.246824302170138E-04
A.D. 2096-Jan-01, -7.886850802347878E+00,  4.806008149062635E+00,  2.291050530993258E-01, -5.727488992803710E-03, -6.414672713233696E-03,  1.304501984379011E-03
A.D. 2096-Jul-01, -8.415263674177218E+00,  3.894760311822043E+00,  2.721161223687966E-01,  5.117359906387835E-04, -5.032465750198950E-03, -1.524586016407803E-04
A.D. 2097-Jan-01, -8.853471945609263E+00,  2.952122004012101E+00,  2.990575052706147E-01, -5.068403519730453E-03, -6.210891386616415E-03,  9.406130976456106E-04
A.D. 2097-Jul-01, -9.176419475584913E+00,  1.962445489772894E+00,  3.353870995294458E-01,  1.078320571445408E-03, -7.186271587260168E-03,  7.699587276682727E-04
A.D. 2098-Jan-01, -9.385126357865634E+00,  9.579232958016483E-01,  3.543985902716775E-01, -3.961736313462332E-03, -4.492646978245579E-03, -1.058365524532465E-04
A.D. 2098-Jul-01, -9.498736345492338E+00, -6.232380480386752E-02,  3.813887357911976E-01,  6.152081711842507E-04, -8.303917165565935E-03,  1.402171786944258E-03
A.D. 2099-Jan-01, -9.478327830554781E+00, -1.084962649315134E+00,  3.947521996562706E-01, -1.347347189286366E-03, -2.955245927224883E-03, -1.081128562609013E-03
A.D. 2099-Jul-01, -9.380542276633500E+00, -2.084219773876094E+00,  4.091817090423043E-01, -2.650572074243497E-04, -8.022925025621941E-03,  1.486732760405819E-03
A.D. 2100-Jan-01, -9.145286373028510E+00, -3.080662990261484E+00,  4.183015246503951E-01,  2.043558150451054E-03, -2.442233188203686E-03
