epoch, x, y, z, vx, vy, vz
A.D. 1950-Jan-01, -2.909079238423207E+01, -8.409687959409398E+00,  8.420222291182111E-01, -5.908697584513491E-04, -4.769099138936501E-03, -1.040311906318024E-03
A.D. 1950-Jul-01, -2.893052453269212E+01, -8.947727759334049E+00,  8.513791179684913E-01,  2.336453187866930E-03, -4.185730734882232E-03, -1.671900850017820E-03
A.D. 1951-Jan-01, -2.875882938326144E+01, -9.496305134835449E+00,  8.564027535222052E-01, -1.385238172279574E-03, -3.896550253419160E-03,  1.142491123175150E-04
A.D. 1951-Jul-01, -2.857718850764394E+01, -1.002768796327930E+01,  8.643723413766252E-01,  8.891826566468925E-04, -4.808236149236624E-03, -1.667670631794228E-03
A.D. 1952-Jan-01, -2.838760502315735E+01, -1.056838211215718E+01,  8.703510761060660E-01, -1.134593573909529E-03, -2.607671942408865E-03,  1.239111187543328E-03
A.D. 1952-Jul-01, -2.818674883063452E+01, -1.109748707896320E+01,  8.764517467834217E-01, -1.232924240254475E-03, -2.961608144846410E-03,  9.546279933443174E-04
A.D. 1953-Jan-01, -2.797563110323821E+01, -1.162622406672471E+01,  8.853125530770533E-01,  2.561455629179748E-03, -1.070811669675574E-03,  1.155570106613592E-03
A.D. 1953-Jul-01, -2.775693196511265E+01, -1.214691179001227E+01,  8.890294960669671E-01, -2.482687968107925E-04, -1.708038413479018E-03,  1.736918382859198E-03
A.D. 1954-Jan-01, -2.752372537531439E+01, -1.266719525649951E+01,  8.967601024754878E-01,  3.612296043947984E-03, -1.821260971034291E-03, -2.833811986120015E-06
A.D. 1954-Jul-01, -2.728742233566253E+01, -1.317975999023484E+01,  9.006297111604612E-01,  1.393483224694478E-03, -9.561907402418671E-04,  1.755626552708883E-03
A.D. 1955-Jan-01, -2.703259161979285E+01, -1.369220918214993E+01,  9.061793698603443E-01,  3.628425046111920E-03, -3.013394721962542E-03, -1.151250479228832E-03
A.D. 1955-Jul-01, -2.677793678993613E+01, -1.419502148493039E+01,  9.107092476806024E-01,  3.008541060596018E-03, -1.016009710334037E-03,  9.980824398206245E-04
A.D. 1956-Jan-01, -2.650291760936772E+01, -1.469975836104576E+01,  9.137166639613924E-01,  2.652089613220673E-03, -4.100215462746746E-03, -1.775518155878722E-03
A.D. 1956-Jul-01, -2.622514524169300E+01, -1.519426926148542E+01,  9.177932376143610E-01,  3.093286455259104E-03, -3.784864732170469E-03, -1.679607204880212E-03
A.D. 1957-Jan-01, -2.593540886623210E+01, -1.569204228670563E+01,  9.189069534764587E-01, -6.865100781564526E-04, -3.754443853556522E-03,  4.758310923451595E-06
A.D. 1957-Jul-01, -2.563839627003140E+01, -1.617131887577069E+01,  9.231896437051671E-01,  1.684586069423054E-03, -4.475743020286248E-03, -1.735371955063374E-03
A.D. 1958-Jan-01, -2.533161718033976E+01, -1.665703596858028E+01,  9.251496602958272E-01, -5.457979763915231E-04, -2.463559392966577E-03,  1.162005965479283E-03
A.D. 1958-Jul-01, -2.501507181597990E+01, -1.712548872326855E+01,  9.274711785954464E-01,  2.650388484078374E-04, -4.354086194109363E-03, -1.004953641056920E-03
A.D. 1959-Jan-01, -2.469041140642943E+01, -1.759715637887032E+01,  9.306528062725212E-01,  5.938936636613635E-04, -1.231672687251241E-03,  1.807820434727682E-03
A.D. 1959-Jul-01, -2.435606740482127E+01, -1.805434195457426E+01,  9.310488322461744E-01, -4.904274608731917E-04, -3.444599205233102E-03,  1.846751572555086E-04
A.D. 1960-Jan-01, -2.401253779310651E+01, -1.851076786072862E+01,  9.349795974605861E-01,  2.267308174525710E-03, -5.719311079093077E-04,  1.648880635640474E-03
A.D. 1960-Jul-01, -2.366149397156702E+01, -1.895698838651778E+01,  9.357581020119183E-01,  1.846874993122485E-03, -6.221678608923846E-04,  1.778123935916888E-03
A.D. 1961-Jan-01, -2.329514547143279E+01, -1.939822625346125E+01,  9.374228831799664E-01,  4.271548782808885E-03, -2.456993423904480E-03, -1.114682775477373E-03
A.D. 1961-Jul-01, -2.293215302524231E+01, -1.982866268113995E+01,  9.378876301993662E-01,  3.468179427853984E-03, -5.441761954550467E-04,  1.061109188575641E-03
A.D. 1962-Jan-01, -2.254888220403333E+01, -2.025684078338436E+01,  9.369787442088644E-01,  3.362834900540425E-03, -3.561919410834365E-03, -1.796327907780404E-03
A.D. 1962-Jul-01, -2.217033364283953E+01, -2.067125289940893E+01,  9.380720471983371E-01,  4.447048717416010E-03, -1.260539961978718E-03, -1.338770730399190E-04
A.D. 1963-Jan-01, -2.177265657817846E+01, -2.108632284388079E+01,  9.350443101430597E-01,  1.883825303119932E-03, -4.114589872084973E-03, -1.673803748372791E-03
A.D. 1963-Jul-01, -2.137825280471040E+01, -2.148452066617289E+01,  9.361852980979349E-01,  4.388367950900866E-03, -2.421214870879902E-03, -1.273430411725440E-03
A.D. 1964-Jan-01, -2.096812747317081E+01, -2.188577464331670E+01,  9.321496647617681E-01,  5.306733000313479E-04, -3.835536210710459E-03, -8.012118776337314E-04
A.D. 1964-Jul-01, -2.055576677715918E+01, -2.227213903846661E+01,  9.308060050179923E-01,  9.255507351081438E-04, -3.939085656499314E-03, -1.110694136054532E-03
A.D. 1965-Jan-01, -2.013582284109724E+01, -2.265620840655262E+01,  9.298969072592241E-01,  9.819201153565555E-04, -8.715627663124936E-04,  1.782195268621918E-03
A.D. 1965-Jul-01, -1.970976586057789E+01, -2.302557782703078E+01,  9.264646571145633E-01,  6.702942100071458E-05, -3.098817315822326E-03,  7.423680475342038E-05
A.D. 1966-Jan-01, -1.927514529348935E+01, -2.339202310573349E+01,  9.264036543101251E-01,  2.599758700077783E-03, -1.034739467891117E-04,  1.682215276398442E-03
A.D. 1966-Jul-01, -1.883670265790842E+01, -2.374710075511807E+01,  9.216069475215161E-01,  2.275229865182975E-04, -1.779361657568142E-03,  1.223709207049439E-03
A.D. 1967-Jan-01, -1.838637957469437E+01, -2.409593158038574E+01,  9.212960700149222E-01,  4.122156763367926E-03, -1.572489820931523E-04,  8.202410528425199E-04
A.D. 1967-Jul-01, -1.793642137302770E+01, -2.443555000676225E+01,  9.160303095447836E-01,  1.365821336863832E-03, -5.227542460733798E-04,  1.820005649963074E-03
A.D. 1968-Jan-01, -1.747037867874724E+01, -2.476725261378415E+01,  9.141872226145393E-01,  4.905012810525753E-03, -9.703888215199199E-04, -4.206038513377701E-04
A.D. 1968-Jul-01, -1.700505584852299E+01, -2.508986084109755E+01,  9.101208272709423E-01,  4.835916300371185E-03, -5.996648532932446E-04, -6.517454135322627E-05
A.D. 1969-Jan-01, -1.652491216441410E+01, -2.540792337725107E+01,  9.032183568742317E-01,  2.486001571205647E-03, -3.554369333449720E-03, -1.747675602386535E-03
A.D. 1969-Jul-01, -1.605082597754950E+01, -2.570965970152771E+01,  9.004916799853850E-01,  4.869381077867208E-03, -1.721166458870348E-03, -1.238028537364949E-03
A.D. 1970-Jan-01, -1.556053930439986E+01, -2.601103025467366E+01,  8.924809509225451E-01,  1.087572839859405E-03, -3.365968825763965E-03, -9.114383976077525E-04
A.D. 1970-Jul-01, -1.507311392183551E+01, -2.629371130453385E+01,  8.889685030728881E-01,  3.910509078098843E-03, -2.808977000683339E-03, -1.870629679499812E-03
A.D. 1971-Jan-01, -1.457382680343749E+01, -2.657657669115036E+01,  8.811452266470162E-01,  3.938786758692939E-04, -2.394385019857556E-03,  3.233971710305314E-04
A.D. 1971-Jul-01, -1.407399520346212E+01, -2.684046396412560E+01,  8.760203146829677E-01,  2.415186011176051E-03, -3.338528818580083E-03, -1.679046996144704E-03
A.D. 1972-Jan-01, -1.356590655460598E+01, -2.710290201699528E+01,  8.693131777082218E-01,  7.376469496230487E-04, -1.021486167761213E-03,  1.402118762228046E-03
A.D. 1972-Jul-01, -1.305483481816095E+01, -2.735056576560215E+01,  8.624141244508047E-01,  5.757622289966207E-04, -1.343268113358148E-03,  1.143273974054693E-03
A.D. 1973-Jan-01, -1.253489170941404E+01, -2.758834677010184E+01,  8.582628939143639E-01,  4.366358855192412E-03,  5.240869768228835E-04,  8.875000585266355E-04
A.D. 1973-Jul-01, -1.201834443621411E+01, -2.781674324333880E+01,  8.491453997505608E-01,  1.600672439985124E-03, -2.173591346296411E-05,  1.798040753044416E-03
A.D. 1974-Jan-01, -1.148752924211429E+01, -2.803364607106306E+01,  8.435954765870233E-01,  5.207427347033264E-03, -1.940797310345034E-04, -3.542254321983057E-04
A.D. 1974-Jul-01, -1.096480448864946E+01, -2.824186351896139E+01,  8.348538226724982E-01,  3.179007045288140E-03,  7.726864278908276E-04,  1.629419689369537E-03
A.D. 1975-Jan-01, -1.042481125893138E+01, -2.843913692484694E+01,  8.269801520099068E-01,  5.011011682937047E-03, -1.342726115985437E-03, -1.459215777372377E-03
A.D. 1975-Jul-01, -9.896072060058996E+00, -2.862633910345582E+01,  8.190510680397659E-01,  4.627619270544324E-03,  7.363152638976020E-04,  7.094183243211925E-04
A.D. 1976-Jan-01, -9.349202366142558E+00, -2.880504966540162E+01,  8.087033751620900E-01,  3.885359306425640E-03, -2.367911705158811E-03, -1.932579946901823E-03
A.D. 1976-Jul-01, -8.809015174211719E+00, -2.897200610589206E+01,  8.000553064119711E-01,  4.302408790100437E-03, -2.030707766753393E-03, -1.886130602706844E-03
A.D. 1977-Jan-01, -8.261106454312019E+00, -2.913390997976853E+01,  7.885371246929695E-01,  6.987938320321677E-04, -1.881152193094499E-03,  2.156969237727218E-04
A.D. 1977-Jul-01, -7.716371905749684E+00, -2.927833525990440E+01,  7.800309622918435E-01,  2.814983005659674E-03, -2.651549856369759E-03, -1.753716534182009E-03
A.D. 1978-Jan-01, -7.164800129120686E+00, -2.941934501735532E+01,  7.696817041115865E-01,  9.111564887465311E-04, -5.198129422837102E-04,  1.333458180962536E-03
A.D. 1978-Jul-01, -6.613995728380137E+00, -2.954475915388775E+01,  7.592514721287459E-01,  1.415323677197578E-03, -2.448005089992670E-03, -8.577788179854898E-04
A.D. 1979-Jan-01, -6.057736245612933E+00, -2.966365784581915E+01,  7.502730745469695E-01,  2.057666801623947E-03,  7.542263905250727E-04,  1.831166906412501E-03
A.D. 1979-Jul-01, -5.502409509194373E+00, -2.977024603144089E+01,  7.381007234305181E-01,  7.366903718047059E-04, -1.458316190372871E-03,  4.001753322225228E-04
A.D. 1980-Jan-01, -4.940359163056162E+00, -2.986642294827519E+01,  7.298359876929451E-01,  3.638299768982501E-03,  1.428554466490483E-03,  1.482543278590888E-03
A.D. 1980-Jul-01, -4.380026029318581E+00, -2.995285330735929E+01,  7.183821632602631E-01,  3.198584272504914E-03,  1.408191750787687E-03,  1.664644249108512E-03
A.D. 1981-Jan-01, -3.808480284220391E+00, -3.002682035726907E+01,  7.073391999579842E-01,  5.228967313980366E-03, -5.113750381569083E-04, -1.424760702263914E-03
A.D. 1981-Jul-01, -3.250123795404979E+00, -3.009248214362187E+01,  6.960771649418748E-01,  4.659269042553416E-03,  1.485870035791116E-03,  7.816544084599301E-04
A.D. 1982-Jan-01, -2.674864905440501E+00, -3.014649303920574E+01,  6.825784915124409E-01,  4.167549468514970E-03, -1.581835155370801E-03, -1.958438389014109E-03
A.D. 1982-Jul-01, -2.113555576195437E+00, -3.018928647392886E+01,  6.720394260777107E-01,  5.420188327024698E-03,  7.655585996241945E-04, -4.832062291775829E-04
A.D. 1983-Jan-01, -1.537095231826124E+00, -3.022326125659329E+01,  6.567416969207052E-01,  2.635309851559344E-03, -2.072595937375129E-03, -1.644223789744922E-03
A.D. 1983-Jul-01, -9.727855284988443E-01, -3.024293977853656E+01,  6.462400428579124E-01,  5.151153286137243E-03, -3.846685869883701E-04, -1.564435103512956E-03
A.D. 1984-Jan-01, -3.972682373764793E-01, -3.025601124136723E+01,  6.303874097473031E-01,  1.317737557497874E-03, -1.713461428100056E-03, -6.223197781745130E-04
A.D. 1984-Jul-01,  1.722083357854045E-01, -3.025481099018609E+01,  6.173842046806546E-01,  1.637154585955613E-03, -1.811549117799609E-03, -9.638321374709604E-04
A.D. 1985-Jan-01,  7.439662563378845E-01, -3.024345719188184E+01,  6.052570812390927E-01,  2.005039389781999E-03,  1.354492162334663E-03,  1.820087846688337E-03
A.D. 1985-Jul-01,  1.311862632998521E+00, -3.022061811407797E+01,  5.902124333359161E-01,  8.443938764430127E-04, -8.891126740695830E-04,  2.960724996554601E-04
A.D. 1986-Jan-01,  1.883551261415237E+00, -3.018487756852798E+01,  5.789968593371762E-01,  3.526442316726357E-03,  2.136169908892833E-03,  1.530158450082458E-03
A.D. 1986-Jul-01,  2.448616092346267E+00, -3.014145192006841E+01,  5.629924037324265E-01,  1.058922886936765E-03,  4.956936556129820E-04,  1.392404446122209E-03
A.D. 1987-Jan-01,  3.020256022702292E+00, -3.008214303690123E+01,  5.515012957152915E-01,  4.855966507741231E-03,  2.070594756719129E-03,  5.189641138188233E-04
A.D. 1987-Jul-01,  3.580978477993970E+00, -3.001788754901873E+01,  5.355049829177577E-01,  2.178578038199450E-03,  1.785020466410604E-03,  1.831874223179281E-03
A.D. 1988-Jan-01,  4.151825676334409E+00, -2.993666942712349E+01,  5.224898384046898E-01,  5.399844004487534E-03,  1.236719312039141E-03, -7.623229410661587E-04
A.D. 1988-Jul-01,  4.712355655516195E+00, -2.984892763007116E+01,  5.078597790528140E-01,  5.328589156553124E-03,  1.629573145569958E-03, -4.076133259545525E-04
A.D. 1989-Jan-01,  5.280136671616244E+00, -2.975057237093129E+01,  4.901063908936631E-01,  2.736538427969362E-03, -1.338624971594995E-03, -1.718831912931006E-03
A.D. 1989-Jul-01,  5.832842932625599E+00, -2.964111350240234E+01,  4.772275016951938E-01,  5.133302255577282E-03,  4.871562339166867E-04, -1.527273409751653E-03
A.D. 1990-Jan-01,  6.394288139333420E+00, -2.952350789476258E+01,  4.589592050576507E-01,  1.351609373386150E-03, -1.093950876996443E-03, -7.279458425247572E-04
A.D. 1990-Jul-01,  6.944303631220970E+00, -2.939296125344935E+01,  4.453937030567742E-01,  4.014144848086929E-03, -5.984227516237405E-04, -2.001334153040036E-03
A.D. 1991-Jan-01,  7.498746644366296E+00, -2.925509120824320E+01,  4.279094824558732E-01,  7.188554987391176E-04, -6.515639018326781E-05,  5.538667539968034E-04
A.D. 1991-Jul-01,  8.045385784579691E+00, -2.910444876338340E+01,  4.128860680524449E-01,  2.459324330547393E-03, -1.097340499460942E-03, -1.616575926669708E-03
A.D. 1992-Jan-01,  8.593117136005374E+00, -2.894497977251508E+01,  3.969898959770953E-01,  1.104107562458361E-03,  1.345547995657882E-03,  1.551352483932618E-03
A.D. 1992-Jul-01,  9.135746095678172E+00, -2.877499319038216E+01,  3.806936518792375E-01,  8.704253476733254E-04,  1.019521667886832E-03,  1.328545764767354E-03
A.D. 1993-Jan-01,  9.680303183738250E+00, -2.859012300825241E+01,  3.672455192004837E-01,  4.582926170139016E-03,  2.835049271333526E-03,  6.008377044316844E-04
A.D. 1993-Jul-01,  1.021306652742532E+01, -2.840271154196889E+01,  3.492516391886756E-01,  1.887678696565400E-03,  2.355636948621106E-03,  1.829897712173855E-03
A.D. 1994-Jan-01,  1.075332694898454E+01, -2.819660133107598E+01,  3.344563490933436E-01,  5.196600824022566E-03,  2.066902446215563E-03, -6.875861421010456E-04
A.D. 1994-Jul-01,  1.127765559113543E+01, -2.798859355057371E+01,  3.173317503016243E-01,  3.361816043870404E-03,  3.129314010713068E-03,  1.471114447745567E-03
A.D. 1995-Jan-01,  1.181195967545717E+01, -2.776258238506372E+01,  3.003977775156368E-01,  4.791881637394611E-03,  8.831235110726267E-04, -1.710524984951534E-03
A.D. 1995-Jul-01,  1.232775054038583E+01, -2.753316345307478E+01,  2.844666736036526E-01,  4.619246596424862E-03,  3.046738906431379E-03,  4.109050941193351E-04
A.D. 1996-Jan-01,  1.285363490800848E+01, -2.728832438163631E+01,  2.654531099063689E-01,  3.532753475502099E-03, -1.450723107944143E-04, -2.009141389485764E-03
A.D. 1996-Jul-01,  1.336564448552427E+01, -2.703607950056812E+01,  2.488142841587426E-01,  3.912925774065715E-03,  1.892902208191697E-04, -2.015463440935953E-03
A.D. 1997-Jan-01,  1.387690158593296E+01, -2.677417770981357E+01,  2.296727346102643E-01,  5.146115985073995E-04,  4.581546886694403E-04,  4.592777684508315E-04
A.D. 1997-Jul-01,  1.437803486635505E+01, -2.650166478662437E+01,  2.133229544300811E-01,  2.357764193789375E-03, -4.114955427193766E-04, -1.688431900381950E-03
A.D. 1998-Jan-01,  1.487693028339500E+01, -2.621904599807198E+01,  1.959100756567375E-01,  7.649141905300447E-04,  1.858239520612073E-03,  1.501959855941915E-03
A.D. 1998-Jul-01,  1.536768041503453E+01, -2.592824555326620E+01,  1.779995334869442E-01,  9.735680876248439E-04, -1.634463791282633E-04, -6.456447862431287E-04
A.D. 1999-Jan-01,  1.585463055459859E+01, -2.562462040625113E+01,  1.623503293362560E-01,  1.872953201080181E-03,  3.132806494239077E-03,  1.830414045642092E-03
A.D. 1999-Jul-01,  1.633299871059346E+01, -2.531677744540459E+01,  1.432282783172698E-01,  3.468676922222376E-04,  8.716948432620967E-04,  6.460405032426126E-04
A.D. 2000-Jan-01,  1.680875063106959E+01, -2.499278735586632E+01,  1.285281536762717E-01,  3.316701462338844E-03,  3.763027909302284E-03,  1.295735864546966E-03
A.D. 2000-Jul-01,  1.727491361182665E+01, -2.466543498450772E+01,  1.107823673407619E-01,  2.852058155318193E-03,  3.745639782882170E-03,  1.528427653180628E-03
A.D. 2001-Jan-01,  1.774286336749831E+01, -2.432307607766245E+01,  9.315606174529954E-02,  4.484760722174867E-03,  1.667096048234591E-03, -1.669916471745460E-03
A.D. 2001-Jul-01,  1.819111594874257E+01, -2.398138245133922E+01,  7.638789000687088E-02,  4.119292301509894E-03,  3.748718087241204E-03,  5.010170678721193E-04
A.D. 2002-Jan-01,  1.864604522822122E+01, -2.362393365276166E+01,  5.680527038045959E-02,  3.278774536359520E-03,  5.573964637050044E-04, -2.030721528805131E-03
A.D. 2002-Jul-01,  1.908144371207067E+01, -2.326446442396309E+01,  4.112687863754270E-02,  4.650053460864835E-03,  2.938543427509389E-03, -7.959496661875258E-04
A.D. 2003-Jan-01,  1.952156607180346E+01, -2.289264592711364E+01,  2.042343655155034E-02,  1.701331410800074E-03,  6.287286984813177E-05, -1.524481624374777E-03
A.D. 2003-Jul-01,  1.994475247865509E+01, -2.251591433080402E+01,  5.045264345380561E-03,  4.178916713388971E-03,  1.711584998740192E-03, -1.781236649902570E-03
A.D. 2004-Jan-01,  2.036874696051032E+01, -2.212941381157542E+01, -1.545349810975543E-02,  4.198622268123386E-04,  4.441458615050717E-04, -3.769706267673103E-04
A.D. 2004-Jul-01,  2.078138092461199E+01, -2.173611269336863E+01, -3.297991495817611E-02,  6.619368140212459E-04,  3.095069762666238E-04, -7.408667290687960E-04
A.D. 2005-Jan-01,  2.118751764022248E+01, -2.133161711486551E+01, -4.899950697720999E-02,  1.295726406067716E-03,  3.576289362744770E-03,  1.844383511076799E-03
A.D. 2005-Jul-01,  2.158524369399526E+01, -2.092557677225749E+01, -6.827329150032108E-02, -6.636633182296735E-05,  1.258105518238336E-03,  5.594954939654586E-04
A.D. 2006-Jan-01,  2.197752395944910E+01, -2.050347123435479E+01, -8.313619904489945E-02,  2.704983920532834E-03,  4.294327229532977E-03,  1.366553098184898E-03
A.D. 2006-Jul-01,  2.235888473789825E+01, -2.008361023168985E+01, -1.027315232299546E-01,  1.930452031312377E-04,  2.653649915504289E-03,  1.567703399404443E-03
A.D. 2007-Jan-01,  2.273758969384198E+01, -1.964480353246816E+01, -1.177128270642352E-01,  3.846961213290367E-03,  4.133819906523070E-03,  2.319789566067281E-04
A.D. 2007-Jul-01,  2.310144098943185E+01, -1.921077992500687E+01, -1.366429354862141E-01,  1.283537324748545E-03,  3.916482082212111E-03,  1.831260121629079E-03
A.D. 2008-Jan-01,  2.346580066040227E+01, -1.875691227019306E+01, -1.529390156854558E-01,  4.177435700344822E-03,  3.198562161052459E-03, -1.051240429252941E-03
A.D. 2008-Jul-01,  2.381520736386548E+01, -1.830400072911269E+01, -1.701810640991002E-01,  4.107704572767796E-03,  3.590126556439137E-03, -7.075890798286045E-04
A.D. 2009-Jan-01,  2.416235531345985E+01, -1.784010044611043E+01, -1.905882848050618E-01,  1.345500829746026E-03,  5.645360477914343E-04, -1.592334112594870E-03
A.D. 2009-Jul-01,  2.449168747325678E+01, -1.737431012881648E+01, -2.055985628494500E-01,  3.717794318551761E-03,  2.357042647756540E-03, -1.736883152223442E-03
A.D. 2010-Jan-01,  2.481843387789367E+01, -1.689845862431750E+01, -2.257297289607551E-01, -4.780323431957059E-06,  8.275869806699525E-04, -4.701996479184034E-04
A.D. 2010-Jul-01,  2.513102432258075E+01, -1.641917356396287E+01, -2.411401154137591E-01,  2.475030218174643E-03,  1.214330434921679E-03, -2.030906633310348E-03
A.D. 2011-Jan-01,  2.543654647605247E+01, -1.593114960725410E+01, -2.597210493236940E-01, -5.772148895244372E-04,  1.878262140964006E-03,  8.222641111920686E-04
A.D. 2011-Jul-01,  2.573148712623489E+01, -1.544040979965069E+01, -2.762121227557948E-01,  8.891529424708921E-04,  6.981052670185717E-04, -1.456401193911168E-03
A.D. 2012-Jan-01,  2.601618376396528E+01, -1.493998290135420E+01, -2.925844203552856E-01, -1.656958672018587E-04,  3.283378374747315E-03,  1.706103240728527E-03
A.D. 2012-Jul-01,  2.629161792134313E+01, -1.443784153781018E+01, -3.095642268236380E-01, -4.598981369824373E-04,  2.920283111330545E-03,  1.527849688901334E-03
A.D. 2013-Jan-01,  2.655950408355947E+01, -1.392235448995227E+01, -3.234945081676948E-01,  3.125749354535881E-03,  4.636551035269153E-03,  3.333167289453362E-04
A.D. 2013-Jul-01,  2.681306347772565E+01, -1.341543726604718E+01, -3.414551748174806E-01,  5.327702484488916E-04,  4.213004762064633E-03,  1.855966987011882E-03
A.D. 2014-Jan-01,  2.706340863194898E+01, -1.289014133444273E+01, -3.564691796425270E-01,  3.532124315238805E-03,  3.734522178350767E-03, -9.635228709330259E-04
A.D. 2014-Jul-01,  2.729617309414136E+01, -1.237410080825967E+01, -3.729166236707749E-01,  1.895316829600873E-03,  4.892051001309957E-03,  1.311990400740245E-03
A.D. 2015-Jan-01,  2.752811041054463E+01, -1.184104604715910E+01, -3.896594546575278E-01,  2.958078750573124E-03,  2.434306515512946E-03, -1.869814671552745E-03
A.D. 2015-Jul-01,  2.774087675148767E+01, -1.131557916807722E+01, -4.044142196688914E-01,  2.974780635872299E-03,  4.676594869805518E-03,  1.394431787148979E-04
A.D. 2016-Jan-01,  2.795285199511731E+01, -1.077624554999358E+01, -4.226361326017076E-01,  1.613330519446238E-03,  1.331248318518769E-03, -1.977998552365735E-03
A.D. 2016-Jul-01,  2.814931714907125E+01, -1.023883191388986E+01, -4.379042601460536E-01,  1.963461948494111E-03,  1.626870622366413E-03, -2.038468565116796E-03
A.D. 2017-Jan-01,  2.833619425430403E+01, -9.695110593549350E+00, -4.550765447699310E-01, -1.195763046906062E-03,  2.021495447571086E-03,  7.478220522102154E-04
A.D. 2017-Jul-01,  2.851362222733488E+01, -9.151523386900966E+00, -4.698856624363498E-01,  3.951584332174932E-04,  9.859512580214693E-04, -1.519822281982789E-03
A.D. 2018-Jan-01,  2.867862524127549E+01, -8.599673769718086E+00, -4.847433452745565E-01, -8.925378069085369E-04,  3.407131107216192E-03,  1.681873257023362E-03
A.D. 2018-Jul-01,  2.883628986386089E+01, -8.050308788644648E+00, -5.006507614654839E-01, -9.272504637206963E-04,  1.232245222266083E-03, -3.565454130078244E-04
A.D. 2019-Jan-01,  2.898041583788246E+01, -7.489878173832128E+00, -5.133680978629317E-01,  1.938355176746758E-04,  4.623438398993589E-03,  1.825893548749090E-03
A.D. 2019-Jul-01,  2.911678435238266E+01, -6.935750070841011E+00, -5.298924382006314E-01, -1.469706947696154E-03,  2.276139632357134E-03,  9.313036660094847E-04
A.D. 2020-Jan-01,  2.924093838015105E+01, -6.367237143790034E+00, -5.414434731429006E-01,  1.528482598145766E-03,  5.146316579794964E-03,  1.115319075110684E-03
A.D. 2020-Jul-01,  2.935458550373621E+01, -5.804287432458373E+00, -5.559038105541825E-01,  1.064304096537292E-03,  5.112769157180850E-03,  1.393331098160026E-03
A.D. 2021-Jan-01,  2.946165482418667E+01, -5.229915741713382E+00, -5.704463934867771E-01,  2.346076643892477E-03,  2.806012861736701E-03, -1.822203715737628E-03
A.D. 2021-Jul-01,  2.955051083689151E+01, -4.666049817931732E+00, -5.831959365827450E-01,  2.173103052206516E-03,  4.979772015747098E-03,  2.478255472807951E-04
A.D. 2022-Jan-01,  2.963520541332795E+01, -4.089320985330339E+00, -5.991139240507153E-01,  1.059907363184923E-03,  1.614164166482158E-03, -1.994113946790883E-03
A.D. 2022-Jul-01,  2.970222469983071E+01, -3.520361518415746E+00, -6.104138794278113E-01,  2.522481978187589E-03,  4.019165057379973E-03, -1.043463399981429E-03
A.D. 2023-Jan-01,  2.976274664053133E+01, -2.942686875302462E+00, -6.266988975590382E-01, -5.100190939535634E-04,  1.085698329011936E-03, -1.305184137430009E-03
A.D. 2023-Jul-01,  2.980854004965903E+01, -2.370069486248016E+00, -6.374096785661145E-01,  1.907547951711375E-03,  2.660514520534668E-03, -1.900611812817146E-03
A.D. 2024-Jan-01,  2.984397611955952E+01, -1.792020842484794E+00, -6.526847076147992E-01, -1.721294957984505E-03,  1.463376250210564E-03, -6.239984964844365E-05
A.D. 2024-Jul-01,  2.986831908104734E+01, -1.216564978174685E+00, -6.650366170308377E-01, -1.538387377209501E-03,  1.263448021836657E-03, -4.385837353661691E-04
A.D. 2025-Jan-01,  2.987801563385136E+01, -6.355550590389933E-01, -6.751619477541414E-01, -6.783421936801369E-04,  4.636215099077508E-03,  1.866235661857768E-03
A.D. 2025-Jul-01,  2.988164450434873E+01, -6.393442462302511E-02, -6.889337381770565E-01, -2.178888436216744E-03,  2.208469956983896E-03,  8.649483558244551E-04
A.D. 2026-Jan-01,  2.987021367299301E+01,  5.187406502337288E-01, -6.976642278333773E-01,  6.383471382612848E-04,  5.227600900963729E-03,  1.209624432841439E-03
A.D. 2026-Jul-01,  2.985071351025663E+01,  1.088181406562529E+00, -7.110792965368717E-01, -1.860404044309608E-03,  3.573875620199856E-03,  1.752914589324477E-03
A.D. 2027-Jan-01,  2.981937187152323E+01,  1.671085892549379E+00, -7.197593986635448E-01,  1.632062335643698E-03,  4.899624822860681E-03, -1.805995918198588E-05
A.D. 2027-Jul-01,  2.977675817572865E+01,  2.238412793148609E+00, -7.318620494727547E-01, -7.814303790121586E-04,  4.754788223424484E-03,  1.828149029253239E-03
A.D. 2028-Jan-01,  2.972569544845056E+01,  2.819595757673937E+00, -7.416237892560217E-01,  1.811405751307496E-03,  3.791611910555726E-03, -1.265581224774719E-03
A.D. 2028-Jul-01,  2.966188417687797E+01,  3.390102420105923E+00, -7.517409214988743E-01,  1.763227277113713E-03,  4.159148105122116E-03, -9.434181189699423E-04
A.D. 2029-Jan-01,  2.958899316308285E+01,  3.964333262559852E+00, -7.649017301269281E-01, -1.079330728328788E-03,  1.052506510903602E-03, -1.365266879344894E-03
A.D. 2029-Jul-01,  2.950391699567791E+01,  4.530854061451307E+00, -7.724806898321693E-01,  1.259249843602894E-03,  2.773045675032667E-03, -1.850278522779064E-03
A.D. 2030-Jan-01,  2.940739858856309E+01,  5.100588954389159E+00, -7.846536949453575E-01, -2.334265768708364E-03,  1.305594259589040E-03, -1.421799567262267E-04
A.D. 2030-Jul-01,  2.930270488160015E+01,  5.664528384028194E+00, -7.924337287110517E-01, -1.906864142408935E-05,  1.531080144099601E-03, -1.951938975270618E-03
A.D. 2031-Jan-01,  2.918255272987366E+01,  6.230451500376676E+00, -8.024397473911005E-01, -2.796988194018707E-03,  2.355230152871133E-03,  1.122562717408292E-03
A.D. 2031-Jul-01,  2.905780766557970E+01,  6.790157186909628E+00, -8.110141341209143E-01, -1.555127571923024E-03,  9.754849515611894E-04, -1.200881345737161E-03
A.D. 2032-Jan-01,  2.891486404672369E+01,  7.352980387321469E+00, -8.183831404958765E-01, -2.318695913749108E-03,  3.729468898151344E-03,  1.863485760609759E-03
A.D. 2032-Jul-01,  2.876617582947564E+01,  7.909106254962494E+00, -8.267251097835948E-01, -2.634435190348824E-03,  3.315409169752307E-03,  1.735586290913242E-03
A.D. 2033-Jan-01,  2.860451475111866E+01,  8.471655917378234E+00, -8.318754604187570E-01,  8.170165729095458E-04,  4.885705267880556E-03,  9.817691390707058E-05
A.D. 2033-Jul-01,  2.843407774099470E+01,  9.016973928628939E+00, -8.406250728777425E-01, -1.630062266249990E-03,  4.538737069886829E-03,  1.876317937678757E-03
A.D. 2034-Jan-01,  2.825259153336956E+01,  9.573676524725860E+00, -8.466936540327173E-01,  1.090947847804033E-03,  3.809548048938281E-03, -1.170160968740825E-03
A.D. 2034-Jul-01,  2.805938413230245E+01,  1.011269991588989E+01, -8.534437987353231E-01, -3.371539154079836E-04,  5.085687726030567E-03,  1.158373346793497E-03
A.D. 2035-Jan-01,  2.785727025041732E+01,  1.066095175721178E+01, -8.608979470086183E-01,  4.271807631935102E-04,  2.363244132234046E-03, -1.931610978241900E-03
A.D. 2035-Jul-01,  2.764239024374019E+01,  1.119335040267069E+01, -8.656164526343363E-01,  6.201987789172653E-04,  4.693991909198646E-03, -9.533231099044354E-05
A.D. 2036-Jan-01,  2.741860597943037E+01,  1.173099134795683E+01, -8.740155349461508E-01, -9.271775747295935E-04,  1.168585014865007E-03, -1.843011817818643E-03
A.D. 2036-Jul-01,  2.718382203232710E+01,  1.225837222618061E+01, -8.791086291596752E-01, -5.858315294803506E-04,  1.409368637469677E-03, -1.957361545947643E-03
A.D. 2037-Jan-01,  2.693432737105737E+01,  1.278305960821688E+01, -8.854130061155318E-01, -3.481128650566866E-03,  1.966521817771605E-03,  1.065667405991266E-03
A.D. 2037-Jul-01,  2.668270601191607E+01,  1.329933382296681E+01, -8.900623932258160E-01, -2.098876632129491E-03,  7.166318515126879E-04, -1.259173338751721E-03
A.D. 2038-Jan-01,  2.641192126552162E+01,  1.381455757411472E+01, -8.936612734336801E-01, -3.094951617068787E-03,  3.317126369971475E-03,  1.861182313761506E-03
A.D. 2038-Jul-01,  2.614136609615932E+01,  1.431897347831874E+01, -8.990511498827706E-01, -3.305017691128833E-03,  9.539196883040176E-04, -7.686234192438773E-06
A.D. 2039-Jan-01,  2.585141380329580E+01,  1.482506236416157E+01, -9.003452950568400E-01, -1.993572227200718E-03,  4.439173948716260E-03,  1.812304613643338E-03
A.D. 2039-Jul-01,  2.556157615350727E+01,  1.531668410728195E+01, -9.058950901130831E-01, -3.719667914633743E-03,  1.993670996758275E-03,  1.238013583103367E-03
A.D. 2040-Jan-01,  2.525441169503307E+01,  1.581323080405603E+01, -9.060192885254600E-01, -7.137727824046451E-04,  4.807283002753238E-03,  9.422204724403863E-04
A.D. 2040-Jul-01,  2.494289068891269E+01,  1.629611440467627E+01, -9.090204332074788E-01, -1.142078141019172E-03,  4.749555812977868E-03,  1.257850374438788E-03
A.D. 2041-Jan-01,  2.462212196094844E+01,  1.678088520409068E+01, -9.123368948889182E-01, -1.330570536703684E-04,  2.160005388301233E-03, -1.883352374687086E-03
A.D. 2041-Jul-01,  2.429248132468349E+01,  1.724843388719706E+01, -9.132075432336118E-01, -1.147824452730696E-04,  4.435749442163426E-03,  2.396427031430380E-05
A.D. 2042-Jan-01,  2.395390306588034E+01,  1.771871029877992E+01, -9.175247715631435E-01, -1.399536270703834E-03,  8.728614903573907E-04, -1.859756070849337E-03
A.D. 2042-Jul-01,  2.360752944626897E+01,  1.817533402945007E+01, -9.168902927537285E-01,  1.504581032942624E-04,  3.291335224448028E-03, -1.225884480934553E-03
A.D. 2043-Jan-01,  2.325013484943134E+01,  1.863054221160925E+01, -9.210863753962732E-01, -2.872081440536226E-03,  3.169537785739532E-04, -1.006654552466900E-03
A.D. 2043-Jul-01,  2.288807613077308E+01,  1.907550751099631E+01, -9.198806085100483E-01, -5.027660165291739E-04,  1.789965049907353E-03, -1.929852320266606E-03
A.D. 2044-Jan-01,  2.251139040208579E+01,  1.951593097177577E+01, -9.225825997611324E-01, -3.940957994547426E-03,  7.099327927690295E-04,  2.954592081389327E-04
A.D. 2044-Jul-01,  2.213115520537180E+01,  1.994811270420770E+01, -9.227206835098770E-01, -3.775260221171583E-03,  4.410216989478348E-04, -8.336069693577687E-05
A.D. 2045-Jan-01,  2.173488935706402E+01,  2.037714627554000E+01, -9.200438830701814E-01, -2.713049216832892E-03,  3.935758353411419E-03,  1.870144848999773E-03
A.D. 2045-Jul-01,  2.134159282538948E+01,  2.079180004537498E+01, -9.215593960042203E-01, -4.274100041159170E-03,  1.405982763855129E-03,  1.184380866879622E-03
A.D. 2046-Jan-01,  2.092991486555676E+01,  2.120802399342104E+01, -9.175788001629206E-01, -1.429793016284107E-03,  4.390413376215356E-03,  1.049522083347900E-03
A.D. 2046-Jul-01,  2.051905066424803E+01,  2.160611115868949E+01, -9.183414121056109E-01, -3.855131696163432E-03,  2.754845278969971E-03,  1.923463068847959E-03
A.D. 2047-Jan-01,  2.009314366021162E+01,  2.200774737051181E+01, -9.144200008486232E-01, -5.122535858214491E-04,  3.883147785691937E-03, -2.388815568888357E-04
A.D. 2047-Jul-01,  1.966504806711276E+01,  2.238908617775183E+01, -9.135214426114888E-01, -2.745429069297304E-03,  3.851886126813947E-03,  1.804225832706196E-03
A.D. 2048-Jan-01,  1.922545616062770E+01,  2.277373116436400E+01, -9.106865982914886E-01, -4.015913456892310E-04,  2.596268280148676E-03, -1.416026793796807E-03
A.D. 2048-Jul-01,  1.878064852878451E+01,  2.314217458099682E+01, -9.077966453512553E-01, -4.047108780471416E-04,  2.945728840721375E-03, -1.125467941244261E-03
A.D. 2049-Jan-01,  1.832592527652892E+01,  2.350411048050272E+01, -9.078186687799426E-01, -3.244571724502955E-03, -2.155719320770361E-04, -1.067438049209083E-03
A.D. 2049-Jul-01,  1.786946327638751E+01,  2.385459077864803E+01, -9.024561572211701E-01, -9.366231972604382E-04,  1.408876456004278E-03, -1.884039365621357E-03
A.D. 2050-Jan-01,  1.739913934595263E+01,  2.419663273645408E+01, -9.010797179000039E-01, -4.349791686370184E-03,  5.408737065816136E-05,  2.213030078248247E-04
A.D. 2050-Jul-01,  1.693135842496117E+01,  2.452936729464581E+01, -8.959943662069989E-01, -2.167616032934633E-03,  8.289610081957586E-05, -1.789816458141756E-03
A.D. 2051-Jan-01,  1.644657891231564E+01,  2.485254155932744E+01, -8.921855814697052E-01, -4.660443024386575E-03,  1.120904285375471E-03,  1.420328690044387E-03
A.D. 2051-Jul-01,  1.596802662686840E+01,  2.516618170253587E+01, -8.878841480414909E-01, -3.582271554491009E-03, -4.866501012226422E-04, -8.833552270506796E-04
A.D. 2052-Jan-01,  1.547066697629321E+01,  2.547167911157945E+01, -8.813983656551150E-01, -4.072701269361332E-03,  2.469525360813378E-03,  1.993940907677091E-03
A.D. 2052-Jul-01,  1.497661779742587E+01,  2.576607766587874E+01, -8.764439800748268E-01, -4.367879044063432E-03,  2.009704964479616E-03,  1.919585710843150E-03
A.D. 2053-Jan-01,  1.447163742660650E+01,  2.605731357152981E+01, -8.683737111999491E-01, -1.033325195441765E-03,  3.389666685201036E-03, -1.197367722890024E-04
A.D. 2053-Jul-01,  1.396886249387649E+01,  2.632883630514186E+01, -8.636148707938106E-01, -3.297934400205870E-03,  3.163541655204875E-03,  1.865097509939470E-03
A.D. 2054-Jan-01,  1.345565841392453E+01,  2.660091069979476E+01, -8.566446997366264E-01, -7.950986303570577E-04,  2.140542656226562E-03, -1.325290805157714E-03
A.D. 2054-Jul-01,  1.294204912923229E+01,  2.685377715334035E+01, -8.498334542836115E-01, -2.003861612098835E-03,  3.577033667516134E-03,  9.898522181068456E-04
A.D. 2055-Jan-01,  1.242025916426825E+01,  2.710506859705005E+01, -8.442582973571174E-01, -1.446321090808975E-03,  5.725046599559071E-04, -1.921143551040491E-03
A.D. 2055-Jul-01,  1.189718420606199E+01,  2.733996479780179E+01, -8.355239187858539E-01, -1.081726987422262E-03,  3.016130475375247E-03, -3.123266639980257E-04
A.D. 2056-Jan-01,  1.136592182995460E+01,  2.756934785156429E+01, -8.307284612009688E-01, -2.718981354905438E-03, -6.670140333227123E-04, -1.638778790842596E-03
A.D. 2056-Jul-01,  1.083329144202947E+01,  2.778682399789254E+01, -8.225942143652856E-01, -2.355248829384279E-03, -4.672405725884859E-04, -1.805297359502300E-03
A.D. 2057-Jan-01,  1.028862089507532E+01,  2.799291279036903E+01, -8.151007639478023E-01, -4.974840744324456E-03,  3.249680972459843E-04,  1.369891440056298E-03
A.D. 2057-Jul-01,  9.752566017307851E+00,  2.819083938650065E+01, -8.069400381455654E-01, -3.742279542589156E-03, -1.149845578619746E-03, -9.480223810603447E-04
A.D. 2058-Jan-01,  9.198629269791855E+00,  2.837747588304050E+01, -7.967916400411308E-01, -4.469191906243824E-03,  1.681307580625026E-03,  2.001309015414238E-03
A.D. 2058-Jul-01,  8.655146742120168E+00,  2.855345145758479E+01, -7.893410595644254E-01, -4.785122285778967E-03, -8.591758479732089E-04,  3.549378342452107E-04
A.D. 2059-Jan-01,  8.093990655857791E+00,  2.872088765990857E+01, -7.771356368741879E-01, -3.315566826365419E-03,  2.735165693131691E-03,  1.757738994171492E-03
A.D. 2059-Jul-01,  7.542927260845042E+00,  2.887387877860944E+01, -7.697159116034780E-01, -5.042093392293508E-03,  2.282615437320706E-04,  1.521141997647563E-03
A.D. 2060-Jan-01,  6.976750687660527E+00,  2.902142005022545E+01, -7.567053597575474E-01, -2.041502570682593E-03,  2.965750793228384E-03,  7.499402009293681E-04
A.D. 2060-Jul-01,  6.415049174075412E+00,  2.915364460157596E+01, -7.466392389593636E-01, -2.410457641373638E-03,  2.908627572045690E-03,  1.093685678010472E-03
A.D. 2061-Jan-01,  5.847814128163701E+00,  2.927861674772109E+01, -7.372629986653543E-01, -1.597740887089538E-03,  2.397354502980001E-05, -1.885167543655910E-03
A.D. 2061-Jul-01,  5.282520980962397E+00,  2.938738702556352E+01, -7.250379170939683E-01, -1.406003360986969E-03,  2.428387978650563E-03, -1.959939854712627E-04
A.D. 2062-Jan-01,  4.711032438513797E+00,  2.948753093973726E+01, -7.165910830884715E-01, -2.779551956320517E-03, -1.308214821011732E-03, -1.667489698857012E-03
A.D. 2062-Jul-01,  4.142938050372548E+00,  2.957561465882289E+01, -7.031792797586668E-01, -1.153850364872451E-03,  1.123437017142545E-03, -1.370726209518645E-03
A.D. 2063-Jan-01,  3.567128399879489E+00,  2.965092928805599E+01, -6.944659309259655E-01, -4.102891681554826E-03, -1.835183462470979E-03, -6.754139933617095E-04
A.D. 2063-Jul-01,  2.998029654258429E+00,  2.971809494489658E+01, -6.808601022364669E-01, -1.770210884809498E-03, -4.835743185693887E-04, -1.902889384422827E-03
A.D. 2064-Jan-01,  2.418344458680160E+00,  2.976970000111889E+01, -6.705674815020682E-01, -4.990601941886654E-03, -1.373912996318502E-03,  6.475550793066000E-04
A.D. 2064-Jul-01,  1.845351699253679E+00,  2.981332237023217E+01, -6.583340452359125E-01, -4.809252517154933E-03, -1.698338165103656E-03,  2.756354514325154E-04
A.D. 2065-Jan-01,  1.262532330928209E+00,  2.984582113296606E+01, -6.429686759113394E-01, -3.573366526475992E-03,  1.931268862908871E-03,  1.820541632128000E-03
A.D. 2065-Jul-01,  6.934945119228925E-01,  2.986639579606006E+01, -6.324218023363484E-01, -5.129260532687596E-03, -6.624779082818768E-04,  1.469520867450995E-03
A.D. 2066-Jan-01,  1.118738023748555E-01,  2.987913170913783E+01, -6.162870442123378E-01, -2.264543007982818E-03,  2.269182484662218E-03,  8.562527101430192E-04
A.D. 2066-Jul-01, -4.582624991821749E-01,  2.987688259730676E+01, -6.050195272790606E-01, -4.572677838766278E-03,  7.122790087518021E-04,  2.036151412628429E-03
A.D. 2067-Jan-01, -1.037378684810941E+00,  2.986919454790148E+01, -5.894741595827855E-01, -1.349504144116929E-03,  1.613920017485263E-03, -4.590155575819112E-04
A.D. 2067-Jul-01, -1.608174724081387E+00,  2.984522205632954E+01, -5.766601784229051E-01, -3.388408657190517E-03,  1.763437846217371E-03,  1.723041624694391E-03
A.D. 2068-Jan-01, -2.184475712551508E+00,  2.981577816146089E+01, -5.625967120897236E-01, -1.228887692775958E-03,  2.003965635691482E-04, -1.534736875741191E-03
A.D. 2068-Jul-01, -2.756433135507185E+00,  2.977270179307743E+01, -5.482562593943900E-01, -1.168473451518228E-03,  5.638174591657123E-04, -1.285043787524411E-03
A.D. 2069-Jan-01, -3.331900190410741E+00,  2.971650843913056E+01, -5.368294307047679E-01, -3.945921374675418E-03, -2.578356885082651E-03, -7.490708357584899E-04
A.D. 2069-Jul-01, -3.899033841251911E+00,  2.965448969783717E+01, -5.205277202103423E-01, -1.661808113569642E-03, -1.054164623835712E-03, -1.875826623057510E-03
A.D. 2070-Jan-01, -4.474383366123628E+00,  2.957519372968515E+01, -5.077080465980867E-01, -4.876413106789464E-03, -2.206189872466818E-03,  5.671350070167374E-04
A.D. 2070-Jul-01, -5.037685820278208E+00,  2.949216725129537E+01, -4.921103005799736E-01, -2.795805975993124E-03, -2.380309554452740E-03, -1.590122516568690E-03
A.D. 2071-Jan-01, -5.611992732275560E+00,  2.939096746494049E+01, -4.770131972658967E-01, -5.024796492613759E-03, -1.049958687875757E-03,  1.664751804896197E-03
A.D. 2071-Jul-01, -6.171048262567449E+00,  2.928556303646809E+01, -4.625029891317785E-01, -4.060137672333018E-03, -2.877234187117931E-03, -5.555589165865424E-04
A.D. 2072-Jan-01, -6.742339101955919E+00,  2.916368420289393E+01, -4.450985609599070E-01, -4.320373396321450E-03,  3.261758925775778E-04,  2.053078096109093E-03
A.D. 2072-Jul-01, -7.301841292732550E+00,  2.903361760623309E+01, -4.298738890001957E-01, -4.576980042988494E-03, -1.456632609362994E-04,  2.033452757119551E-03
A.D. 2073-Jan-01, -7.864801477623078E+00,  2.889446301439683E+01, -4.118910987332344E-01, -1.345295845213596E-03,  1.016436278435623E-03, -3.512959133054472E-04
A.D. 2073-Jul-01, -8.416838045375959E+00,  2.874093720734871E+01, -3.969479302703047E-01, -3.429183614986635E-03,  9.787256444731178E-04,  1.783628532516359E-03
A.D. 2074-Jan-01, -8.971762601543659E+00,  2.857978359638965E+01, -3.805383877911632E-01, -1.094302673472506E-03, -3.565154830674108E-04, -1.461987338658520E-03
A.D. 2074-Jul-01, -9.518157458582497E+00,  2.840539965902542E+01, -3.638657501610080E-01, -2.106504862341577E-03,  1.290242930682523E-03,  7.740996105121888E-04
A.D. 2075-Jan-01, -1.006487461342575E+01,  2.822123716328430E+01, -3.491486948093634E-01, -1.686378651873406E-03, -1.983248936668805E-03, -1.877482050238349E-03
A.D. 2075-Jul-01, -1.060375953289267E+01,  2.802737845551594E+01, -3.310424954147340E-01, -1.176504593838217E-03,  5.962538935089152E-04, -5.416503859071386E-04
A.D. 2076-Jan-01, -1.114264476232587E+01,  2.781996197572587E+01, -3.172567573290281E-01, -2.839712297438992E-03, -3.192309650185865E-03, -1.411515422851765E-03
A.D. 2076-Jul-01, -1.167385083751414E+01,  2.760544617627438E+01, -3.003225356428569E-01, -2.439231976716876E-03, -3.012327057373587E-03, -1.626420951710322E-03
A.D. 2077-Jan-01, -1.220820810283953E+01,  2.737476236066892E+01, -2.836679747299706E-01, -4.804412175690138E-03, -1.909439282428414E-03,  1.610545259846455E-03
A.D. 2077-Jul-01, -1.272530628184885E+01,  2.714337778589652E+01, -2.674592354066589E-01, -3.670280550911226E-03, -3.602276104181902E-03, -6.365812917279978E-04
A.D. 2078-Jan-01, -1.325090891854529E+01,  2.689442271686449E+01, -2.486459966774756E-01, -4.167442693607033E-03, -4.939368253377806E-04,  2.058577365254304E-03
A.D. 2078-Jul-01, -1.375795343415023E+01,  2.664255069323373E+01, -2.334668981494655E-01, -4.533772633775909E-03, -3.173731403786004E-03,  6.790094162309486E-04
A.D. 2079-Jan-01, -1.427298275577522E+01,  2.637677552118891E+01, -2.132769456081919E-01, -2.939164756407376E-03,  5.406718761221840E-04,  1.625788125802464E-03
A.D. 2079-Jul-01, -1.477046294490986E+01,  2.610468934897872E+01, -1.983639078614709E-01, -4.627114660993701E-03, -1.961048274684034E-03,  1.731191122884909E-03
A.D. 2080-Jan-01, -1.527337107472467E+01,  2.582244280528218E+01, -1.781174915398219E-01, -1.638997777341228E-03,  6.863159587673265E-04,  5.072250656070860E-04
A.D. 2080-Jul-01, -1.576447463814148E+01,  2.553127906537470E+01, -1.609116264549230E-01, -1.942553084583696E-03,  6.756209647265321E-04,  8.684993249765546E-04
A.D. 2081-Jan-01, -1.625234338147711E+01,  2.523026377763169E+01, -1.449745556285540E-01, -1.263466362756260E-03, -2.477441509008883E-03, -1.866129946731089E-03
A.D. 2081-Jul-01, -1.673168588537035E+01,  2.492252153012338E+01, -1.259242276292259E-01, -9.322140213931737E-04,  9.128451546766400E-05, -4.421114947443315E-04
A.D. 2082-Jan-01, -1.720842185801698E+01,  2.460111016006498E+01, -1.111182448379922E-01, -2.343756567291292E-03, -3.753686318026483E-03, -1.463074020923961E-03
A.D. 2082-Jul-01, -1.767563024281876E+01,  2.427727404450177E+01, -9.150839111656674E-02, -6.663531001810987E-04, -1.300336868157922E-03, -1.510570516157589E-03
A.D. 2083-Jan-01, -1.814177537788930E+01,  2.393562606226287E+01, -7.656547302776083E-02, -3.524500780337247E-03, -4.151380825991631E-03, -3.621104220275474E-04
A.D. 2083-Jul-01, -1.859547187452061E+01,  2.359531757598719E+01, -5.739146597128447E-02, -1.229713400164413E-03, -2.926252319423796E-03, -1.858271850764616E-03
A.D. 2084-Jan-01, -1.905069430792437E+01,  2.323461240921384E+01, -4.107063123434464E-02, -4.254547847954473E-03, -3.533635950517289E-03,  9.430692348370788E-04
A.D. 2084-Jul-01, -1.949315105109144E+01,  2.287283582927217E+01, -2.352320070073758E-02, -4.054769716378001E-03, -3.881885854377978E-03,  5.877323310596780E-04
A.D. 2085-Jan-01, -1.993638176561423E+01,  2.249812767733427E+01, -2.799703182781574E-03, -2.696237010090190E-03, -1.095889173376052E-04,  1.682914467915542E-03
A.D. 2085-Jul-01, -2.036101378823871E+01,  2.212002934453048E+01,  1.262379360313982E-02, -4.226954050198265E-03, -2.705026955443705E-03,  1.673493775867423E-03
A.D. 2086-Jan-01, -2.078797633622318E+01,  2.173053657671300E+01,  3.335056132586518E-02, -1.363735881274006E-03,  1.517370996024956E-04,  6.020228257493194E-04
A.D. 2086-Jul-01, -2.119875428486595E+01,  2.133477274632017E+01,  4.923457582207730E-02, -3.559662330707837E-03, -1.253807225536172E-03,  2.051868642597672E-03
A.D. 2087-Jan-01, -2.160799802725833E+01,  2.093023719524453E+01,  6.865308169046051E-02, -4.397408146626369E-04, -6.062335199413875E-04, -7.040038758246721E-04
A.D. 2087-Jul-01, -2.200425358418396E+01,  2.051861762905947E+01,  8.571992189926679E-02, -2.313199720822336E-03, -2.123099164528069E-04,  1.554093839561685E-03
A.D. 2088-Jan-01, -2.239533927204427E+01,  2.009835888656389E+01,  1.030926829213735E-01, -2.925006030486657E-04, -2.088023627745521E-03, -1.650004525127886E-03
A.D. 2088-Jul-01, -2.277637381796315E+01,  1.967218408339964E+01,  1.209251447481848E-01, -1.762706792943950E-04, -1.682992624147155E-03, -1.448354842553375E-03
A.D. 2089-Jan-01, -2.315122034805965E+01,  1.923204909259644E+01,  1.357279980115098E-01, -2.875683458754916E-03, -4.721034298413074E-03, -4.544856237289346E-04
A.D. 2089-Jul-01, -2.351314575192009E+01,  1.879671976444520E+01,  1.547745213638615E-01, -6.144988052555346E-04, -3.308524386614354E-03, -1.857490242790398E-03
A.D. 2090-Jan-01, -2.387244563722455E+01,  1.834179623420617E+01,  1.706924041466696E-01, -3.651534443668592E-03, -4.167242666709704E-03,  8.505088384459752E-04
A.D. 2090-Jul-01, -2.421566708527125E+01,  1.789397418393133E+01,  1.884021133633794E-01, -1.647947934150588E-03, -4.545667158704828E-03, -1.391504442942363E-03
A.D. 2091-Jan-01, -2.455891971028818E+01,  1.742668712458835E+01,  2.061480869781234E-01, -3.663599081349010E-03, -2.852504830897069E-03,  1.815529028352415E-03
A.D. 2091-Jul-01, -2.488368034839350E+01,  1.696602688688550E+01,  2.222785381681895E-01, -2.778055436377925E-03, -4.874228061928380E-03, -2.605286728648193E-04
A.D. 2092-Jan-01, -2.520975153100115E+01,  1.648855220065693E+01,  2.416867925077291E-01, -2.866854519556364E-03, -1.390041004617524E-03,  2.008443144794642E-03
A.D. 2092-Jul-01, -2.552024265832386E+01,  1.601186935703689E+01,  2.583315630112685E-01, -3.089556507451963E-03, -1.830432283045466E-03,  2.042962152788372E-03
A.D. 2093-Jan-01, -2.582496094267271E+01,  1.552803361276319E+01,  2.771260886136370E-01,  5.010028084570562E-05, -9.064172009213438E-04, -6.166050227370926E-04
A.D. 2093-Jul-01, -2.611710778745762E+01,  1.504062864336278E+01,  2.932976920030697E-01, -1.891118332643259E-03, -6.836478720336587E-04,  1.606266536136131E-03
A.D. 2094-Jan-01, -2.640190279016000E+01,  1.454564726633639E+01,  3.099506700782420E-01,  3.095850610486750E-04, -2.329095508066454E-03, -1.602873834516019E-03
A.D. 2094-Jul-01, -2.667694455841199E+01,  1.404835630534027E+01,  3.273581330522073E-01, -5.592371763415225E-04, -4.255437098710808E-04,  4.919673097562342E-04
A.D. 2095-Jan-01, -2.694237077979417E+01,  1.354106577022378E+01,  3.419612816348355E-01, -2.404817802248595E-04, -3.929234215703447E-03, -1.829063458567784E-03
A.D. 2095-Jul-01, -2.719898030736095E+01,  1.303504130990765E+01,  3.601823388836561E-01,  3.650021777713215E-04, -1.199579810415618E-03, -8.004966820501910E-04
A.D. 2096-Jan-01, -2.744570501364391E+01,  1.251511923499452E+01,  3.736438668480022E-01, -1.309759630169739E-03, -5.020282211592620E-03, -1.195498941900219E-03
A.D. 2096-Jul-01, -2.768238363353302E+01,  1.199713486181878E+01,  3.900358838194580E-01, -8.901767890073060E-04, -4.837356737578578E-03, -1.452293265503452E-03
A.D. 2097-Jan-01, -2.791355837391765E+01,  1.146499538692811E+01,  4.063814272843413E-01, -3.067940533077275E-03, -3.360088759015278E-03,  1.754135268708885E-03
A.D. 2097-Jul-01, -2.812708078672201E+01,  1.094232015949191E+01,  4.213094307057911E-01, -2.013231857894887E-03, -5.255474972958767E-03, -3.601011649017980E-04
A.D. 2098-Jan-01, -2.833852297214228E+01,  1.040303720823553E+01,  4.392014064852721E-01, -2.351601475750103E-03, -1.848798677838593E-03,  2.008322645325589E-03
A.D. 2098-Jul-01, -2.853132753388662E+01,  9.870692818466724E+00,  4.527554407570995E-01, -2.754975944971345E-03, -4.625842932424731E-03,  9.303278770683657E-04
A.D. 2099-Jan-01, -2.872122645265754E+01,  9.326055748877264E+00,  4.712541097251378E-01, -1.085702741430534E-03, -8.098321233697499E-04,  1.401044277475485E-03
A.D. 2099-Jul-01, -2.889374803408276E+01,  8.784901521525322E+00,  4.842552189296221E-01, -2.740842912181914E-03, -3.244249169163640E-03,  1.840032821751853E-03
A.D. 2100-Jan-01, -2.906065225853324E+01,  8.235707371111804E+00,  5.020041194119822E-01,  2.211850061443334E-04, -7.244635211819000E-04
