epoch, x, y, z, vx, vy, vz
A.D. 1950-Jan-01, -1.242872632943502E+00,  1.890470549902066E+01,  8.543487441851030E-02, -5.448681994422993E-03,  1.929762950213390E-04,  2.192801420803980E-03
A.D. 1950-Jul-01, -1.953928776894453E+00,  1.881143218519806E+01,  9.461070692455596E-02, -5.193042660094397E-03, -6.471955315389074E-04, -2.348176715100051E-03
A.D. 1951-Jan-01, -2.680436442720604E+00,  1.869057400709378E+01,  1.040442448483974E-01, -4.270876454376180E-03, -2.901359430448809E-04,  2.675577272969948E-03
A.D. 1951-Jul-01, -3.385635925918142E+00,  1.854308213010625E+01,  1.115485068590759E-01, -6.079776122677736E-03, -6.279112375417012E-04, -1.535044860467194E-03
A.D. 1952-Jan-01, -4.103210530100504E+00,  1.836723723365320E+01,  1.221296269339324E-01, -2.997410886035848E-03, -8.718335447872687E-04,  2.579148336342461E-03
A.D. 1952-Jul-01, -4.804719405436803E+00,  1.816503933037674E+01,  1.295818256067282E-01, -4.305446135772959E-03, -7.156448636821369E-04,  2.648668179415968E-03
A.D. 1953-Jan-01, -5.504021399383277E+00,  1.793281829677554E+01,  1.395273694654909E-01, -1.871373672853778E-03, -2.006694468610908E-03, -1.723927353042633E-03
A.D. 1953-Jul-01, -6.189664645649827E+00,  1.767840443448460E+01,  1.465865670783305E-01, -2.992940053271895E-03, -1.286766187221279E-03,  2.611672138062729E-03
A.D. 1954-Jan-01, -6.871207858693097E+00,  1.739147429802707E+01,  1.546083407653474E-01, -2.806490066786125E-03, -2.175207162604328E-03, -2.451724278565584E-03
A.D. 1954-Jul-01, -7.537499476725006E+00,  1.708423968045222E+01,  1.626273703241300E-01, -1.819466952189979E-03, -1.895007635719705E-03,  2.015688709037383E-03
A.D. 1955-Jan-01, -8.197309217079901E+00,  1.674390887284764E+01,  1.686248075573806E-01, -3.914858316848314E-03, -2.214896289493018E-03, -2.625429677153225E-03
A.D. 1955-Jul-01, -8.839038271340907E+00,  1.638511362641090E+01,  1.774277267818646E-01, -1.017328444628670E-03, -2.468136307856090E-03,  9.862240815719232E-04
A.D. 1956-Jan-01, -9.473210642144995E+00,  1.599328464675018E+01,  1.816403605589819E-01, -4.924153220174810E-03, -2.178170429215836E-03, -2.212348822750709E-03
A.D. 1956-Jul-01, -1.008733468207173E+01,  1.558180059576394E+01,  1.889652265678385E-01, -3.551362246742806E-03, -2.655392413212871E-03, -2.640638229148088E-03
A.D. 1957-Jan-01, -1.069569210873361E+01,  1.514193435700365E+01,  1.943332643961823E-01, -4.596027985638387E-03, -1.846068762714871E-03,  2.279267598751967E-03
A.D. 1957-Jul-01, -1.127125759504961E+01,  1.468471266377865E+01,  2.002117637054621E-01, -4.550771152129990E-03, -2.601492514121606E-03, -2.284839358993491E-03
A.D. 1958-Jan-01, -1.184458562400708E+01,  1.419841547390897E+01,  2.065182378030515E-01, -3.226150128291215E-03, -2.297611516878419E-03,  2.679694498322109E-03
A.D. 1958-Jul-01, -1.238416665054537E+01,  1.369662023627986E+01,  2.103762093122417E-01, -5.214589220701561E-03, -2.528164161385750E-03, -1.411583078170205E-03
A.D. 1959-Jan-01, -1.291801932816098E+01,  1.316671040702932E+01,  2.174219205778929E-01, -1.800071855117342E-03, -2.821320268746773E-03,  2.504327957026838E-03
A.D. 1959-Jul-01, -1.341867364355120E+01,  1.262360973841498E+01,  2.195169828811278E-01, -5.355496791450881E-03, -2.504457522022915E-03, -2.243876528058157E-04
A.D. 1960-Jan-01, -1.390909096661545E+01,  1.205318924864614E+01,  2.268007087773897E-01, -5.828035496364516E-04, -3.353410439519452E-03,  1.784626918846149E-03
A.D. 1960-Jul-01, -1.437140865435749E+01,  1.146954862292645E+01,  2.298511378958235E-01, -1.558272340263013E-03, -3.105018691015504E-03,  2.541082569467291E-03
A.D. 1961-Jan-01, -1.481195206443086E+01,  1.086074040993586E+01,  2.332994923919981E-01, -1.618229878202834E-03, -3.870108185015583E-03, -2.528098533568399E-03
A.D. 1961-Jul-01, -1.522813204626581E+01,  1.024650518092011E+01,  2.370768483889850E-01, -2.862202886928521E-04, -3.607850245893881E-03,  1.869853448864237E-03
A.D. 1962-Jan-01, -1.562115447520644E+01,  9.604373234793449E+00,  2.382520536467626E-01, -2.595362521134430E-03, -3.785404178931666E-03, -2.629262953970791E-03
A.D. 1962-Jul-01, -1.598827991838364E+01,  8.959333288451784E+00,  2.425334446864895E-01,  5.806275183421876E-04, -4.054504069672222E-03,  7.978994559614208E-04
A.D. 1963-Jan-01, -1.633199246942758E+01,  8.287794325012124E+00,  2.417644077220387E-01, -3.448237704295403E-03, -3.622121739871856E-03, -2.139726908971884E-03
A.D. 1963-Jul-01, -1.664730145059959E+01,  7.615471635519582E+00,  2.461083388589433E-01,  9.066768744980456E-04, -4.383118488259542E-03, -4.504249984530721E-04
A.D. 1964-Jan-01, -1.693986917626580E+01,  6.918495710245046E+00,  2.439869006000709E-01, -3.925554286743173E-03, -3.451458482915780E-03, -1.174858088868393E-03
A.D. 1964-Jul-01, -1.720204497422316E+01,  6.218291629641161E+00,  2.453827320993657E-01, -2.908582528102255E-03, -3.847709622381433E-03, -2.220614193426249E-03
A.D. 1965-Jan-01, -1.744325953401956E+01,  5.500954252966774E+00,  2.467220680584035E-01, -1.222246220937093E-03, -3.555418540590472E-03,  2.666933188719176E-03
A.D. 1965-Jul-01, -1.764725867878808E+01,  4.784636261325129E+00,  2.452519524284398E-01, -3.419306556335414E-03, -3.637853378365712E-03, -1.294125593919889E-03
A.D. 1966-Jan-01, -1.783098756398261E+01,  4.049963089064987E+00,  2.471679704263670E-01,  2.836957416568385E-04, -3.943412030042138E-03,  2.404279338280933E-03
A.D. 1966-Jul-01, -1.797938439110787E+01,  3.318913480314675E+00,  2.438900919211420E-01, -3.392969088043180E-03, -3.478695402433998E-03, -7.681318512726593E-05
A.D. 1967-Jan-01, -1.810351993360051E+01,  2.571401789558084E+00,  2.458683847865936E-01,  1.534209682473498E-03, -4.320176274654955E-03,  1.620371952940314E-03
A.D. 1967-Jul-01, -1.819530138489095E+01,  1.830538579672516E+00,  2.413372879255163E-01, -2.772961159578222E-03, -3.421420845968853E-03,  1.149098356769733E-03
A.D. 1968-Jan-01, -1.825850396542240E+01,  1.075022165680213E+00,  2.426841567714460E-01,  2.328046521314105E-03, -4.617477129928628E-03,  4.803210843840789E-04
A.D. 1968-Jul-01, -1.829265924598098E+01,  3.255766509214432E-01,  2.399508872258007E-01,  1.946690973628519E-03, -4.332281058099104E-03,  1.711300284695025E-03
A.D. 1969-Jan-01, -1.829351224452081E+01, -4.337073743563649E-01,  2.354465252490825E-01, -6.124524745842461E-04, -4.336050871856378E-03, -2.621356745623297E-03
A.D. 1969-Jul-01, -1.826958875193591E+01, -1.178394270880239E+00,  2.344593817031712E-01,  2.792066019706161E-03, -4.594590528402023E-03,  5.971807050211644E-04
A.D. 1970-Jan-01, -1.821164466865727E+01, -1.934974530758928E+00,  2.280696751734949E-01, -1.382468676720623E-03, -3.994723888051506E-03, -2.063449539780091E-03
A.D. 1970-Jul-01, -1.812780299509275E+01, -2.674728357213796E+00,  2.270741808527501E-01,  3.078027577328508E-03, -4.724677091427958E-03, -6.492523432940024E-04
A.D. 1971-Jan-01, -1.801202119531824E+01, -3.423330312225882E+00,  2.194509543904014E-01, -1.764430969792556E-03, -3.648413181726168E-03, -1.046415026130790E-03
A.D. 1971-Jul-01, -1.786893180800153E+01, -4.153317788922203E+00,  2.178474354609588E-01,  2.805963114961248E-03, -4.687140502009506E-03, -1.765097709813721E-03
A.D. 1972-Jan-01, -1.769650034397679E+01, -4.888860773520149E+00,  2.097620233134143E-01, -1.602792374298345E-03, -3.365546525152701E-03,  1.947361412476271E-04
A.D. 1972-Jul-01, -1.749544117627326E+01, -5.608389356892612E+00,  2.046456857851500E-01, -1.246159689359838E-03, -3.553226975507911E-03, -1.171948648186266E-03
A.D. 1973-Jan-01, -1.726716682922997E+01, -6.325488245906877E+00,  2.014236664072540E-01,  2.667813600045777E-03, -3.844583801263358E-03,  2.302488808530968E-03
A.D. 1973-Jul-01, -1.701202928591343E+01, -7.022148919569154E+00,  1.929221852178918E-01, -1.164120121199461E-03, -3.220499434308428E-03,  5.956166306324288E-05
A.D. 1974-Jan-01, -1.672796340018794E+01, -7.717573878258503E+00,  1.898504058581551E-01,  3.838592597022301E-03, -4.031534049606429E-03,  1.452883001437252E-03
A.D. 1974-Jul-01, -1.642179698963575E+01, -8.390458400399663E+00,  1.803727908618569E-01, -5.049493651798435E-04, -2.997878974050246E-03,  1.274029883556686E-03
A.D. 1975-Jan-01, -1.608416698322569E+01, -9.060340034962797E+00,  1.767899652803484E-01,  4.512746032780644E-03, -4.134932810756845E-03,  2.842540067675293E-04
A.D. 1975-Jul-01, -1.572943535473269E+01, -9.705601132783544E+00,  1.670483237422636E-01,  6.429288904117257E-04, -2.907489705951152E-03,  2.191402297889955E-03
A.D. 1976-Jan-01, -1.534096126400970E+01, -1.034636664791402E+01,  1.622833117179762E-01,  4.602470686478296E-03, -4.103370780431972E-03, -9.567646358308206E-04
A.D. 1976-Jul-01, -1.493613105716572E+01, -1.096397580390738E+01,  1.548122835071680E-01,  4.892687856744900E-03, -3.861013243883783E-03,  4.025177799537320E-04
A.D. 1977-Jan-01, -1.450135303640117E+01, -1.157240302122855E+01,  1.439820015651030E-01,  5.282831315589428E-04, -3.106184353629933E-03, -1.968074832556473E-03
A.D. 1977-Jul-01, -1.405368270417815E+01, -1.215228156917251E+01,  1.389288743667687E-01,  5.013647264248585E-03, -3.814584935856826E-03, -8.429240891866360E-04
A.D. 1978-Jan-01, -1.357628348671983E+01, -1.272429435889983E+01,  1.272804453458041E-01,  1.262040323939263E-04, -2.617167933634862E-03, -9.081791246908839E-04
A.D. 1978-Jul-01, -1.308520888237727E+01, -1.326735504958504E+01,  1.218451755274399E-01,  4.580964598540078E-03, -3.607737328552097E-03, -1.912278305847143E-03
A.D. 1979-Jan-01, -1.256807833519522E+01, -1.379967430996446E+01,  1.101600167283810E-01,  2.705493510561208E-04, -2.207691623022255E-03,  3.502794669740498E-04
A.D. 1979-Jul-01, -1.203674976746573E+01, -1.430290208692167E+01,  1.037424527123131E-01,  3.731845858787543E-03, -3.239912571670209E-03, -2.578759054849143E-03
A.D. 1980-Jan-01, -1.148275365036985E+01, -1.479247221895071E+01,  9.273168603582352E-02,  9.769057875866059E-04, -1.922736008211541E-03,  1.515513677953403E-03
A.D. 1980-Jul-01, -1.091369476389022E+01, -1.525520941736773E+01,  8.333571073013206E-02,  5.488636013507851E-04, -1.865323147597526E-03,  2.176632228273087E-04
A.D. 1981-Jan-01, -1.032299935445348E+01, -1.569920974017386E+01,  7.730328679502223E-02,  5.567373229098134E-03, -2.675205381721188E-03,  1.289992880736325E-03
A.D. 1981-Jul-01, -9.725923475454593E+00, -1.611376777305538E+01,  6.502569450883329E-02,  1.164807089724668E-03, -1.542376731868801E-03,  1.406190890871080E-03
A.D. 1982-Jan-01, -9.103008397448658E+00, -1.651041380742284E+01,  5.872713382430082E-02,  6.042641384477864E-03, -2.647681465446585E-03,  9.290975874709501E-05
A.D. 1982-Jul-01, -8.479060347119558E+00, -1.687660135977563E+01,  4.661977069147262E-02,  2.245016450201145E-03, -1.358823138019609E-03,  2.273039382586927E-03
A.D. 1983-Jan-01, -7.828194570760351E+00, -1.722379151354520E+01,  3.940103528139474E-02,  5.923366021665068E-03, -2.486315534366020E-03, -1.130003435489522E-03
A.D. 1983-Jul-01, -7.181140432450560E+00, -1.753966975248429E+01,  2.810044131646151E-02,  3.575393755747999E-03, -1.297691763646079E-03,  2.618860268371037E-03
A.D. 1984-Jan-01, -6.507081747252411E+00, -1.783561925498652E+01,  1.947836124541851E-02,  5.267860253730467E-03, -2.171176647698763E-03, -2.121393336820529E-03
A.D. 1984-Jul-01, -5.834676993510683E+00, -1.810152344316516E+01,  1.027513420980486E-02,  6.140908189499992E-03, -2.055941379608999E-03, -1.014727201900012E-03
A.D. 1985-Jan-01, -5.146004761346706E+00, -1.834433256008650E+01, -2.924539112147821E-03,  1.197440865803541E-03, -7.757246871023110E-04, -7.519356827137661E-04
A.D. 1985-Jul-01, -4.460195098544329E+00, -1.855628315408787E+01, -9.741718989554721E-03,  5.490921123470472E-03, -1.746116785591240E-03, -2.039247658365531E-03
A.D. 1986-Jan-01, -3.759533461529172E+00, -1.874506512304638E+01, -2.246959417632234E-02,  1.264440081336552E-03, -3.096303729688289E-04,  5.066532534231036E-04
A.D. 1986-Jul-01, -3.061485081655240E+00, -1.890442105579698E+01, -2.993468003391683E-02,  4.449220957327444E-03, -1.293351994853791E-03, -2.628099113427732E-03
A.D. 1987-Jan-01, -2.352849256405079E+00, -1.903892576549620E+01, -4.149162366995405E-02,  1.879763649883841E-03,  1.479058934674865E-05,  1.647664520088579E-03
A.D. 1987-Jul-01, -1.647250921393072E+00, -1.914565648021715E+01, -5.002820886209593E-02,  3.250720925962416E-03, -7.346603734846979E-04, -2.659133563107723E-03
A.D. 1988-Jan-01, -9.341859976967690E-01, -1.922618542553799E+01, -5.995351159848036E-02,  2.919669297605190E-03,  1.866387296427212E-04,  2.407144109354610E-03
A.D. 1988-Jul-01, -2.240912569811134E-01, -1.928029755372633E+01, -7.007586772767722E-02,  1.825824717180149E-03,  4.529969392920092E-04,  1.547765508589268E-03
A.D. 1989-Jan-01,  4.944656414137518E-01, -1.930799367011571E+01, -7.630828674317995E-02,  6.522648688412674E-03, -6.603539618005470E-04, -7.952399018078425E-05
A.D. 1989-Jul-01,  1.197710883126749E+00, -1.930948654961119E+01, -8.799034827013137E-02,  2.795659460574504E-03,  6.354599932319267E-04,  2.354757049439934E-03
A.D. 1990-Jan-01,  1.915013408844698E+00, -1.928501196178976E+01, -9.482466204414121E-02,  6.165143000676412E-03, -4.679261493925441E-04, -1.287418916848776E-03
A.D. 1990-Jul-01,  2.613109047281263E+00, -1.923476519281433E+01, -1.052428664702327E-01,  3.989920420379775E-03,  6.877972414616433E-04,  2.630469127805907E-03
A.D. 1991-Jan-01,  3.325144571376909E+00, -1.915873119940856E+01, -1.131548946842077E-01,  5.291797698677391E-03, -1.319888278872857E-04, -2.220665027521145E-03
A.D. 1991-Jul-01,  4.015260031058840E+00, -1.905750568389066E+01, -1.219384944183750E-01,  5.133749676837040E-03,  6.604066722122083E-04,  2.307141339782171E-03
A.D. 1992-Jan-01,  4.717879858111932E+00, -1.893053401307836E+01, -1.311070843674003E-01,  4.083126316537485E-03,  3.340819344689884E-04, -2.682574528040021E-03
A.D. 1992-Jul-01,  5.403361954734262E+00, -1.877893826734025E+01, -1.385972847675037E-01,  5.303342731303853E-03,  2.688681253993591E-04, -2.144565388751758E-03
A.D. 1993-Jan-01,  6.087855160864814E+00, -1.860074826985497E+01, -1.496095532112292E-01,  1.191390520123883E-03,  1.690328532221851E-03,  6.875836132365534E-04
A.D. 1993-Jul-01,  6.757672373690472E+00, -1.840140995337482E+01, -1.554939579374206E-01,  4.085779753167731E-03,  7.152557884291433E-04, -2.658651152842943E-03
A.D. 1994-Jan-01,  7.424730298480021E+00, -1.817370748594016E+01, -1.649590160714384E-01,  1.736953068065218E-03,  1.966508939995332E-03,  1.786487937012704E-03
A.D. 1994-Jul-01,  8.077322835390540E+00, -1.792698107166103E+01, -1.716708235117948E-01,  2.757039276757383E-03,  1.253697534324049E-03, -2.599595018845980E-03
A.D. 1995-Jan-01,  8.724128108746644E+00, -1.765121282596244E+01, -1.791899569748903E-01,  2.682404614885087E-03,  2.087742411077796E-03,  2.484991447581909E-03
A.D. 1995-Jul-01,  9.355478382529261E+00, -1.735845695174502E+01, -1.868697932619666E-01,  1.582630034057987E-03,  1.822713338239484E-03, -1.982511241309054E-03
A.D. 1996-Jan-01,  9.979333552511589E+00, -1.703641460193364E+01, -1.923805800031965E-01,  3.792983924501794E-03,  2.081753503061073E-03,  2.619186108643111E-03
A.D. 1996-Jul-01,  1.058659769897287E+01, -1.669667887359132E+01, -1.999091423992156E-01,  2.360801038793864E-03,  2.475226118991246E-03,  2.441390261261306E-03
A.D. 1997-Jan-01,  1.118922735829615E+01, -1.633141433250512E+01, -2.041708949455006E-01,  5.422205878531473E-03,  1.371072704129757E-03, -1.421912904591302E-03
A.D. 1997-Jul-01,  1.176251972370335E+01, -1.595053592241456E+01, -2.116029789832294E-01,  3.433827695731756E-03,  2.462826415824525E-03,  2.637247046960375E-03
A.D. 1998-Jan-01,  1.233594544911446E+01, -1.554369261452839E+01, -2.167207343698703E-01,  4.361479813777341E-03,  1.669869630577929E-03, -2.301398567764407E-03
A.D. 1998-Jul-01,  1.287809318633142E+01, -1.512259678516542E+01, -2.222293684236532E-01,  4.426586421530777E-03,  2.369505049767427E-03,  2.244389653556404E-03
A.D. 1999-Jan-01,  1.341866569260940E+01, -1.467670307476030E+01, -2.283394052431731E-01,  3.000904405395458E-03,  2.085084223173844E-03, -2.680738678042137E-03
A.D. 1999-Jul-01,  1.392761731046858E+01, -1.421829986784584E+01, -2.319007282073870E-01,  5.079682069569573E-03,  2.262143389878186E-03,  1.346642116870360E-03
A.D. 2000-Jan-01,  1.443210847878134E+01, -1.373609993199497E+01, -2.388016517676165E-01,  1.599617446399062E-03,  2.569351097095867E-03, -2.484527283036242E-03
A.D. 2000-Jul-01,  1.491053540229848E+01, -1.324134115320422E+01, -2.422614924345941E-01,  2.828395724576928E-03,  2.343198252065547E-03, -2.663429481096518E-03
A.D. 2001-Jan-01,  1.537204566542441E+01, -1.272443634248157E+01, -2.477826143920182E-01,  7.160201322046189E-04,  3.503948457318619E-03,  1.929004558158234E-03
A.D. 2001-Jul-01,  1.581286446377551E+01, -1.220168835158042E+01, -2.508908174523209E-01,  1.399329357137372E-03,  2.797956270883974E-03, -2.525121908133745E-03
A.D. 2002-Jan-01,  1.623494573373636E+01, -1.165412548976293E+01, -2.542416737715043E-01,  1.598930578608503E-03,  3.510785063718648E-03,  2.557032888513506E-03
A.D. 2002-Jul-01,  1.663638800002164E+01, -1.110304888662306E+01, -2.581362331364250E-01,  1.726988339665346E-04,  3.267231353299763E-03, -1.833030087834445E-03
A.D. 2003-Jan-01,  1.701823586062546E+01, -1.052778744892926E+01, -2.593336498689586E-01,  2.620432220085485E-03,  3.392082339075087E-03,  2.616977630468509E-03
A.D. 2003-Jul-01,  1.737822766513113E+01, -9.950934276878217E+00, -2.638354663693619E-01, -6.317542120078764E-04,  3.682349926079347E-03, -7.432682072410956E-04
A.D. 2004-Jan-01,  1.771902645061502E+01, -9.350892387996993E+00, -2.632336266766303E-01,  3.503993261730144E-03,  3.206215794887423E-03,  2.088622243258730E-03
A.D. 2004-Jul-01,  1.803606098946153E+01, -8.746863794972349E+00, -2.659148988576362E-01,  2.150208296911817E-03,  3.613160977108031E-03,  2.643731051186343E-03
A.D. 2005-Jan-01,  1.833824136616483E+01, -8.126044738133968E+00, -2.668984101559385E-01,  2.715522398705479E-03,  2.828082396414535E-03, -2.364234086812601E-03
A.D. 2005-Jul-01,  1.860743753482580E+01, -7.504199782420115E+00, -2.678919229128891E-01,  3.043896814549086E-03,  3.407723398078957E-03,  2.170318423314267E-03
A.D. 2006-Jan-01,  1.886461703533073E+01, -6.864232051528064E+00, -2.697968319558836E-01,  1.270947658762683E-03,  3.149444555862385E-03, -2.666278818156062E-03
A.D. 2006-Jul-01,  1.908952151883335E+01, -6.224697755064433E+00, -2.688140709042767E-01,  3.575264375702345E-03,  3.199181205340009E-03,  1.221832066990550E-03
A.D. 2007-Jan-01,  1.929975246549927E+01, -5.568294675276639E+00, -2.714116416869816E-01, -1.699870243137742E-04,  3.533205526290323E-03, -2.384258753416618E-03
A.D. 2007-Jul-01,  1.947970849726947E+01, -4.914132958298350E+00, -2.687865633082656E-01,  3.573468033109109E-03,  3.052170655110109E-03,  2.753655635461495E-06
A.D. 2008-Jan-01,  1.964130930713863E+01, -4.244124014905297E+00, -2.715545449524429E-01, -1.347199978127473E-03,  3.912598464412403E-03, -1.583883068831790E-03
A.D. 2008-Jul-01,  1.977693914733452E+01, -3.575320909102160E+00, -2.701161751568201E-01, -4.468417195690276E-04,  3.597364351565966E-03, -2.432141678257710E-03
A.D. 2009-Jan-01,  1.988582421057092E+01, -2.893660375841675E+00, -2.687182551716845E-01,  4.883093893158715E-05,  4.181520953062175E-03,  2.625533210365066E-03
A.D. 2009-Jul-01,  1.997479183438204E+01, -2.220840061497804E+00, -2.683255022009731E-01, -1.672727645887440E-03,  3.952341590063010E-03, -1.678633483461962E-03
A.D. 2010-Jan-01,  2.003496066075317E+01, -1.532304797566002E+00, -2.647819362189775E-01,  1.021718281479282E-03,  3.938467174411524E-03,  2.602133491060037E-03
A.D. 2010-Jul-01,  2.007434517482526E+01, -8.545657741902660E-01, -2.649245271197703E-01, -2.447503166199838E-03,  4.239859890796337E-03, -5.507783644820050E-04
A.D. 2011-Jan-01,  2.008581786134081E+01, -1.629864613890104E-01, -2.596334825077652E-01,  1.825478698403680E-03,  3.632833348252055E-03,  2.007324654203793E-03
A.D. 2011-Jul-01,  2.007481483515650E+01,  5.161658979327174E-01, -2.598390276460389E-01, -2.656000920705693E-03,  4.400421753986807E-03,  7.022552887920762E-04
A.D. 2012-Jan-01,  2.003778983499363E+01,  1.206852709425275E+00, -2.534456170087894E-01,  2.227047711453331E-03,  3.333449173910565E-03,  9.690505672173886E-04
A.D. 2012-Jul-01,  1.997579598862498E+01,  1.887934865580490E+00, -2.506491852751480E-01,  1.328710620507016E-03,  3.644122564845415E-03,  2.095895773245706E-03
A.D. 2013-Jan-01,  1.989207419772624E+01,  2.572963595317603E+00, -2.481781040083893E-01, -7.569190321497330E-04,  3.398899672657794E-03, -2.635899904191498E-03
A.D. 2013-Jul-01,  1.978014491497687E+01,  3.244946636413495E+00, -2.425444623415590E-01,  1.780230865589824E-03,  3.309676972301131E-03,  1.090416917287040E-03
A.D. 2014-Jan-01,  1.964649311678726E+01,  3.922153426048919E+00, -2.407549890296652E-01, -2.189273181123893E-03,  3.655450008847674E-03, -2.278433331051761E-03
A.D. 2014-Jul-01,  1.948782357183908E+01,  4.584675458435910E+00, -2.336020547611312E-01,  1.692092950360274E-03,  3.044496873849245E-03, -1.440098988801939E-04
A.D. 2015-Jan-01,  1.930463150982047E+01,  5.250960769813966E+00, -2.319699978428257E-01, -3.314338790615227E-03,  3.898676825774485E-03, -1.413269266412310E-03
A.D. 2015-Jul-01,  1.910039927153869E+01,  5.900757355390189E+00, -2.239053661390997E-01,  1.031028692859248E-03,  2.893524633668402E-03, -1.340632264125390E-03
A.D. 2016-Jan-01,  1.886845346170546E+01,  6.553156994579203E+00, -2.217435510742514E-01, -3.941360005545424E-03,  4.061034205543704E-03, -2.330237089895985E-04
A.D. 2016-Jul-01,  1.861764856506448E+01,  7.190409398920449E+00, -2.157911011135375E-01, -3.626221589235073E-03,  3.741166360399109E-03, -1.511515324009295E-03
A.D. 2017-Jan-01,  1.833761325646531E+01,  7.826647276343290E+00, -2.078399024127921E-01, -6.587185263595856E-04,  3.580243826628206E-03,  2.577440370892226E-03
A.D. 2017-Jul-01,  1.804421795502642E+01,  8.441382360558697E+00, -2.040313233284975E-01, -4.302027382040515E-03,  3.888829362671751E-03, -3.544539888924598E-04
A.D. 2018-Jan-01,  1.772031332842660E+01,  9.057302261272216E+00, -1.945693311824809E-01,  1.314980451331466E-04,  3.147881473293999E-03,  1.907466866539082E-03
A.D. 2018-Jul-01,  1.738187973797776E+01,  9.650922011847525E+00, -1.909105423366972E-01, -4.399304688340430E-03,  3.908120590368322E-03,  8.936870570478944E-04
A.D. 2019-Jan-01,  1.701560659177808E+01,  1.024343335108086E+01, -1.806279294155646E-01,  4.962880743849421E-04,  2.737157435394137E-03,  8.277795962570465E-04
A.D. 2019-Jul-01,  1.663323255851035E+01,  1.081315670608068E+01, -1.764983698634972E-01, -3.945556278700049E-03,  3.767013992289575E-03,  1.955032606414742E-03
A.D. 2020-Jan-01,  1.622585544835195E+01,  1.137919685102865E+01, -1.661578028069411E-01,  3.056749185124756E-04,  2.408864193319462E-03, -4.277859198016772E-04
A.D. 2020-Jul-01,  1.579978945606584E+01,  1.192514965051921E+01, -1.587256708331986E-01,  1.213150726682177E-04,  2.537053850824378E-03,  9.540276812616977E-04
A.D. 2021-Jan-01,  1.535145261264002E+01,  1.246115455750999E+01, -1.535652716344235E-01, -4.030408636675355E-03,  2.902806767243499E-03, -2.163555612512928E-03
A.D. 2021-Jul-01,  1.488770827413344E+01,  1.297434773693888E+01, -1.429629761038912E-01, -8.922805011974983E-07,  2.171694924281308E-03, -2.989230196987854E-04
A.D. 2022-Jan-01,  1.439842901025800E+01,  1.347832788450455E+01, -1.380565789317310E-01, -5.046308049695166E-03,  3.024978787227170E-03, -1.246858324598723E-03
A.D. 2022-Jul-01,  1.389810931899267E+01,  1.395795809565888E+01, -1.268231154255587E-01, -6.877214035251569E-04,  1.926046746881550E-03, -1.467961436919810E-03
A.D. 2023-Jan-01,  1.336975536546145E+01,  1.442681651154242E+01, -1.214817883100332E-01, -5.543491808519455E-03,  3.058631250317263E-03, -4.431677087594041E-05
A.D. 2023-Jul-01,  1.283497168772781E+01,  1.486963431791705E+01, -1.103064377264972E-01, -1.825893324355950E-03,  1.810339808467947E-03, -2.301409428273878E-03
A.D. 2024-Jan-01,  1.227021178622947E+01,  1.530024122530422E+01, -1.038662228626601E-01, -5.449215529877068E-03,  2.952100490533393E-03,  1.178944196466303E-03
A.D. 2024-Jul-01,  1.169842947642963E+01,  1.570549204265155E+01, -9.510752907328245E-02, -5.811085213473304E-03,  2.712563094842656E-03, -1.676922621924906E-04
A.D. 2025-Jan-01,  1.110254307077055E+01,  1.609490794211743E+01, -8.286922588680332E-02, -1.219208783226100E-03,  1.848214412551970E-03,  1.800501362021324E-03
A.D. 2025-Jul-01,  1.050327203800445E+01,  1.645536409393103E+01, -7.672075657629682E-02, -5.751975208486669E-03,  2.598399448104203E-03,  1.065201748664460E-03
A.D. 2026-Jan-01,  9.879966973927635E+00,  1.680032740569535E+01, -6.401142154526232E-02, -8.370464071920228E-04,  1.332315975438819E-03,  6.740863496222845E-04
A.D. 2026-Jul-01,  9.252484102415364E+00,  1.711656405896449E+01, -5.756697144070087E-02, -5.144665843383133E-03,  2.326756425014546E-03,  2.083651756019783E-03
A.D. 2027-Jan-01,  8.605094564694545E+00,  1.741482587249394E+01, -4.518406850356554E-02, -1.014761439409751E-03,  9.127268009822981E-04, -5.848156831806065E-04
A.D. 2027-Jul-01,  7.953028476977000E+00,  1.768491035237067E+01, -3.786831758495255E-02, -4.150645237423679E-03,  1.902571627064845E-03,  2.653306340392386E-03
A.D. 2028-Jan-01,  7.284641518051391E+00,  1.793461907162327E+01, -2.649791826157855E-02, -1.732727100454583E-03,  6.251963152540768E-04, -1.701473890624761E-03
A.D. 2028-Jul-01,  6.610247634463835E+00,  1.815772545358454E+01, -1.653724309275884E-02, -1.146201887306490E-03,  5.239075185743997E-04, -4.594608617947926E-04
A.D. 2029-Jan-01,  5.920712607066923E+00,  1.835741242877008E+01, -1.017428988133363E-02, -6.177714098391882E-03,  1.386101546329405E-03, -1.078693699423138E-03
A.D. 2029-Jul-01,  5.234743308318765E+00,  1.852969655473155E+01,  2.337679597722655E-03, -1.787181955365021E-03,  2.096420960372762E-04, -1.605752121084617E-03
A.D. 2030-Jan-01,  4.528724560184517E+00,  1.867864914815356E+01,  8.879544231805999E-03, -6.468199273705890E-03,  1.322383725773742E-03,  1.390350980414028E-04
A.D. 2030-Jul-01,  3.831101021624884E+00,  1.879973691130989E+01,  2.088053868406382E-02, -2.853546942879168E-03,  3.803812311623802E-05, -2.376804970185077E-03
A.D. 2031-Jan-01,  3.112466574876946E+00,  1.889684500716295E+01,  2.823811262715089E-02, -6.167420955209987E-03,  1.126249791220825E-03,  1.341438988466007E-03
A.D. 2031-Jul-01,  2.406370117904254E+00,  1.896571373178940E+01,  3.913269308922157E-02, -4.118101909089691E-03, -1.765090820538580E-05, -2.614692472239681E-03
A.D. 2032-Jan-01,  1.679311095508146E+00,  1.900997543957957E+01,  4.775374919398562E-02, -5.347668236198986E-03,  7.773473897867800E-04,  2.262824524822986E-03
A.D. 2032-Jul-01,  9.615280723831582E-01,  1.902626140872914E+01,  5.651337886843286E-02, -6.273476818817501E-03,  6.866418804868578E-04,  1.227588527938936E-03
A.D. 2033-Jan-01,  2.342227277985016E-01,  1.901612567768244E+01,  6.920548419195334E-02, -1.339300962103162E-03, -6.384619481206488E-04,  5.093314790140774E-04
A.D. 2033-Jul-01, -4.835261604350352E-01,  1.897884701924024E+01,  7.554820365564040E-02, -5.469025577178850E-03,  3.469325387374924E-04,  2.185454421321054E-03
A.D. 2034-Jan-01, -1.209588349591487E+00,  1.891360754354145E+01,  8.746136228761063E-02, -1.454929251245069E-03, -1.085838858159287E-03, -7.532528971130035E-04
A.D. 2034-Jul-01, -1.926673452474970E+00,  1.882257136368287E+01,  9.439846584523970E-02, -4.308370565681004E-03, -1.331356666157587E-04,  2.681936921096595E-03
A.D. 2035-Jan-01, -2.647872620021801E+00,  1.870168804443733E+01,  1.048778660196027E-01, -2.102496048106094E-03, -1.389748582805946E-03, -1.832121066765794E-03
A.D. 2035-Jul-01, -3.359635486222389E+00,  1.855641188489226E+01,  1.127970342105032E-01, -3.036617505082887E-03, -7.149544594935062E-04,  2.596870212485967E-03
A.D. 2036-Jan-01, -4.072254130329262E+00,  1.837970237288501E+01,  1.214431827712461E-01, -3.123564813237078E-03, -1.549795389690903E-03, -2.493670407926257E-03
A.D. 2036-Jul-01, -4.775059677003587E+00,  1.817831128453868E+01,  1.305629042737523E-01, -1.923492628917580E-03, -1.848960593063819E-03, -1.741391414239243E-03
A.D. 2037-Jan-01, -5.479470551238618E+00,  1.794670127354944E+01,  1.357570663643062E-01, -6.402689561965680E-03, -7.300393720130832E-04,  3.045900646004124E-04
A.D. 2037-Jul-01, -6.161041231945814E+00,  1.769192435296215E+01,  1.460632058272513E-01, -2.880633752128452E-03, -2.018386246746040E-03, -2.456977900932095E-03
A.D. 2038-Jan-01, -6.849009615472943E+00,  1.740613351040152E+01,  1.517841088218665E-01, -5.864548394222690E-03, -9.565793342887367E-04,  1.476768771020341E-03
A.D. 2038-Jul-01, -7.510080376658854E+00,  1.709792596833282E+01,  1.605506774582964E-01, -4.000587573578437E-03, -2.062414398409544E-03, -2.614562329318973E-03
A.D. 2039-Jan-01, -8.176387671594208E+00,  1.675923538878833E+01,  1.672042717083931E-01, -4.826937946007860E-03, -1.321011775005652E-03,  2.341367987112835E-03
A.D. 2039-Jul-01, -8.813070314819345E+00,  1.639927913221684E+01,  1.740924578590285E-01, -5.008087741190196E-03, -2.035042581416365E-03, -2.189039145815467E-03
A.D. 2040-Jan-01, -9.452551922750567E+00,  1.600942210799649E+01,  1.817740633978897E-01, -3.483992038150874E-03, -1.806486948442041E-03,  2.700301886888615E-03
A.D. 2040-Jul-01, -1.006685728150333E+01,  1.559816441231986E+01,  1.873596764883831E-01, -4.696158097288638E-03, -1.716707144018009E-03,  2.270425968401284E-03
A.D. 2041-Jan-01, -1.066997225580037E+01,  1.515816819728093E+01,  1.961756666581688E-01, -8.047252688441232E-04, -3.121597875578114E-03, -9.304310237476305E-04
A.D. 2041-Jul-01, -1.125108066933105E+01,  1.470252175577995E+01,  2.001590022331578E-01, -3.340941119294439E-03, -2.169811204703518E-03,  2.682734639721328E-03
A.D. 2042-Jan-01, -1.181838686026766E+01,  1.421571217902122E+01,  2.070916316931931E-01, -1.349016692895734E-03, -3.354093992657440E-03, -1.973593359887938E-03
A.D. 2042-Jul-01, -1.236385735965356E+01,  1.371609072374921E+01,  2.117248184817678E-01, -1.917788659293175E-03, -2.698375733851200E-03,  2.517370141579291E-03
A.D. 2043-Jan-01, -1.289238099365334E+01,  1.318551766637962E+01,  2.164373656708161E-01, -2.252093071755148E-03, -3.425123943060068E-03, -2.565920340314286E-03
A.D. 2043-Jul-01, -1.339813130003863E+01,  1.264481737982770E+01,  2.218075970864606E-01, -6.957978432634609E-04, -3.239143478506730E-03,  1.798634684492505E-03
A.D. 2044-Jan-01, -1.388528386830860E+01,  1.207382347536303E+01,  2.243149883271396E-01, -3.257561467136094E-03, -3.372407552133781E-03, -2.585559042192584E-03
A.D. 2044-Jul-01, -1.434801645212204E+01,  1.149123628938526E+01,  2.290351767078025E-01, -1.772034039212206E-03, -3.762694524724592E-03, -2.536563926343544E-03
A.D. 2045-Jan-01, -1.479571428889281E+01,  1.088435927813798E+01,  2.305830135679667E-01, -4.418827081993680E-03, -2.677282390034166E-03,  1.600034914127476E-03
A.D. 2045-Jul-01, -1.520753125219664E+01,  1.026968847606737E+01,  2.347629809398383E-01, -2.757894285112090E-03, -3.690430068731954E-03, -2.620117120448367E-03
A.D. 2046-Jan-01, -1.560812909556619E+01,  9.629635799092767E+00,  2.370269081096558E-01, -3.193949483542876E-03, -2.952501401259169E-03,  2.395218187557840E-03
A.D. 2046-Jul-01, -1.597164883949948E+01,  8.983520468933333E+00,  2.390811610441299E-01, -3.607044795768720E-03, -3.543515398037999E-03, -2.117282450644881E-03
A.D. 2047-Jan-01, -1.632184292374151E+01,  8.313715089854741E+00,  2.421510601432620E-01, -1.713389370211384E-03, -3.332658317483854E-03,  2.675106873484724E-03
A.D. 2047-Jul-01, -1.663521754566526E+01,  7.639907529099802E+00,  2.421301542696613E-01, -4.073305241784128E-03, -3.392448416027997E-03, -1.153375138307597E-03
A.D. 2048-Jan-01, -1.693184009424953E+01,  6.943958318729988E+00,  2.457540487652428E-01, -2.340614257414447E-04, -3.770638173873788E-03,  2.369829590486865E-03
A.D. 2048-Jul-01, -1.719623135132873E+01,  6.243225640039227E+00,  2.456872395922001E-01, -1.397730963794152E-03, -3.502198970081269E-03,  2.666677559876336E-03
A.D. 2049-Jan-01, -1.743228684692554E+01,  5.523876867034707E+00,  2.472709523939907E-01,  3.472207241063912E-04, -4.570312182613764E-03, -2.106953227261902E-03
A.D. 2049-Jul-01, -1.764267939403251E+01,  4.808189468329602E+00,  2.469577434563575E-01,  1.102964308430220E-04, -3.899323756177509E-03,  2.416534384429394E-03
A.D. 2050-Jan-01, -1.782152644315859E+01,  4.071149811877993E+00,  2.461773886970910E-01, -4.878875029175791E-04, -4.481715039484832E-03, -2.635118748705259E-03
A.D. 2050-Jul-01, -1.797473333050177E+01,  3.340827109841010E+00,  2.464743979100078E-01,  1.373120088798329E-03, -4.289074203674356E-03,  1.637568796124285E-03
A.D. 2051-Jan-01, -1.809553305833107E+01,  2.591156452376647E+00,  2.434144323698360E-01, -1.408406243246107E-03, -4.263627191643109E-03, -2.575102128032900E-03
A.D. 2051-Jul-01, -1.818967808292983E+01,  1.850950948791241E+00,  2.440906494166033E-01,  2.179108616054679E-03, -4.602101324949194E-03,  4.891388231755002E-04
A.D. 2052-Jan-01, -1.825202568894225E+01,  1.093913036122817E+00,  2.391704806445879E-01, -2.134913770862096E-03, -3.979460038101739E-03, -1.948209796874364E-03
A.D. 2052-Jul-01, -1.828496031695911E+01,  3.440510644763226E-01,  2.376199114360375E-01, -7.989397783929864E-04, -4.334565900745559E-03, -2.614957739691061E-03
A.D. 2053-Jan-01, -1.829189641018718E+01, -4.138675115898862E-01,  2.345862950560079E-01, -8.780161147980350E-04, -3.572958899321089E-03,  2.440254353798019E-03
A.D. 2053-Jul-01, -1.826306153035090E+01, -1.160033275097657E+00,  2.310072325731892E-01, -1.558111703772946E-03, -4.008696530349533E-03, -2.042578773845329E-03
A.D. 2054-Jan-01, -1.820982989038182E+01, -1.914930714729916E+00,  2.287517589428419E-01,  6.651457028908614E-04, -3.788432664845662E-03,  2.633982912122055E-03
A.D. 2054-Jul-01, -1.812295856610998E+01, -2.655824951178153E+00,  2.231311042394012E-01, -1.923675869898962E-03, -3.678760742728326E-03, -1.022561149963656E-03
A.D. 2055-Jan-01, -1.800963269873214E+01, -3.402819490277647E+00,  2.213992009495259E-01,  2.144035998825639E-03, -4.044425375739995E-03,  2.250333749448029E-03
A.D. 2055-Jul-01, -1.786621996086244E+01, -4.133369678218432E+00,  2.141606063007279E-01, -1.746174014955586E-03, -3.412198768483628E-03,  2.097605674141064E-04
A.D. 2056-Jan-01, -1.769359846263942E+01, -4.867753371815144E+00,  2.124292481257004E-01,  3.307714602303674E-03, -4.277535084736605E-03,  1.365453136389058E-03
A.D. 2056-Jul-01, -1.749473424789992E+01, -5.586626324879735E+00,  2.065052129120966E-01,  2.504332055580265E-03, -3.889409009576105E-03,  2.308279574772474E-03
A.D. 2057-Jan-01, -1.726188546341448E+01, -6.304944323793332E+00,  2.002259592153710E-01,  1.576341644366088E-03, -4.299676734992570E-03, -2.689000619696126E-03
A.D. 2057-Jul-01, -1.701177633043933E+01, -6.999886538206657E+00,  1.955932533470152E-01,  3.689667153057276E-03, -4.088760037813087E-03,  1.465465575588011E-03
A.D. 2058-Jan-01, -1.672547309899967E+01, -7.696624357583310E+00,  1.872646418421770E-01,  6.375889931355788E-04, -3.888563348508792E-03, -2.552542033773779E-03
A.D. 2058-Jul-01, -1.642230970001495E+01, -8.368382292514797E+00,  1.831637670470785E-01,  4.378667773901801E-03, -4.207385329029741E-03,  2.931093515614251E-04
A.D. 2059-Jan-01, -1.608534342201170E+01, -9.039493029499845E+00,  1.732855504620734E-01, -9.596824980418398E-05, -3.425842672090775E-03, -1.854982956153050E-03
A.D. 2059-Jul-01, -1.573096531438055E+01, -9.684578330454926E+00,  1.692448281909949E-01,  4.480348761405763E-03, -4.191865930288639E-03, -9.595842681502724E-04
A.D. 2060-Jan-01, -1.534593417525354E+01, -1.032630123866138E+01,  1.585354370271702E-01, -3.963349865837964E-04, -2.985209680061213E-03, -7.603496995757511E-04
A.D. 2060-Jul-01, -1.494037540857881E+01, -1.094501173724926E+01,  1.514761040504442E-01,  3.847368406990964E-04, -3.206013923858314E-03, -1.950686259501188E-03
A.D. 2061-Jan-01, -1.451074113689472E+01, -1.155276407099443E+01,  1.451184035849741E-01,  2.858731829285887E-03, -2.988031767002566E-03,  2.593478661481894E-03
A.D. 2061-Jul-01, -1.406078701110986E+01, -1.213487630642377E+01,  1.352695104387500E-01,  8.749461747891261E-06, -2.729723486945106E-03, -8.888700152539524E-04
A.D. 2062-Jan-01, -1.358560859180924E+01, -1.270660050307420E+01,  1.296802137768909E-01,  4.226688769786604E-03, -3.098447401351899E-03,  2.131923033929106E-03
A.D. 2062-Jul-01, -1.309442197286640E+01, -1.325142240292314E+01,  1.185866762156387E-01,  1.743018917789926E-04, -2.330451235372867E-03,  3.590539837958199E-04
A.D. 2063-Jan-01, -1.257626742660069E+01, -1.378394734433365E+01,  1.132206014382322E-01,  5.235302791972467E-03, -3.182663170614280E-03,  1.195474785383986E-03
A.D. 2063-Jul-01, -1.204718916852256E+01, -1.428813675952969E+01,  1.015380099602260E-01,  8.938100818153944E-04, -2.052010830275141E-03,  1.512569478294493E-03
A.D. 2064-Jan-01, -1.148928220386808E+01, -1.477843514273685E+01,  9.572161402160305E-02,  5.711733237577855E-03, -3.177305114045195E-03, -2.007937336367333E-05
A.D. 2064-Jul-01, -1.092177582793067E+01, -1.524127003577203E+01,  8.642417058441172E-02,  5.476820120030344E-03, -2.796904254726051E-03,  1.302057463373247E-03
A.D. 2065-Jan-01, -1.032790212810827E+01, -1.568706125527216E+01,  7.490769941060173E-02,  2.124834845848753E-03, -2.449765804295399E-03, -2.502895965297322E-03
A.D. 2065-Jul-01, -9.732129382911538E+00, -1.610078162274514E+01,  6.811842153310815E-02,  5.974839860316700E-03, -2.778975173825369E-03,  1.018101726368203E-04
A.D. 2066-Jan-01, -9.108931778503587E+00, -1.649847981767446E+01,  5.547745062676223E-02,  1.322433644535901E-03, -1.868333319683435E-03, -1.740101780575604E-03
A.D. 2066-Jul-01, -8.483741348762292E+00, -1.686417697793670E+01,  4.900636241844135E-02,  5.870283517695900E-03, -2.627256314808012E-03, -1.132576687662344E-03
A.D. 2067-Jan-01, -7.835616370414395E+00, -1.721154035520283E+01,  3.599025606644050E-02,  9.607164886546778E-04, -1.325116827417097E-03, -6.032295921250512E-04
A.D. 2067-Jul-01, -7.185114016186106E+00, -1.752749317174081E+01,  2.924031919040332E-02,  5.217276026173411E-03, -2.318532325153709E-03, -2.134795197238954E-03
A.D. 2068-Jan-01, -6.516307180005225E+00, -1.782282046668660E+01,  1.664985782587028E-02,  1.154620265386584E-03, -8.840886905823147E-04,  6.496062695596273E-04
A.D. 2068-Jul-01, -5.842687199357302E+00, -1.808910836219705E+01,  6.941919997568171E-03,  1.149328345548458E-03, -9.223710326203753E-04, -7.274360010663007E-04
A.D. 2069-Jan-01, -5.155982036406295E+00, -1.833078533012334E+01, -6.469723006104422E-05,  5.473048555757016E-03, -1.328813598927987E-03,  2.018680371481691E-03
A.D. 2069-Jul-01, -4.470847398750724E+00, -1.854368373882295E+01, -1.254386249020247E-02,  1.244427153285061E-03, -4.612485882996757E-04,  5.240446003940372E-04
A.D. 2070-Jan-01, -3.769418716011364E+00, -1.873227076646368E+01, -1.900427096180253E-02,  6.261308688201048E-03, -1.335400211228465E-03,  1.029929702009887E-03
A.D. 2070-Jul-01, -3.074737070540704E+00, -1.889231848970753E+01, -3.156549406818672E-02,  1.875344941315404E-03, -1.391273836652966E-04,  1.648123202076963E-03
A.D. 2071-Jan-01, -2.362745418100150E+00, -1.902782558145972E+01, -3.815273462707752E-02,  6.493410425339216E-03, -1.258452281012794E-03, -1.969869318089837E-04
A.D. 2071-Jul-01, -1.662409583733217E+00, -1.913501241583872E+01, -5.009151577439446E-02,  2.918955861809191E-03,  3.388830807186601E-05,  2.393758844044427E-03
A.D. 2072-Jan-01, -9.440530528638501E-01, -1.921765128417913E+01, -5.743810273032837E-02,  6.132873240047252E-03, -1.053956624287511E-03, -1.396896496865195E-03
A.D. 2072-Jul-01, -2.356963836590435E-01, -1.927264087192783E+01, -6.657434527094465E-02,  6.528558281820743E-03, -8.099993854113534E-04, -6.747484340256068E-05
A.D. 2073-Jan-01,  4.824878109343154E-01, -1.930258987388230E+01, -7.915283851176455E-02,  1.700939304205590E-03,  1.765509817852195E-04, -1.602742553194982E-03
A.D. 2073-Jul-01,  1.187353230764308E+00, -1.930507300142003E+01, -8.527780614634360E-02,  6.192981544015689E-03, -6.224758427297372E-04, -1.285027269194570E-03
A.D. 2074-Jan-01,  1.901859978231339E+00, -1.928212383937477E+01, -9.773836952089890E-02,  1.259850555532364E-03,  7.183311281950412E-04, -4.350155362446392E-04
A.D. 2074-Jul-01,  2.604249475001545E+00, -1.923343811375754E+01, -1.038572486850770E-01,  5.326955213491118E-03, -2.873717973552204E-04, -2.230289125343036E-03
A.D. 2075-Jan-01,  3.311663344257800E+00, -1.915799264729158E+01, -1.154330999454178E-01,  1.377230314382114E-03,  1.142449922168785E-03,  8.173442174924578E-04
A.D. 2075-Jul-01,  4.007788659471870E+00, -1.905870817885421E+01, -1.221159332019412E-01,  4.118154286367069E-03,  1.823526902311475E-04, -2.698517845866145E-03
A.D. 2076-Jan-01,  4.704966555713720E+00, -1.893143681185865E+01, -1.321734514058772E-01,  2.021591472787288E-03,  1.415836412032399E-03,  1.875468493587583E-03
A.D. 2076-Jul-01,  5.392353551970825E+00, -1.878103560406382E+01, -1.409685185120043E-01,  1.246925753435773E-03,  1.550509543580779E-03,  7.016235564692904E-04
A.D. 2077-Jan-01,  6.079591566421166E+00, -1.860302808000766E+01, -1.458616730786469E-01,  6.205743568086915E-03,  6.163698298897084E-04,  8.778598847507598E-04
A.D. 2077-Jul-01,  6.747288768925165E+00, -1.840418100901610E+01, -1.567108904536605E-01,  1.811932940944148E-03,  1.830507640193631E-03,  1.788598896878918E-03
A.D. 2078-Jan-01,  7.419524083178608E+00, -1.817709446288347E+01, -1.615292406144974E-01,  6.221448677611573E-03,  6.850903157600497E-04, -3.617911934429868E-04
A.D. 2078-Jul-01,  8.067978275583044E+00, -1.792990454995052E+01, -1.713798891720733E-01,  2.760414177553893E-03,  1.958410070983421E-03,  2.471672865323224E-03
A.D. 2079-Jan-01,  8.721296629487888E+00, -1.765516785634519E+01, -1.767460809968850E-01,  5.644005013448887E-03,  8.813716210433433E-04, -1.532096859022203E-03
A.D. 2079-Jul-01,  9.347424171808036E+00, -1.736118432209371E+01, -1.850422653268272E-01,  3.865508628149863E-03,  1.961125007531750E-03,  2.601650940206469E-03
A.D. 2080-Jan-01,  9.977723200363370E+00, -1.704045424511173E+01, -1.913681750996283E-01,  4.577134986164052E-03,  1.216158198287890E-03, -2.378644257183606E-03
A.D. 2080-Jul-01,  1.058437315106477E+01, -1.670016108336548E+01, -1.973322788936954E-01,  5.509547036876570E-03,  1.249584658372380E-03, -1.420167383987670E-03
A.D. 2081-Jan-01,  1.118349272848832E+01, -1.633473148427984E+01, -2.070261056472486E-01,  5.834329203795526E-04,  2.595427518361074E-03, -2.431537563602989E-04
A.D. 2081-Jul-01,  1.176066777789021E+01, -1.595409667432919E+01, -2.104078516235615E-01,  4.454354637592601E-03,  1.551211903271590E-03, -2.311467133376992E-03
A.D. 2082-Jan-01,  1.232831234991255E+01, -1.554654723527916E+01, -2.188386695443082E-01,  6.522963791309311E-04,  2.940125605906586E-03,  9.980627390629999E-04
A.D. 2082-Jul-01,  1.287550014018162E+01, -1.512656541003646E+01, -2.225828308404910E-01,  3.089329946993364E-03,  1.973108409279835E-03, -2.698663022808039E-03
A.D. 2083-Jan-01,  1.340943594639403E+01, -1.467970190720576E+01, -2.291596244169107E-01,  1.230543943908242E-03,  3.122394970030130E-03,  2.010856951244295E-03
A.D. 2083-Jul-01,  1.392363189121792E+01, -1.422312425413173E+01, -2.336286178923082E-01,  1.683771786328949E-03,  2.468106077177426E-03, -2.496448065705520E-03
A.D. 2084-Jan-01,  1.442224658632522E+01, -1.373995139127365E+01, -2.380524802974307E-01,  2.158416140468039E-03,  3.146512992335863E-03,  2.572341703095375E-03
A.D. 2084-Jul-01,  1.490092724245096E+01, -1.324616972522342E+01, -2.432066315039671E-01,  8.407520611018414E-04,  3.413981986429631E-03,  1.932989190376145E-03
A.D. 2085-Jan-01,  1.536732115647314E+01, -1.273039007660855E+01, -2.443687322941195E-01,  5.041449119446647E-03,  2.214332178150030E-03, -5.084881569766355E-04
A.D. 2085-Jul-01,  1.580352707068657E+01, -1.220759285419558E+01, -2.503050797279392E-01,  1.726582430559337E-03,  3.428287025239076E-03,  2.544669164566014E-03
A.D. 2086-Jan-01,  1.623221867926155E+01, -1.166168657487325E+01, -2.519032545097449E-01,  4.296330120118615E-03,  2.333141715483556E-03, -1.649099624984855E-03
A.D. 2086-Jul-01,  1.662868469957376E+01, -1.110985102590938E+01, -2.560639116705430E-01,  2.738875960182185E-03,  3.320206599597675E-03,  2.597096005267467E-03
A.D. 2087-Jan-01,  1.701741153477535E+01, -1.053639499021728E+01, -2.585024475344369E-01,  3.088554307363126E-03,  2.587412946330935E-03, -2.432295859863324E-03
A.D. 2087-Jul-01,  1.737315231388996E+01, -9.958229707671265E+00, -2.606469649562050E-01,  3.614083280341154E-03,  3.145521439931215E-03,  2.076598589641921E-03
A.D. 2088-Jan-01,  1.771960490277500E+01, -9.359739653675613E+00, -2.640082867294888E-01,  1.640012632600054E-03,  2.952326281867867E-03, -2.684600723209661E-03
A.D. 2088-Jul-01,  1.803766270689264E+01, -8.755292263045709E+00, -2.649914378875817E-01,  2.854143093574826E-03,  2.764779494839010E-03, -2.368004770345781E-03
A.D. 2089-Jan-01,  1.833497862196203E+01, -8.133260354134260E+00, -2.689626153273159E-01, -7.621372712369525E-04,  4.085762534179108E-03,  1.179705592468905E-03
A.D. 2089-Jul-01,  1.861036181322068E+01, -7.511898103980157E+00, -2.685825314667428E-01,  1.403395688146358E-03,  3.096359196802302E-03, -2.682412339270745E-03
A.D. 2090-Jan-01,  1.886184977674959E+01, -6.869892666619917E+00, -2.705704523485829E-01, -1.810236579607256E-04,  4.140808051671847E-03,  2.143808330177604E-03
A.D. 2090-Jul-01,  1.909264602351615E+01, -6.230953817260382E+00, -2.708893261445738E-01, -5.188623308534946E-05,  3.494695541765488E-03, -2.399252478715864E-03
A.D. 2091-Jan-01,  1.929763423281009E+01, -5.572071063395211E+00, -2.706493540126176E-01,  7.162826043783134E-04,  4.041715549192164E-03,  2.632457433326423E-03
A.D. 2091-Jul-01,  1.948189114211782E+01, -4.918440717417783E+00, -2.717115337045757E-01, -1.235918481202294E-03,  3.889207829208043E-03, -1.585325211737490E-03
A.D. 2092-Jan-01,  1.963983378861461E+01, -4.246026182176832E+00, -2.693493674131028E-01,  1.682691069367581E-03,  3.827763614255612E-03,  2.542345122452939E-03
A.D. 2092-Jul-01,  1.977451863048433E+01, -3.576451879966903E+00, -2.695228720397198E-01,  2.011226807604790E-04,  4.161613266101408E-03,  2.617059104620159E-03
A.D. 2093-Jan-01,  1.988907537849791E+01, -2.895188850688736E+00, -2.667575357618779E-01,  2.458301049145392E-03,  3.047949519660298E-03, -1.756155952661981E-03
A.D. 2093-Jul-01,  1.997176761585414E+01, -2.220517165072128E+00, -2.662327850498702E-01,  1.163906372524835E-03,  3.925662055438072E-03,  2.582062295513131E-03
A.D. 2094-Jan-01,  2.003717713006258E+01, -1.533106811746969E+00, -2.643007530188813E-01,  1.159920148610481E-03,  3.202923668200545E-03, -2.475331777090892E-03
A.D. 2094-Jul-01,  2.007085757831894E+01, -8.537338268463005E-01, -2.617196995476425E-01,  1.951578463005119E-03,  3.629429773245161E-03,  1.987599524046176E-03
A.D. 2095-Jan-01,  2.008604496755238E+01, -1.637818906439992E-01, -2.606665542175223E-01, -3.420170738598177E-04,  3.458367155891529E-03, -2.647389826277366E-03
A.D. 2095-Jul-01,  2.007124076568321E+01,  5.164441840654722E-01, -2.561526042784142E-01,  2.344825085981247E-03,  3.339529331366872E-03,  9.633066502496029E-04
A.D. 2096-Jan-01,  2.003567141168734E+01,  1.205424625857155E+00, -2.556951476023713E-01, -1.768093092668747E-03,  3.759385041921786E-03, -2.231118369136287E-03
A.D. 2096-Jul-01,  1.997428394275231E+01,  1.885927504358061E+00, -2.514891479750320E-01, -6.173831558179880E-04,  3.406481197640767E-03, -2.649485520060452E-03
A.D. 2097-Jan-01,  1.988404834184661E+01,  2.571748113972294E+00, -2.486665356536313E-01, -1.904362435154005E-03,  4.328446515235634E-03,  2.270093460853033E-03
A.D. 2097-Jul-01,  1.977739836484371E+01,  3.241699265751084E+00, -2.446678443909535E-01, -2.060908470177354E-03,  3.676265423286539E-03, -2.294800317249415E-03
A.D. 2098-Jan-01,  1.963851416372424E+01,  3.919910406117422E+00, -2.396697443834598E-01, -9.850735264163419E-04,  4.078584609910253E-03,  2.681077759447729E-03
A.D. 2098-Jul-01,  1.948402448354534E+01,  4.580495220528514E+00, -2.364731371421707E-01, -3.198681965407261E-03,  3.934576183863375E-03, -1.422458322535199E-03
A.D. 2099-Jan-01,  1.929795900143435E+01,  5.247799246524675E+00, -2.294822444532803E-01, -3.023206224014173E-05,  3.723664394643068E-03,  2.508926099090165E-03
A.D. 2099-Jul-01,  1.909583469924221E+01,  5.896166229294139E+00, -2.268207123136523E-01, -3.825941492900318E-03,  4.110239768996379E-03, -2.272117632148493E-04
A.D. 2100-Jan-01,  1.886395713469418E+01,  6.549345143141043E+00, -2.183316637793955E-01,  7.020440644399358E-04,  3.327060998873535E-03
