epoch, x, y, z, vx, vy, vz
A.D. 1950-Jan-01, -1.241439189376733E+00,  1.890453731550977E+01,  8.647936650002229E-02, -3.950104122436834E-03, -4.380172355384342E-04,  4.960170873134319E-05
A.D. 1950-Jul-01, -1.955452150246027E+00,  1.881187769221545E+01,  9.539663701138658E-02, -3.938628646965339E-03, -5.858022794801601E-04,  4.889155882645672E-05
A.D. 1951-Jan-01, -2.678708953707562E+00,  1.869023383952246E+01,  1.043265278245309E-01, -3.921742057731300E-03, -7.364684096954252E-04,  4.811002654732480E-05
A.D. 1951-Jul-01, -3.386613387193925E+00,  1.854349642765496E+01,  1.129659156213572E-01, -3.899287931999538E-03, -8.849276884895637E-04,  4.726167331915469E-05
A.D. 1952-Jan-01, -4.101566351814317E+00,  1.836679945743583E+01,  1.215880964425023E-01, -3.870778791615777E-03, -1.035883516227901E-03,  4.630495626677380E-05
A.D. 1952-Jul-01, -4.803003300216192E+00,  1.816471267865067E+01,  1.299434454362168E-01, -3.836316664112727E-03, -1.184835780345145E-03,  4.538632648183273E-05
A.D. 1953-Jan-01, -5.505202036945348E+00,  1.793289172168582E+01,  1.382019898317342E-01, -3.795255368847204E-03, -1.334893684734488E-03,  4.428319730677790E-05
A.D. 1953-Jul-01, -6.187994630635430E+00,  1.767797225374936E+01,  1.461258916047765E-01, -3.748375187594992E-03, -1.481553179544788E-03,  4.322052832687514E-05
A.D. 1954-Jan-01, -6.872837877397721E+00,  1.739174230489956E+01,  1.539631874360659E-01, -3.694414906952701E-03, -1.629398780036221E-03,  4.189593513998300E-05
A.D. 1954-Jul-01, -7.536239956234159E+00,  1.708379611332759E+01,  1.614431722947782E-01, -3.634893577466622E-03, -1.773002769657837E-03,  4.071302959680155E-05
A.D. 1955-Jan-01, -8.199026829998312E+00,  1.674431137264976E+01,  1.687990122226915E-01, -3.568277503727066E-03, -1.916817374092074E-03,  3.921478947822263E-05
A.D. 1955-Jul-01, -8.838463573103482E+00,  1.638475524417581E+01,  1.757769512987691E-01, -3.496373816090088E-03, -2.055681636618066E-03,  3.790197605331200E-05
A.D. 1956-Jan-01, -9.474633598205534E+00,  1.599373189012694E+01,  1.825944461420594E-01, -3.417443722257833E-03, -2.194033366004172E-03,  3.627654569083024E-05
A.D. 1956-Jul-01, -1.008906091006969E+01,  1.558219279236136E+01,  1.890517643034529E-01, -3.333360304782858E-03, -2.327689598601543E-03,  3.474354635508542E-05
A.D. 1957-Jan-01, -1.069419664445745E+01,  1.514173771029800E+01,  1.952778757160504E-01, -3.243040364421651E-03, -2.459364719826364E-03,  3.298392317535267E-05
A.D. 1957-Jul-01, -1.127272485780663E+01,  1.468515979678962E+01,  2.010952889064903E-01, -3.148538208777769E-03, -2.585126277730030E-03,  3.130705162141145E-05
A.D. 1958-Jan-01, -1.184284714852035E+01,  1.419805611968030E+01,  2.066857455937755E-01, -3.047466629572750E-03, -2.708941933813301E-03,  2.949487064480794E-05
A.D. 1958-Jul-01, -1.238505050136201E+01,  1.369702279146398E+01,  2.118575585727263E-01, -2.942859771618903E-03, -2.826542277396681E-03,  2.768986098852196E-05
A.D. 1959-Jan-01, -1.291641814486278E+01,  1.316626675698565E+01,  2.167737363433584E-01, -2.831844197712770E-03, -2.941798490641640E-03,  2.582023219607389E-05
A.D. 1959-Jul-01, -1.341877927891353E+01,  1.262387828027431E+01,  2.212654031239215E-01, -2.718183941846169E-03, -3.050627534998970E-03,  2.390696945985740E-05
A.D. 1960-Jan-01, -1.390797592098520E+01,  1.205275766705728E+01,  2.254751605421288E-01, -2.598344151099816E-03, -3.156554908683192E-03,  2.197857113210440E-05
A.D. 1960-Jul-01, -1.436977772041272E+01,  1.146910895327393E+01,  2.292784629916727E-01, -2.475817199771174E-03, -3.256362602554136E-03,  1.993342325948557E-05
A.D. 1961-Jan-01, -1.481361730573910E+01,  1.086103102450728E+01,  2.327548926402846E-01, -2.347964809546517E-03, -3.352372777947527E-03,  1.791022971681564E-05
A.D. 1961-Jul-01, -1.522695392266711E+01,  1.024606763979408E+01,  2.358075761833720E-01, -2.218747339861209E-03, -3.441787607915857E-03,  1.595938182428352E-05
A.D. 1962-Jan-01, -1.562285424733548E+01,  9.604787544715888E+00,  2.385351730174266E-01, -2.083930203792662E-03, -3.527759791479469E-03,  1.387436418473285E-05
A.D. 1962-Jul-01, -1.598781257896752E+01,  8.958993741153495E+00,  2.408449859888938E-01, -1.948275737037393E-03, -3.607192755519069E-03,  1.185196561460284E-05
A.D. 1963-Jan-01, -1.633335074327196E+01,  8.288240348592048E+00,  2.428112136546705E-01, -1.807278723895965E-03, -3.682813510273400E-03,  9.751037452292021E-06
A.D. 1963-Jul-01, -1.664764877082428E+01,  7.615304428824484E+00,  2.443672821832920E-01, -1.665452844177271E-03, -3.751951208222138E-03,  7.606700855379525E-06
A.D. 1964-Jan-01, -1.694058529591813E+01,  6.918874095563373E+00,  2.455621897629936E-01, -1.518451019634912E-03, -3.816922547147817E-03,  5.510357485867101E-06
A.D. 1964-Jul-01, -1.720345495086611E+01,  6.218739060449064E+00,  2.463585965743693E-01, -1.369850459317158E-03, -3.875748391151438E-03,  3.378891162055871E-06
A.D. 1965-Jan-01, -1.744152001834563E+01,  5.500577486448054E+00,  2.467705226016435E-01, -1.217315371295087E-03, -3.929422529004549E-03,  1.286503828591734E-06
A.D. 1965-Jul-01, -1.764804754389467E+01,  4.785025033358255E+00,  2.467880078663172E-01, -1.064470502431449E-03, -3.976240685214532E-03, -1.023088275644386E-06
A.D. 1966-Jan-01, -1.782943662540926E+01,  4.049514986083794E+00,  2.464090284081665E-01, -9.070088293761936E-04, -4.017442433996891E-03, -3.073115031021196E-06
A.D. 1966-Jul-01, -1.797937557226073E+01,  3.319156787447692E+00,  2.456447013757763E-01, -7.497206755575174E-04, -4.051587512804491E-03, -5.454837653811044E-06
A.D. 1967-Jan-01, -1.810249608716673E+01,  2.570980451032916E+00,  2.444688338084871E-01, -5.883834410239631E-04, -4.079582327687429E-03, -7.514128461603556E-06
A.D. 1967-Jul-01, -1.819450142437490E+01,  1.830583213983419E+00,  2.429196164357873E-01, -4.280764575672546E-04, -4.100401783550613E-03, -9.820803741308279E-06
A.D. 1968-Jan-01, -1.825823262837106E+01,  1.074719716222026E+00,  2.409468754079820E-01, -2.645128947161581E-04, -4.114510396999910E-03, -1.191322189173228E-05
A.D. 1968-Jul-01, -1.829157253960223E+01,  3.251487593657607E-01,  2.386024785872321E-01, -1.020722450903190E-04, -4.121365998680029E-03, -1.404302846496721E-05
A.D. 1969-Jan-01, -1.829519067860217E+01, -4.332825008883298E-01,  2.358387963206467E-01,  6.238672674569884E-05, -4.121256867731948E-03, -1.615098488848001E-05
A.D. 1969-Jul-01, -1.826923611648557E+01, -1.178712220228421E+00,  2.327379721225952E-01,  2.241453075052851E-04, -4.114195076403917E-03, -1.824779465838702E-05
A.D. 1970-Jan-01, -1.821293283144810E+01, -1.934532426272442E+00,  2.292027286074884E-01,  3.876705880502623E-04, -4.100074068884117E-03, -2.037925042543479E-05
A.D. 1970-Jul-01, -1.812826049768203E+01, -2.674867249055014E+00,  2.253547572909161E-01,  5.477916078619417E-04, -4.079307494034837E-03, -2.228158259282186E-05
A.D. 1971-Jan-01, -1.801263366158059E+01, -3.422969123669125E+00,  2.210730455952603E-01,  7.087658963723442E-04, -4.051279035771621E-03, -2.436701221279150E-05
A.D. 1971-Jul-01, -1.787010245778325E+01, -4.153246577554703E+00,  2.165063129060018E-01,  8.658278923391388E-04, -4.016980326561947E-03, -2.613713464486223E-05
A.D. 1972-Jan-01, -1.769630405653528E+01, -4.888660279029578E+00,  2.115115921649992E-01,  1.022987554746505E-03, -3.975563780801920E-03, -2.812141710319241E-05
A.D. 1972-Jul-01, -1.749613476891746E+01, -5.608015312074473E+00,  2.062330750081031E-01,  1.176492617310179E-03, -3.928323085238262E-03, -3.001572237652593E-05
A.D. 1973-Jan-01, -1.726567292073756E+01, -6.325937252883771E+00,  2.005646143032157E-01,  1.328333163630581E-03, -3.874319112542116E-03, -3.177163389610410E-05
A.D. 1973-Jul-01, -1.701191808250257E+01, -7.021929344490795E+00,  1.946754597993794E-01,  1.475249511163654E-03, -3.815359921523613E-03, -3.344468880115787E-05
A.D. 1974-Jan-01, -1.672703527858108E+01, -7.717982881755842E+00,  1.883819421500939E-01,  1.620910528073654E-03, -3.749703115585003E-03, -3.503954989445259E-05
A.D. 1974-Jul-01, -1.642090294618134E+01, -8.390442690255075E+00,  1.819021906557050E-01,  1.761273956702801E-03, -3.679855522222984E-03, -3.659601228453343E-05
A.D. 1975-Jan-01, -1.608400740227782E+01, -9.060619428768486E+00,  1.750343949273138E-01,  1.900252178230930E-03, -3.603844032759625E-03, -3.807369720085383E-05
A.D. 1975-Jul-01, -1.572795883651845E+01, -9.705792242328373E+00,  1.680145867242069E-01,  2.033575355106172E-03, -3.524301122898207E-03, -3.949931240611461E-05
A.D. 1976-Jan-01, -1.534160730419808E+01, -1.034645507182080E+01,  1.606230313114511E-01,  2.165415951161624E-03, -3.438822186363421E-03, -4.087990059061876E-05
A.D. 1976-Jul-01, -1.493589317766553E+01, -1.096427049754845E+01,  1.530693491591767E-01,  2.292363061467949E-03, -3.349628487404333E-03, -4.204313096115720E-05
A.D. 1977-Jan-01, -1.450256754416680E+01, -1.157196607857197E+01,  1.451999805935295E-01,  2.417070008579259E-03, -3.255056916505355E-03, -4.341764978132122E-05
A.D. 1977-Jul-01, -1.405425486618445E+01, -1.215238989787500E+01,  1.372413046834128E-01,  2.536077647551356E-03, -3.157584496811620E-03, -4.439714126939068E-05
A.D. 1978-Jan-01, -1.357679537394780E+01, -1.272395090207254E+01,  1.289411546917947E-01,  2.653129876326700E-03, -3.054304584547691E-03, -4.569110196955714E-05
A.D. 1978-Jul-01, -1.308646390343151E+01, -1.326725398361006E+01,  1.205810235459184E-01,  2.764316837179167E-03, -2.948342257828705E-03, -4.657152991399416E-05
A.D. 1979-Jan-01, -1.256777050724225E+01, -1.379950129719620E+01,  1.118951876776179E-01,  2.872899576164315E-03, -2.836409168115902E-03, -4.770645096024993E-05
A.D. 1979-Jul-01, -1.203841442317993E+01, -1.430261345112351E+01,  1.031790705380814E-01,  2.975532557958720E-03, -2.722142873052322E-03, -4.849779897108929E-05
A.D. 1980-Jan-01, -1.148169931367272E+01, -1.479250694090798E+01,  9.415599193120218E-02,  3.074954070804155E-03, -2.602116985114500E-03, -4.943042303679280E-05
A.D. 1980-Jul-01, -1.091347183026839E+01, -1.525501616111922E+01,  8.508332249706399E-02,  3.168626953466446E-03, -2.479665892921127E-03, -5.021454526888609E-05
A.D. 1981-Jan-01, -1.032217284097696E+01, -1.569960374563152E+01,  7.577482443375792E-02,  3.257835164952214E-03, -2.352317357522314E-03, -5.086555121765507E-05
A.D. 1981-Jul-01, -9.724939822410565E+00, -1.611378030848235E+01,  6.649847518564865E-02,  3.340572966780417E-03, -2.223733425911855E-03, -5.160022846053589E-05
A.D. 1982-Jan-01, -9.102968377886567E+00, -1.651066731095847E+01,  5.696140321516754E-02,  3.419047915739330E-03, -2.089884825097518E-03, -5.202884927119497E-05
A.D. 1982-Jul-01, -8.477531365031169E+00, -1.687681771637589E+01,  4.748874149667605E-02,  3.490858698041762E-03, -1.955404518337046E-03, -5.260378868505635E-05
A.D. 1983-Jan-01, -7.828947248875884E+00, -1.722384988622238E+01,  3.778286157458353E-02,  3.558072253090685E-03, -1.816247426585517E-03, -5.285932677103690E-05
A.D. 1983-Jul-01, -7.179405770649362E+00, -1.754004146011730E+01,  2.817446578312836E-02,  3.618279688291149E-03, -1.677143485351758E-03, -5.323335232025726E-05
A.D. 1984-Jan-01, -6.508464130860571E+00, -1.783546944761009E+01,  1.836201642666283E-02,  3.673541314258151E-03, -1.533864336360828E-03, -5.333599966276572E-05
A.D. 1984-Jul-01, -5.835353998360246E+00, -1.810160259701926E+01,  8.626459391117789E-03,  3.722109472813413E-03, -1.390426749460165E-03, -5.346397109516468E-05
A.D. 1985-Jan-01, -5.146411557548535E+00, -1.834400835390376E+01, -1.228674406919172E-03,  3.765196102208127E-03, -1.244270710856071E-03, -5.356814643898132E-05
A.D. 1985-Jul-01, -4.461528513119209E+00, -1.855615271637914E+01, -1.092003238253833E-02,  3.801524412580702E-03, -1.099577188251458E-03, -5.338623126619303E-05
A.D. 1986-Jan-01, -3.759124979535392E+00, -1.874491745496344E+01, -2.075218926778878E-02,  3.832291898661895E-03, -9.521356350418177E-04, -5.331673543844483E-05
A.D. 1986-Jul-01, -3.063181922771200E+00, -1.890411055615666E+01, -3.038901474728578E-02,  3.856733986230402E-03, -8.068714004205900E-04, -5.301303681853660E-05
A.D. 1987-Jan-01, -2.351713367372121E+00, -1.903898807413074E+01, -4.013510503688576E-02,  3.875502317213624E-03, -6.593568812463870E-04, -5.273103996932811E-05
A.D. 1987-Jul-01, -1.648939814247874E+00, -1.914523379270141E+01, -4.965776770083249E-02,  3.888826060485308E-03, -5.146290439226470E-04, -5.239015073448498E-05
A.D. 1988-Jan-01, -9.325751204704661E-01, -1.922644382563221E+01, -5.926003012881845E-02,  3.896654820436489E-03, -3.681342685866217E-04, -5.190993354165202E-05
A.D. 1988-Jul-01, -2.230177272953571E-01, -1.928033887504859E+01, -6.866693475438398E-02,  3.899759922545760E-03, -2.240676721761350E-04, -5.149166037386379E-05
A.D. 1989-Jan-01,  4.943919683932497E-01, -1.930822156546511E+01, -7.807457384613750E-02,  3.897402602612109E-03, -7.920590909153429E-05, -5.070034480450836E-05
A.D. 1989-Jul-01,  1.199287809441870E+00, -1.930972639710976E+01, -8.721751082027107E-02,  3.890586466296075E-03,  6.243948396268846E-05, -5.032827185888102E-05
A.D. 1990-Jan-01,  1.914155394622331E+00, -1.928503952320912E+01, -9.638900851536371E-02,  3.878685566885216E-03,  2.056524948633458E-04, -4.942360880457109E-05
A.D. 1990-Jul-01,  2.614838731452018E+00, -1.923515051090519E+01, -1.052806111488251E-01,  3.862609170977878E-03,  3.456027359060575E-04, -4.893756075855780E-05
A.D. 1991-Jan-01,  3.323691750327419E+00, -1.915855319282161E+01, -1.141770878878518E-01,  3.841384002558289E-03,  4.868370155985644E-04, -4.799627765856185E-05
A.D. 1991-Jul-01,  4.016759669629278E+00, -1.905795132882744E+01, -1.227796420649033E-01,  3.816010782950901E-03,  6.246783539429590E-04, -4.727341498578556E-05
A.D. 1992-Jan-01,  4.716149128776885E+00, -1.893018928169791E+01, -1.313636405034956E-01,  3.785244787565549E-03,  7.636437285167423E-04, -4.632440305075385E-05
A.D. 1992-Jul-01,  5.401957241566858E+00, -1.877878007442965E+01, -1.396856453997078E-01,  3.750153314253425E-03,  8.999403199148110E-04, -4.525183700293528E-05
A.D. 1993-Jan-01,  6.088374674780059E+00, -1.860062880238646E+01, -1.479184875096764E-01,  3.709827863615219E-03,  1.036198814715920E-03, -4.436681725588750E-05
A.D. 1993-Jul-01,  6.755952583353630E+00, -1.840107877422474E+01, -1.558301655119897E-01,  3.665864279333869E-03,  1.168655215810743E-03, -4.319395945288160E-05
A.D. 1994-Jan-01,  7.425946672423305E+00, -1.817379704152499E+01, -1.636737846398673E-01,  3.615948578604566E-03,  1.301460218394278E-03, -4.223713503604793E-05
A.D. 1994-Jul-01,  8.075663280555876E+00, -1.792654942370989E+01, -1.711830124211461E-01,  3.562650531166093E-03,  1.430188674370816E-03, -4.089433095448077E-05
A.D. 1995-Jan-01,  8.725773410731344E+00, -1.765149224287228E+01, -1.785983345397281E-01,  3.503136653279762E-03,  1.558973878085077E-03, -3.980402793665296E-05
A.D. 1995-Jul-01,  9.354241529643673E+00, -1.735801944156045E+01, -1.856669952211311E-01,  3.440612789716105E-03,  1.683420389876580E-03, -3.836865208197600E-05
A.D. 1996-Jan-01,  9.981042996921271E+00, -1.703682200350496E+01, -1.926145970450019E-01,  3.371889170836825E-03,  1.807387528882224E-03, -3.711448245871222E-05
A.D. 1996-Jul-01,  1.058821669382115E+01, -1.669694161113184E+01, -1.992394755496560E-01,  3.299840923814798E-03,  1.927176647323379E-03, -3.586407014725189E-05
A.D. 1997-Jan-01,  1.118827399662170E+01, -1.633141331784245E+01, -2.056783138774441E-01,  3.222098603170862E-03,  2.045276259318141E-03, -3.431004792723778E-05
A.D. 1997-Jul-01,  1.176424132422273E+01, -1.595093367555605E+01, -2.117488834613119E-01,  3.141656785383315E-03,  2.158276007950931E-03, -3.287934417151605E-05
A.D. 1998-Jan-01,  1.233443248172063E+01, -1.554348818463347E+01, -2.176433814383863E-01,  3.055560576431494E-03,  2.269669072992133E-03, -3.125245362666028E-05
A.D. 1998-Jul-01,  1.287953492498315E+01, -1.512304164944759E+01, -2.231618157539093E-01,  2.967102526786215E-03,  2.375602671277894E-03, -2.968304529405442E-05
A.D. 1999-Jan-01,  1.341692335018915E+01, -1.467634028230497E+01, -2.284785707399153E-01,  2.873664686719178E-03,  2.479173561485434E-03, -2.804477240622860E-05
A.D. 1999-Jul-01,  1.392845830902107E+01, -1.421869326793244E+01, -2.334150406725134E-01,  2.778281238339615E-03,  2.577115734306770E-03, -2.637400150831133E-05
A.D. 2000-Jan-01,  1.443051758274212E+01, -1.373565828163257E+01, -2.381283040241608E-01,  2.678466083136555E-03,  2.672427506613707E-03, -2.474809404491834E-05
A.D. 2000-Jul-01,  1.490879951776680E+01, -1.324099154670281E+01, -2.424847727382516E-01,  2.577033886310847E-03,  2.762774585898515E-03, -2.288830412183253E-05
A.D. 2001-Jan-01,  1.537333859361431E+01, -1.272455315994613E+01, -2.465764556735676E-01,  2.471951210373101E-03,  2.849962182880866E-03, -2.140958914343092E-05
A.D. 2001-Jul-01,  1.581124357305003E+01, -1.220125063688204E+01, -2.502924546957378E-01,  2.366510909994886E-03,  2.931920362878381E-03, -1.946904760180408E-05
A.D. 2002-Jan-01,  1.623662302159318E+01, -1.165442563888974E+01, -2.537543077499694E-01,  2.256949840747718E-03,  3.011212639301368E-03, -1.792601492948854E-05
A.D. 2002-Jul-01,  1.663523491518585E+01, -1.110261845884630E+01, -2.568475966922409E-01,  2.147376894586771E-03,  3.085525387988815E-03, -1.611219289237846E-05
A.D. 2003-Jan-01,  1.701992313598821E+01, -1.052820400399618E+01, -2.596745677821850E-01,  2.033647856425905E-03,  3.157353198670887E-03, -1.444344881738734E-05
A.D. 2003-Jul-01,  1.737779411504155E+01, -9.950605512695114E+00, -2.621414757006659E-01,  1.920276525401793E-03,  3.224405098688116E-03, -1.274958897590755E-05
A.D. 2004-Jan-01,  1.772034839469565E+01, -9.351333083791307E+00, -2.643296058926609E-01,  1.802767634569937E-03,  3.288823499665496E-03, -1.094797773270704E-05
A.D. 2004-Jul-01,  1.803776424917157E+01, -8.747272595721526E+00, -2.661754917051028E-01,  1.684939146139175E-03,  3.348758974737148E-03, -9.306424828105547E-06
A.D. 2005-Jan-01,  1.833667354574433E+01, -8.125814871343939E+00, -2.677188250306436E-01,  1.563833019951751E-03,  3.405511034244820E-03, -7.360933408824858E-06
A.D. 2005-Jul-01,  1.860881335769283E+01, -7.504642784262095E+00, -2.689200125670641E-01,  1.442840882452912E-03,  3.457629169666173E-03, -5.844578962505422E-06
A.D. 2006-Jan-01,  1.886287383725768E+01, -6.863853420543105E+00, -2.698168644853636E-01,  1.318237089852290E-03,  3.506692255864457E-03, -3.900839084197300E-06
A.D. 2006-Jul-01,  1.909026513166539E+01, -6.225076695755200E+00, -2.703803270157806E-01,  1.193906795293915E-03,  3.551101851599879E-03, -2.287480475263497E-06
A.D. 2007-Jan-01,  1.929821314088369E+01, -5.567849561064076E+00, -2.706265053969161E-01,  1.066078063499074E-03,  3.592028200163756E-03, -4.092036630574995E-07
A.D. 2007-Jul-01,  1.947965152208187E+01, -4.914363698454753E+00, -2.705475925528409E-01,  9.385346842828227E-04,  3.628231887190633E-03,  1.333267079238537E-06
A.D. 2008-Jan-01,  1.964030766339150E+01, -4.243709447321963E+00, -2.701387696875085E-01,  8.074481759200035E-04,  3.660632475657801E-03,  3.140743656035107E-06
A.D. 2008-Jul-01,  1.977536141954614E+01, -3.574878190390147E+00, -2.694084150339875E-01,  6.763512324579583E-04,  3.688418125928730E-03,  4.974125863805557E-06
A.D. 2009-Jan-01,  1.988752459143509E+01, -2.893979730313957E+00, -2.683391130975049E-01,  5.423911233688678E-04,  3.711850933216307E-03,  6.667851014097988E-06
A.D. 2009-Jul-01,  1.997372516734015E+01, -2.220418454675663E+00, -2.669614815671588E-01,  4.098554385876684E-04,  3.730202075931775E-03,  8.550303405110260E-06
A.D. 2010-Jan-01,  2.003662160985980E+01, -1.532729746625134E+00, -2.652301193015589E-01,  2.736879024695629E-04,  3.743853121668733E-03,  1.031328406315517E-05
A.D. 2010-Jul-01,  2.007402296641232E+01, -8.542571870439741E-01, -2.632009266485063E-01,  1.395269882670259E-04,  3.752268121085436E-03,  1.209891106117702E-05
A.D. 2011-Jan-01,  2.008707024840636E+01, -1.634226039400943E-01, -2.608091437166915E-01,  2.168999312403084E-06,  3.755782254198884E-03,  1.395162461845206E-05
A.D. 2011-Jul-01,  2.007530439890751E+01,  5.162946403239183E-01, -2.581335825647472E-01, -1.323705182259061E-04,  3.754109911409763E-03,  1.557622381580020E-05
A.D. 2012-Jan-01,  2.003835241651739E+01,  1.206502500060663E+00, -2.550900314487537E-01, -2.693534007777387E-04,  3.747319146065113E-03,  1.746636104863218E-05
A.D. 2012-Jul-01,  1.997710203131640E+01,  1.887495733825713E+00, -2.517618907901017E-01, -4.037538577955166E-04,  3.735484058078874E-03,  1.900949467347729E-05
A.D. 2013-Jan-01,  1.989033553686629E+01,  2.573356697513316E+00, -2.480817970082707E-01, -5.391209572165876E-04,  3.718636756096119E-03,  2.093481058137225E-05
A.D. 2013-Jul-01,  1.978078470923744E+01,  3.244583721976427E+00, -2.441585540441310E-01, -6.712904629826084E-04,  3.697463211934275E-03,  2.238923545228422E-05
A.D. 2014-Jan-01,  1.964501108233592E+01,  3.922599714010889E+00, -2.398682778704100E-01, -8.044780142203441E-04,  3.671403695429955E-03,  2.414155632311671E-05
A.D. 2014-Jul-01,  1.948765745662708E+01,  4.584468882414506E+00, -2.353581764465030E-01, -9.342356905805730E-04,  3.641496882188215E-03,  2.561773018484686E-05
A.D. 2015-Jan-01,  1.930372948574055E+01,  5.251363141601141E+00, -2.304848194366090E-01, -1.064843942835524E-03,  3.606678602904045E-03,  2.714963155534937E-05
A.D. 2015-Jul-01,  1.909946061069742E+01,  5.900753567215234E+00, -2.254145793973256E-01, -1.191991708295930E-03,  3.568312606051238E-03,  2.871427549975613E-05
A.D. 2016-Jan-01,  1.886832697501714E+01,  6.553427710156804E+00, -2.199860688505784E-01, -1.320034940364669E-03,  3.525110804677493E-03,  3.005269881512700E-05
A.D. 2016-Jul-01,  1.861667608440128E+01,  7.190820815900707E+00, -2.143517337418917E-01, -1.445114633137022E-03,  3.478482569446366E-03,  3.169880626831919E-05
A.D. 2017-Jan-01,  1.833923817235877E+01,  7.826215795254698E+00, -2.083948308557905E-01, -1.570450355284121E-03,  3.427252440667601E-03,  3.293836734334015E-05
A.D. 2017-Jul-01,  1.804400874568144E+01,  8.441669648719559E+00, -2.022849269748551E-01, -1.691537629900598E-03,  3.372820712583405E-03,  3.440125615121241E-05
A.D. 2018-Jan-01,  1.772148474349857E+01,  9.056872490184537E+00, -1.958275925449724E-01, -1.813755021691185E-03,  3.313451755020171E-03,  3.562931533638551E-05
A.D. 2018-Jul-01,  1.738248054554672E+01,  9.651022258883591E+00, -1.892385284302238E-01, -1.931685703240914E-03,  3.251042012758376E-03,  3.699431501084609E-05
A.D. 2019-Jan-01,  1.701606594744671E+01,  1.024310067538888E+01, -1.823075172345839E-01, -2.050576574185661E-03,  3.183675222662487E-03,  3.824753204306947E-05
A.D. 2019-Jul-01,  1.663450947955335E+01,  1.081304866422543E+01, -1.752658092288165E-01, -2.165124467872898E-03,  3.113409833259095E-03,  3.949314603933409E-05
A.D. 2020-Jan-01,  1.622549696932564E+01,  1.137903567010707E+01, -1.678873902475384E-01, -2.280097293712767E-03,  3.037887411682020E-03,  4.074765947081279E-05
A.D. 2020-Jul-01,  1.580032774868985E+01,  1.192480364286438E+01, -1.603769052273346E-01, -2.391575918780927E-03,  2.958993951199416E-03,  4.173902524511943E-05
A.D. 2021-Jan-01,  1.535003483006766E+01,  1.246160081085612E+01, -1.525758683582716E-01, -2.502208333588886E-03,  2.874898087035552E-03,  4.291489448786200E-05
A.D. 2021-Jul-01,  1.488742997598142E+01,  1.297416716095778E+01, -1.447056576290538E-01, -2.608842679859845E-03,  2.788039367327513E-03,  4.403170150293633E-05
A.D. 2022-Jan-01,  1.439762511806169E+01,  1.347871711708639E+01, -1.365118449964017E-01, -2.714502850420765E-03,  2.695281866470785E-03,  4.502891794856340E-05
A.D. 2022-Jul-01,  1.389707912314916E+01,  1.395798229986253E+01, -1.282707045786443E-01, -2.815829551375361E-03,  2.599845743398500E-03,  4.615888719362976E-05
A.D. 2023-Jan-01,  1.336974337554064E+01,  1.442706363500165E+01, -1.197164230589147E-01, -2.915381110985832E-03,  2.498161887183873E-03,  4.696271665375711E-05
A.D. 2023-Jul-01,  1.283341620813924E+01,  1.486985814937798E+01, -1.111391234175667E-01, -3.010140399486412E-03,  2.394012006724073E-03,  4.800662167342776E-05
A.D. 2024-Jan-01,  1.227099163549764E+01,  1.530029309614630E+01, -1.022644969692191E-01, -3.102490690027393E-03,  2.283839012795254E-03,  4.864988957666269E-05
A.D. 2024-Jul-01,  1.169833525593254E+01,  1.570575678694319E+01, -9.334512308064719E-02, -3.189654222976512E-03,  2.171141712857498E-03,  4.954966557433769E-05
A.D. 2025-Jan-01,  1.110363454620246E+01,  1.609448586116569E+01, -8.419792041317807E-02, -3.273723089418762E-03,  2.053528295468295E-03,  5.008710882168841E-05
A.D. 2025-Jul-01,  1.050397623244080E+01,  1.645543728466803E+01, -7.508519786589339E-02, -3.351575538661900E-03,  1.934532165294942E-03,  5.077041354284068E-05
A.D. 2026-Jan-01,  9.880317111154046E+00,  1.680001431986435E+01, -6.571931980676517E-02, -3.426468713842820E-03,  1.810411449068960E-03,  5.129069337357309E-05
A.D. 2026-Jul-01,  9.253835744591081E+00,  1.711642864308014E+01, -5.641881959182671E-02, -3.495205646656558E-03,  1.685486611626620E-03,  5.161370477477876E-05
A.D. 2027-Jan-01,  8.604629154087725E+00,  1.741469069353185E+01, -4.689031890281030E-02, -3.560682798518751E-03,  1.555946108404251E-03,  5.211825335919267E-05
A.D. 2027-Jul-01,  7.954728790309429E+00,  1.768459671334652E+01, -3.745784280032580E-02, -3.620002231251146E-03,  1.426139697265627E-03,  5.215219300586683E-05
A.D. 2028-Jan-01,  7.283463467825564E+00,  1.793469202026634E+01, -2.782275676495197E-02, -3.675697305571272E-03,  1.291969421734862E-03,  5.258671495241226E-05
A.D. 2028-Jul-01,  6.609864519431281E+00,  1.815756990524849E+01, -1.826004099705947E-02, -3.725883612759527E-03,  1.157139901175974E-03,  5.261088964960874E-05
A.D. 2029-Jan-01,  5.920017504242174E+00,  1.835778618255331E+01, -8.572592382889216E-03, -3.771643853902163E-03,  1.018791030810612E-03,  5.278474429784286E-05
A.D. 2029-Jul-01,  5.233625254261704E+00,  1.852974921024545E+01,  9.617114741870202E-04, -3.812138235477987E-03,  8.810952967708507E-04,  5.263824831675893E-05
A.D. 2030-Jan-01,  4.528829449332404E+00,  1.867887168018101E+01,  1.064714882007205E-02, -3.848118688382664E-03,  7.394402437412475E-04,  5.258638191265550E-05
A.D. 2030-Jul-01,  3.829497493658261E+00,  1.879998544850616E+01,  2.015398397622869E-02, -3.878731948327653E-03,  5.987316600127455E-04,  5.243137203651581E-05
A.D. 2031-Jan-01,  3.113349582813863E+00,  1.889686754363402E+01,  2.978589363470999E-02, -3.904774886423739E-03,  4.541619745394561E-04,  5.214833120521569E-05
A.D. 2031-Jul-01,  2.404635955588983E+00,  1.896610315240452E+01,  3.921580901867541E-02, -3.925466974099976E-03,  3.107694615093786E-04,  5.198578323704353E-05
A.D. 2032-Jan-01,  1.680779726993478E+00,  1.900979305389343E+01,  4.874443484482112E-02, -3.941701878277685E-03,  1.637907642254848E-04,  5.151881742472046E-05
A.D. 2032-Jul-01,  9.623413474053983E-01,  1.902630471811779E+01,  5.810047846364270E-02, -3.952471531980094E-03,  1.744042365228631E-05,  5.114682484259679E-05
A.D. 2033-Jan-01,  2.344697794260342E-01,  1.901583165162764E+01,  6.747706979551166E-02, -3.958549761917125E-03, -1.314743383143446E-04,  5.069487200155258E-05
A.D. 2033-Jul-01, -4.821038332681897E-01,  1.897868463057462E+01,  7.660963345579086E-02, -3.958646558368800E-03, -2.789663911843505E-04,  5.009353827846278E-05
A.D. 2034-Jan-01, -1.210158078373096E+00,  1.891349900968482E+01,  8.578761209195082E-02, -3.953992057279389E-03, -4.297025191870927E-04,  4.959836061968619E-05
A.D. 2034-Jul-01, -1.924953088565740E+00,  1.882223854458974E+01,  9.470079480828786E-02, -3.943304075775967E-03, -5.787813398940196E-04,  4.879242526977456E-05
A.D. 2035-Jan-01, -2.649129563962061E+00,  1.870178840202758E+01,  1.036300557877626E-01, -3.927147863222663E-03, -7.306958596829787E-04,  4.822272014616515E-05
A.D. 2035-Jul-01, -3.357994413342841E+00,  1.855598125782660E+01,  1.122717643747038E-01, -3.904764498732895E-03, -8.804045810754817E-04,  4.719973227855762E-05
A.D. 2036-Jan-01, -4.073919187984272E+00,  1.837998922892590E+01,  1.208972633299389E-01, -3.876024175665725E-03, -1.032501626894136E-03,  4.647341465130038E-05
A.D. 2036-Jul-01, -4.776254530861003E+00,  1.817838983797056E+01,  1.292562660125871E-01, -3.840915258746485E-03, -1.182598830633312E-03,  4.535011359319208E-05
A.D. 2037-Jan-01, -5.479247922134537E+00,  1.794689767232081E+01,  1.375170824947478E-01, -3.799060272723092E-03, -1.333547548186206E-03,  4.429367228398203E-05
A.D. 2037-Jul-01, -6.162680355142711E+00,  1.769219486330626E+01,  1.454407875622972E-01, -3.751577189516040E-03, -1.480666153245185E-03,  4.319468867526320E-05
A.D. 2038-Jan-01, -6.848028626397765E+00,  1.740612734366550E+01,  1.532752994044899E-01, -3.696865052400649E-03, -1.628611541933961E-03,  4.184480424935504E-05
A.D. 2038-Jul-01, -7.511800641707707E+00,  1.709832850733344E+01,  1.607498737427783E-01, -3.636703045510530E-03, -1.772027786791418E-03,  4.067605163632940E-05
A.D. 2039-Jan-01, -8.174860580967222E+00,  1.675902718579787E+01,  1.680984452195797E-01, -3.569462496734252E-03, -1.915577137508998E-03,  3.905926475438501E-05
A.D. 2039-Jul-01, -8.814492238255120E+00,  1.639972476472560E+01,  1.750677475999940E-01, -3.497183093761005E-03, -2.054083879836588E-03,  3.782018967788288E-05
A.D. 2040-Jan-01, -9.450812750344840E+00,  1.600905731448724E+01,  1.818754555522479E-01, -3.418249544927858E-03, -2.191948445341987E-03,  3.602598406915155E-05
A.D. 2040-Jul-01, -1.006536839120150E+01,  1.559797415366315E+01,  1.883223458225514E-01, -3.334148789332169E-03, -2.324962099650000E-03,  3.462743807185591E-05
A.D. 2041-Jan-01, -1.067064099917680E+01,  1.515808561737720E+01,  1.945375811840471E-01, -3.244084962798513E-03, -2.455882057992440E-03,  3.291408839932971E-05
A.D. 2041-Jul-01, -1.124934415271181E+01,  1.470216941278178E+01,  2.003454971796947E-01, -3.149611111470246E-03, -2.581088055015225E-03,  3.117908317938183E-05
A.D. 2042-Jan-01, -1.181971526405874E+01,  1.421583928236373E+01,  2.059273450800793E-01, -3.049063752339674E-03, -2.704444453881659E-03,  2.943451867901016E-05
A.D. 2042-Jul-01, -1.236225429588849E+01,  1.371565336446411E+01,  2.110930999340215E-01, -2.944907922244942E-03, -2.821784916676018E-03,  2.756050558263565E-05
A.D. 2043-Jan-01, -1.289407402036101E+01,  1.318582620577529E+01,  2.160047757429905E-01, -2.834780792776058E-03, -2.936685729655724E-03,  2.579308274472615E-05
A.D. 2043-Jul-01, -1.339701498790120E+01,  1.264439108072872E+01,  2.204953104341062E-01, -2.721846256647347E-03, -3.045294275545788E-03,  2.384717523277004E-05
A.D. 2044-Jan-01, -1.388696481953057E+01,  1.207424447314334E+01,  2.247072520201884E-01, -2.602828173934762E-03, -3.151213860787386E-03,  2.201429765857187E-05
A.D. 2044-Jul-01, -1.434968762437897E+01,  1.149152812639574E+01,  2.285170994392231E-01, -2.481196867161990E-03, -3.251361725118084E-03,  1.996243785588468E-05
A.D. 2045-Jan-01, -1.479463648879029E+01,  1.088432286370024E+01,  2.320045587049134E-01, -2.354300243428980E-03, -3.348023080221168E-03,  1.785344084917913E-05
A.D. 2045-Jul-01, -1.520922903078937E+01,  1.027010162576907E+01,  2.350722165275601E-01, -2.226039024128222E-03, -3.438248236175467E-03,  1.605530093312267E-05
A.D. 2046-Jan-01, -1.560654716653582E+01,  9.629401663584671E+00,  2.378189151203064E-01, -2.091940261782619E-03, -3.525233987598479E-03,  1.383519076358577E-05
A.D. 2046-Jul-01, -1.597299921584435E+01,  8.983964097889753E+00,  2.401502115235756E-01, -1.956629885257325E-03, -3.605770059871255E-03,  1.205094474884565E-05
A.D. 2047-Jan-01, -1.632010252925885E+01,  8.313334336160676E+00,  2.421408181076486E-01, -1.815576756264675E-03, -3.682766866708953E-03,  9.764938880249193E-06
A.D. 2047-Jul-01, -1.663592479359433E+01,  7.640284033679225E+00,  2.437213326608366E-01, -1.673496201431868E-03, -3.753255862418653E-03,  7.872482112183124E-06
A.D. 2048-Jan-01, -1.693032222434177E+01,  6.943513730054428E+00,  2.449403856069718E-01, -1.525953115055632E-03, -3.819462372126052E-03,  5.600341921327780E-06
A.D. 2048-Jul-01, -1.719448971988895E+01,  6.242855836439717E+00,  2.457578376548120E-01, -1.376543768994119E-03, -3.879094901053677E-03,  3.519052985932903E-06
A.D. 2049-Jan-01, -1.743368059295669E+01,  5.524029245739627E+00,  2.461874940060062E-01, -1.222928013513213E-03, -3.933224473928953E-03,  1.407130771819341E-06
A.D. 2049-Jul-01, -1.764112073126473E+01,  4.807746268206806E+00,  2.462185621630116E-01, -1.068906792288402E-03, -3.980248049109585E-03, -8.576213137619638E-07
A.D. 2050-Jan-01, -1.782323647472261E+01,  4.071476789639214E+00,  2.458492165219830E-01, -9.102321082218556E-04, -4.021498557985993E-03, -2.888453673827738E-06
A.D. 2050-Jul-01, -1.797369972637416E+01,  3.340408117255377E+00,  2.450902935860189E-01, -7.521397535048132E-04, -4.055415115293856E-03, -5.323428091846654E-06
A.D. 2051-Jan-01, -1.809718005648957E+01,  2.591585800398668E+00,  2.439159669308672E-01, -5.899638160665509E-04, -4.082911776427401E-03, -7.298067096720286E-06
A.D. 2051-Jul-01, -1.818940021938258E+01,  1.850648908104927E+00,  2.423649265946349E-01, -4.291944384399191E-04, -4.103016697559528E-03, -9.770561340535189E-06
A.D. 2052-Jan-01, -1.825324574370127E+01,  1.094349519346856E+00,  2.403880322993404E-01, -2.649008829969325E-04, -4.116405479508707E-03, -1.175828309742481E-05
A.D. 2052-Jul-01, -1.828663206968879E+01,  3.444742517978926E-01,  2.380380202985199E-01, -1.021069344063460E-04, -4.122603740843468E-03, -1.394998228926109E-05
A.D. 2053-Jan-01, -1.829026877743414E+01, -4.141271569554938E-01,  2.352682613399230E-01,  6.246689295467260E-05, -4.121897921863193E-03, -1.611181783237709E-05
A.D. 2053-Jul-01, -1.826433774054780E+01, -1.159593359667955E+00,  2.321609529648451E-01,  2.238295200387942E-04, -4.114147067778962E-03, -1.821960882765270E-05
A.D. 2054-Jan-01, -1.820809578783659E+01, -1.915327521495405E+00,  2.286200692932833E-01,  3.870251140580821E-04, -4.099282670686610E-03, -2.037250571607051E-05
A.D. 2054-Jul-01, -1.812355512530698E+01, -2.655465691728330E+00,  2.247676128454693E-01,  5.466614696141403E-04, -4.077804036813911E-03, -2.232419788480842E-05
A.D. 2055-Jan-01, -1.800817102078019E+01, -3.403266538723893E+00,  2.204843931451235E-01,  7.070732729064270E-04, -4.049287025660320E-03, -2.441524155223471E-05
A.D. 2055-Jul-01, -1.786600903976901E+01, -4.133169490096725E+00,  2.159192848485157E-01,  8.634748647573828E-04, -4.014782003090798E-03, -2.620752952782914E-05
A.D. 2056-Jan-01, -1.769273068220277E+01, -4.868152674689909E+00,  2.109301168602170E-01,  1.019611307068717E-03, -3.973250341166766E-03, -2.815463102502664E-05
A.D. 2056-Jul-01, -1.749323086363636E+01, -5.587072652511393E+00,  2.056612840734003E-01,  1.172081891161696E-03, -3.926016551581100E-03, -2.997727134007935E-05
A.D. 2057-Jan-01, -1.726361037358401E+01, -6.304598388755159E+00,  2.000073942137444E-01,  1.323086492914856E-03, -3.872266464430315E-03, -3.158453812013948E-05
A.D. 2057-Jul-01, -1.701083732603727E+01, -7.000295375354327E+00,  1.941376916771958E-01,  1.469372258794219E-03, -3.813947726249189E-03, -3.340268755752962E-05
A.D. 2058-Jan-01, -1.672708143747299E+01, -7.696188625717052E+00,  1.878685873550627E-01,  1.614544689731249E-03, -3.749252458319092E-03, -3.485548023368696E-05
A.D. 2058-Jul-01, -1.642213976033010E+01, -8.368664024930627E+00,  1.814172125981179E-01,  1.754597753718417E-03, -3.680596107758618E-03, -3.650809128734317E-05
A.D. 2059-Jan-01, -1.608647857188263E+01, -9.039063749111408E+00,  1.745806263994828E-01,  1.893518294381558E-03, -3.605745226018574E-03, -3.786227570205523E-05
A.D. 2059-Jul-01, -1.573160357991552E+01, -9.684670326071926E+00,  1.675930815827127E-01,  2.027211266300323E-03, -3.527236751920399E-03, -3.934932696873841E-05
A.D. 2060-Jan-01, -1.534634661754119E+01, -1.032597317480628E+01,  1.602342112046578E-01,  2.159866059716456E-03, -3.442663482722036E-03, -4.067887610474902E-05
A.D. 2060-Jul-01, -1.494157349991260E+01, -1.094457686821896E+01,  1.527122098592704E-01,  2.287822761458457E-03, -3.354271388322241E-03, -4.200262300520157E-05
A.D. 2061-Jan-01, -1.450902317919044E+01, -1.155317372221370E+01,  1.448730204380548E-01,  2.413450346944676E-03, -3.260224415575524E-03, -4.337996383743054E-05
A.D. 2061-Jul-01, -1.406128175999140E+01, -1.213453393763348E+01,  1.369415081653620E-01,  2.533505924814509E-03, -3.162944616487712E-03, -4.434776258076554E-05
A.D. 2062-Jan-01, -1.358421190439100E+01, -1.270704776133280E+01,  1.286661278077786E-01,  2.651346400672256E-03, -3.059416433396169E-03, -4.566228372648416E-05
A.D. 2062-Jul-01, -1.309410064132140E+01, -1.325124857602518E+01,  1.203280383737197E-01,  2.763496196856975E-03, -2.953037429956060E-03, -4.650610919113056E-05
A.D. 2063-Jan-01, -1.257549609955666E+01, -1.378433421896604E+01,  1.116628773122642E-01,  2.872735178102305E-03, -2.840608753579776E-03, -4.769273517560197E-05
A.D. 2063-Jul-01, -1.204612222020810E+01, -1.428816979550367E+01,  1.029660005053416E-01,  2.976020664450170E-03, -2.725875082042873E-03, -4.845115813632519E-05
A.D. 2064-Jan-01, -1.148930809197476E+01, -1.477867619174037E+01,  9.396153097915519E-02,  3.075559755880120E-03, -2.605211789582439E-03, -4.942393740976352E-05
A.D. 2064-Jul-01, -1.092093376521350E+01, -1.524166676840515E+01,  8.490710571550220E-02,  3.169418209477267E-03, -2.482037742875169E-03, -5.008856994689096E-05
A.D. 2065-Jan-01, -1.032946596716452E+01, -1.568661992676817E+01,  7.561697300741008E-02,  3.258667590975491E-03, -2.353909150686507E-03, -5.075358038701066E-05
A.D. 2065-Jul-01, -9.732075996129900E+00, -1.610103981102557E+01,  6.635994865078887E-02,  3.341417792007828E-03, -2.224645309134798E-03, -5.144054581928386E-05
A.D. 2066-Jan-01, -9.109982074467114E+00, -1.649805858390296E+01,  5.684380345987785E-02,  3.419711073622528E-03, -2.090304908977747E-03, -5.191726626560932E-05
A.D. 2066-Jul-01, -8.484484307838720E+00, -1.686424053713557E+01,  4.739394342354613E-02,  3.491097664120448E-03, -1.955472303488373E-03, -5.243952930539763E-05
A.D. 2067-Jan-01, -7.835916523052612E+00, -1.721123319160994E+01,  3.771289048527453E-02,  3.557741069384895E-03, -1.816012988898995E-03, -5.275138302959242E-05
A.D. 2067-Jul-01, -7.186489875770578E+00, -1.752734766358503E+01,  2.813128619550388E-02,  3.617295772840830E-03, -1.676648256091032E-03, -5.302917652298623E-05
A.D. 2068-Jan-01, -6.515793029954165E+00, -1.782269474406414E+01,  1.834899646444731E-02,  3.671973944229083E-03, -1.533407870137736E-03, -5.321360703468307E-05
A.D. 2068-Jul-01, -5.843068610931152E+00, -1.808878592533617E+01,  8.646482134757726E-03,  3.719791183913674E-03, -1.390335150088130E-03, -5.330740429194444E-05
A.D. 2069-Jan-01, -5.154657568770694E+00, -1.833123040878109E+01, -1.171855447573244E-03,  3.762061439735853E-03, -1.244867563585255E-03, -5.344840086784168E-05
A.D. 2069-Jul-01, -4.470416421289389E+00, -1.854353703121256E+01, -1.082452806770879E-02,  3.797727369868549E-03, -1.101033251093346E-03, -5.320457370015302E-05
A.D. 2070-Jan-01, -3.768754922907073E+00, -1.873264189703582E+01, -2.061512208296171E-02,  3.828008346643866E-03, -9.545800200848173E-04, -5.315608533112332E-05
A.D. 2070-Jul-01, -3.073584916491152E+00, -1.889238077074599E+01, -3.021043808993895E-02,  3.852436127155991E-03, -8.104086452317046E-04, -5.276960925656737E-05
A.D. 2071-Jan-01, -2.362885358294106E+00, -1.902804186471714E+01, -3.991421018671693E-02,  3.871619839707025E-03, -6.641500019139647E-04, -5.251143049264873E-05
A.D. 2071-Jul-01, -1.660787521643905E+00, -1.913527029014245E+01, -4.939723535312816E-02,  3.885539531188341E-03, -5.206208588514653E-04, -5.211200147752062E-05
A.D. 2072-Jan-01, -9.449646812984327E-01, -1.921766529140107E+01, -5.896237168088002E-02,  3.894237500975571E-03, -3.751276904279217E-04, -5.161963812325647E-05
A.D. 2072-Jul-01, -2.357519507180149E-01, -1.927287583210856E+01, -6.833751941725630E-02,  3.898334012794216E-03, -2.316391557368918E-04, -5.120688323601935E-05
A.D. 2073-Jan-01,  4.815287298624686E-01, -1.930217879583519E+01, -7.771874424433792E-02,  3.897331412776155E-03, -8.700472938609340E-05, -5.052251300031843E-05
A.D. 2073-Jul-01,  1.186510558408140E+00, -1.930510751913261E+01, -8.684126953983959E-02,  3.891660589444473E-03,  5.474316314002786E-05, -5.006746284770884E-05
A.D. 2074-Jan-01,  1.901665434834293E+00, -1.928183722265194E+01, -9.599732365690482E-02,  3.880995103439478E-03,  1.981375595312686E-04, -4.924820691711905E-05
A.D. 2074-Jul-01,  2.602807501909520E+00, -1.923326531948363E+01, -1.048787564096542E-01,  3.865612516662374E-03,  3.385286901788157E-04, -4.874770809231041E-05
A.D. 2075-Jan-01,  3.312279373107669E+00, -1.915789452165341E+01, -1.137695508190351E-01,  3.845076568466321E-03,  4.804468846877010E-04, -4.783849322418332E-05
A.D. 2075-Jul-01,  4.006067798315520E+00, -1.905836672078657E+01, -1.223703947107192E-01,  3.820017221109371E-03,  6.191998448052163E-04, -4.719551091002024E-05
A.D. 2076-Jan-01,  4.706259448886917E+00, -1.893154947693302E+01, -1.309552836316965E-01,  3.789682253047786E-03,  7.590718859043454E-04, -4.625886009389343E-05
A.D. 2076-Jul-01,  5.392894592621022E+00, -1.878091762911705E+01, -1.392801542128851E-01,  3.754799903713294E-03,  8.961859011680103E-04, -4.527882897703548E-05
A.D. 2077-Jan-01,  6.080150321311866E+00, -1.860338243672257E+01, -1.475167005153748E-01,  3.714392844806009E-03,  1.033269552482499E-03, -4.427823664776596E-05
A.D. 2077-Jul-01,  6.748524523426412E+00, -1.840427285555608E+01, -1.554328870817577E-01,  3.669964285919564E-03,  1.166555275654781E-03, -4.326857347923442E-05
A.D. 2078-Jan-01,  7.419269103602099E+00, -1.817728393261841E+01, -1.632806922843469E-01,  3.619570816855497E-03,  1.300284356554247E-03, -4.216331237861074E-05
A.D. 2078-Jul-01,  8.069636420533714E+00, -1.793018596309871E+01, -1.707935820215710E-01,  3.565728462816954E-03,  1.429842868979013E-03, -4.101788494425278E-05
A.D. 2079-Jan-01,  8.720287186303441E+00, -1.765515168106082E+01, -1.782106626414525E-01,  3.505603764464668E-03,  1.559302837197191E-03, -3.978961796620585E-05
A.D. 2079-Jul-01,  9.349143162553087E+00, -1.736159440110309E+01, -1.852787617707867E-01,  3.442350283216079E-03,  1.684090665645408E-03, -3.850518593424073E-05
A.D. 2080-Jan-01,  9.976182307750657E+00, -1.704023611593767E+01, -1.922234252472740E-01,  3.372637617058349E-03,  1.808291923293593E-03, -3.711876560186116E-05
A.D. 2080-Jul-01,  1.058343401040336E+01, -1.670016668285444E+01, -1.988428285886181E-01,  3.299625090029055E-03,  1.928175961214757E-03, -3.579329067770186E-05
A.D. 2081-Jan-01,  1.118341432077887E+01, -1.633446886598159E+01, -2.052738287505524E-01,  3.221072025851891E-03,  2.046136026191730E-03, -3.425607190014304E-05
A.D. 2081-Jul-01,  1.175916631809277E+01, -1.595389699760174E+01, -2.113338592428614E-01,  3.140160558145427E-03,  2.158615348748586E-03, -3.285942788962037E-05
A.D. 2082-Jan-01,  1.232903323895047E+01, -1.554647816529081E+01, -2.172161446515092E-01,  3.053654147062710E-03,  2.269162223153241E-03, -3.126857234485569E-05
A.D. 2082-Jul-01,  1.287376870614302E+01, -1.512620493082961E+01, -2.227213698910433E-01,  2.965210126601640E-03,  2.374082453272716E-03, -2.968369490757326E-05
A.D. 2083-Jan-01,  1.341079826146533E+01, -1.467984208251621E+01, -2.280259006668356E-01,  2.871789936859703E-03,  2.476775300196077E-03, -2.808922965934193E-05
A.D. 2083-Jul-01,  1.392205352952474E+01, -1.422268318712363E+01, -2.329521613328722E-01,  2.777059233236856E-03,  2.574029426535350E-03, -2.636348732016325E-05
A.D. 2084-Jan-01,  1.442395363781023E+01, -1.374027088672578E+01, -2.376586590511757E-01,  2.678038278117865E-03,  2.668884715011970E-03, -2.481887792386414E-05
A.D. 2084-Jul-01,  1.490223808227374E+01, -1.324629025950924E+01, -2.420124323355276E-01,  2.577662339325306E-03,  2.758948528708335E-03, -2.310975504171766E-05
A.D. 2085-Jan-01,  1.536695755194904E+01, -1.273055341268839E+01, -2.461059042442416E-01,  2.473486239684854E-03,  2.846151085602221E-03, -2.152876556357050E-05
A.D. 2085-Jul-01,  1.580521639476353E+01, -1.220789700060994E+01, -2.498285861834115E-01,  2.368950219884954E-03,  2.928400776340970E-03, -1.964877515558863E-05
A.D. 2086-Jan-01,  1.623112123353438E+01, -1.166164139194819E+01, -2.533020844578778E-01,  2.260112136444206E-03,  3.008392458712224E-03, -1.805291587095547E-05
A.D. 2086-Jul-01,  1.663038148338449E+01, -1.111027210606104E+01, -2.564109511455500E-01,  2.151201181570355E-03,  3.083590563651590E-03, -1.622159217504443E-05
A.D. 2087-Jan-01,  1.701582082992644E+01, -1.053615124272795E+01, -2.592566745119425E-01,  2.038014877815339E-03,  3.156298350394192E-03, -1.456570944772046E-05
A.D. 2087-Jul-01,  1.737448522172391E+01, -9.958675845454771E+00, -2.617441184282752E-01,  1.924860720942626E-03,  3.224180587623164E-03, -1.282920681796697E-05
A.D. 2088-Jan-01,  1.771787343839217E+01, -9.359351946603795E+00, -2.639546900312547E-01,  1.807354711349757E-03,  3.289476218188233E-03, -1.106613462743078E-05
A.D. 2088-Jul-01,  1.803610711869170E+01, -8.755066972470280E+00, -2.658232966590263E-01,  1.689376860505761E-03,  3.350378181641873E-03, -9.294604359329887E-06
A.D. 2089-Jan-01,  1.833579847468816E+01, -8.133220509144376E+00, -2.673897623529695E-01,  1.567861352801138E-03,  3.408086962402972E-03, -7.537468919746845E-06
A.D. 2089-Jul-01,  1.860862840068100E+01, -7.511521542606490E+00, -2.686120715518541E-01,  1.446531123664000E-03,  3.461024613294430E-03, -5.825047257710789E-06
A.D. 2090-Jan-01,  1.886328043913714E+01, -6.870061261421169E+00, -2.695285277904920E-01,  1.321258135512543E-03,  3.510688923481593E-03, -4.036221354437823E-06
A.D. 2090-Jul-01,  1.909111779764600E+01, -6.230509000250584E+00, -2.701080567127103E-01,  1.196118092677704E-03,  3.555527436071781E-03, -2.303763925740598E-06
A.D. 2091-Jan-01,  1.929935828538910E+01, -5.572410324705696E+00, -2.703673139529121E-01,  1.067157240186631E-03,  3.596800966351970E-03, -5.067007917973965E-07
A.D. 2091-Jul-01,  1.948090595705036E+01, -4.918026788632665E+00, -2.702973389886232E-01,  9.385885164789839E-04,  3.633229809391171E-03,  1.312939524457642E-06
A.D. 2092-Jan-01,  1.964147294866005E+01, -4.246462099622526E+00, -2.698927430232356E-01,  8.064308435192925E-04,  3.665591884987979E-03,  3.092399815398477E-06
A.D. 2092-Jul-01,  1.977622892778371E+01, -3.576777077721881E+00, -2.691615251940356E-01,  6.742031448561429E-04,  3.692957556800468E-03,  4.961372592820797E-06
A.D. 2093-Jan-01,  1.988789008103589E+01, -2.895113932149747E+00, -2.680856536233568E-01,  5.393153877380637E-04,  3.715569686715004E-03,  6.761293832293446E-06
A.D. 2093-Jul-01,  1.997343306108294E+01, -2.220947857334162E+00, -2.666976467564826E-01,  4.057406420982688E-04,  3.732954501693933E-03,  8.607750764720539E-06
A.D. 2094-Jan-01,  2.003554447640654E+01, -1.532839070558055E+00, -2.649517255749519E-01,  2.691489674267860E-04,  3.745510670817314E-03,  1.044169892350970E-05
A.D. 2094-Jul-01,  2.007211417286362E+01, -8.541754194084799E-01, -2.629063629884487E-01,  1.347344088554834E-04,  3.752823432531707E-03,  1.224539389513507E-05
A.D. 2095-Jan-01,  2.008432388104368E+01, -1.633801698150650E-01, -2.604966222607540E-01, -2.081928716108555E-06,  3.755051753037410E-03,  1.410868148022701E-05
A.D. 2095-Jul-01,  2.007181144079623E+01,  5.160884262628914E-01, -2.578042962821269E-01, -1.361377319195431E-04,  3.752243632785796E-03,  1.577475625792350E-05
A.D. 2096-Jan-01,  2.003424040815967E+01,  1.205871355592168E+00, -2.547456482031890E-01, -2.721808354771850E-04,  3.744508835512456E-03,  1.765586910978552E-05
A.D. 2096-Jul-01,  1.997255244550313E+01,  1.886319378212479E+00, -2.514060219074677E-01, -4.056984104980039E-04,  3.732174092610435E-03,  1.918616047359522E-05
A.D. 2097-Jan-01,  1.988553577506239E+01,  2.571553608582166E+00, -2.477187218578029E-01, -5.400412177641837E-04,  3.715185039962169E-03,  2.096903468041426E-05
A.D. 2097-Jul-01,  1.977592178910858E+01,  3.242145610059517E+00, -2.437923729869737E-01, -6.710718597805451E-04,  3.694118578864594E-03,  2.247524092292671E-05
A.D. 2098-Jan-01,  1.964024851766398E+01,  3.919552765951261E+00, -2.395029797246410E-01, -8.034083844857036E-04,  3.668301474436964E-03,  2.418099598855193E-05
A.D. 2098-Jul-01,  1.948313103140196E+01,  4.580897158225953E+00, -2.349971996253089E-01, -9.325009995352022E-04,  3.638739370805111E-03,  2.560303132750855E-05
A.D. 2099-Jan-01,  1.929955773794593E+01,  5.247357620730055E+00, -2.301318379139911E-01, -1.062773056002178E-03,  3.604545814791133E-03,  2.719499933020377E-05
A.D. 2099-Jul-01,  1.909572063244709E+01,  5.896434904095725E+00, -2.250723845087896E-01, -1.189611476100098E-03,  3.566938172393013E-03,  2.858892739411942E-05
A.D. 2100-Jan-01,  1.886506879579828E+01,  6.548916397740943E+00, -2.196567779514163E-01, -1.317510207079469E-03,  3.524569878566974E-03,  3.004089324778312E-05
