julian, epoch, x, y, z, vx, vy, vz, LT, RG, RR
2433282.500000000, A.D. 1950-Jan-01,  9.538514900550472E-02,  7.184075954821765E-01,  4.213831716222069E-03, -2.123099674475670E-02,  2.816754292748152E-03,  1.342060299234444E-03,  4.185659457176455E-03,  7.247244692122775E-01,  5.672647898532170E-06

2433463.500000000, A.D. 1950-Jul-01,  7.051608330626037E-01,  1.596270991274744E-01, -3.833452154920883E-02, -5.375564077811292E-03,  1.902338845999052E-02,  6.190094840496697E-04,  4.181579560262562E-03,  7.240180569597726E-01, -1.074169839794668E-03

2433647.500000000, A.D. 1951-Jan-01,  4.424833571997015E-01, -5.770359241018190E-01, -3.315737526228534E-02,  1.646617757452639E-02,  1.137958378513129E-02, -8.554419545334318E-04,  4.204090962330150E-03,  7.279157854017475E-01,  1.027515975030452E-03

2433828.500000000, A.D. 1951-Jul-01, -3.781439052195673E-01, -6.231848810514008E-01,  1.337628594585293E-02,  1.825361505037687E-02, -1.080649016843024E-02, -1.277724254080339E-03,  4.210709892969935E-03,  7.290618177160693E-01, -2.539471822710081E-04

2434012.500000000, A.D. 1952-Jan-01, -7.086944002152072E-01,  8.498592947189841E-02,  4.177131273080235E-02, -2.339165584764057E-03, -1.903532178581904E-02, -1.144285357390005E-04,  4.129456041142581E-03,  7.149931493880549E-01,  4.928607527553056E-05

2434194.500000000, A.D. 1952-Jul-01, -1.687634450121706E-01,  7.016469757989111E-01,  1.912535748526347E-02, -2.061390023787305E-02, -4.240557599093639E-03,  1.204976280276938E-03,  4.169409679736956E-03,  7.219109074664773E-01,  7.293753299073460E-04

2434378.500000000, A.D. 1953-Jan-01,  5.639584734745181E-01,  4.508168007890851E-01, -2.618134490912597E-02, -1.329287604028261E-02,  1.487788772609486E-02,  9.988872430963759E-04,  4.172668745155311E-03,  7.224751971511998E-01, -1.128869956005760E-03

2434559.500000000, A.D. 1953-Jul-01,  6.167297818337427E-01, -3.781129835546062E-01, -4.045714329463242E-02,  1.056750320576526E-02,  1.607000975484078E-02, -4.254243576654169E-04,  4.184608483762336E-03,  7.245424988065395E-01,  6.324350433803376E-04

2434743.500000000, A.D. 1954-Jan-01, -7.081854288750511E-02, -7.276907380194700E-01, -5.894096724161904E-03,  2.111873216700834E-02, -1.876556555891704E-03, -1.315679483665099E-03,  4.222784028317869E-03,  7.311523894457462E-01, -1.672568868507566E-04

2434924.500000000, A.D. 1954-Jul-01, -6.932425339284344E-01, -1.828704105725512E-01,  3.726625639446708E-02,  5.556848418915589E-03, -1.870643345356009E-02, -5.980154375767337E-04,  4.146386046285083E-03,  7.179244889096263E-01, -6.319276138612286E-04

2435108.500000000, A.D. 1955-Jan-01, -4.439217491306068E-01,  5.658002058576412E-01,  3.320663250230645E-02, -1.686371216420953E-02, -1.206590481340662E-02,  8.844967427846364E-04,  4.157968382243126E-03,  7.199299082145912E-01,  9.565491361260200E-04

2435289.500000000, A.D. 1955-Jul-01,  3.831180038278771E-01,  6.155140377736299E-01, -1.363803436996028E-02, -1.829406119649468E-02,  1.039182807748274E-02,  1.264960846114727E-03,  4.188039100368107E-03,  7.251364916585918E-01, -8.684154423685206E-04

2435473.500000000, A.D. 1956-Jan-01,  7.155722632453387E-01, -9.167292385582132E-02, -4.229852505586496E-02,  2.707255190449781E-03,  1.886172434565648E-02,  6.098512638099627E-05,  4.173733194336341E-03,  7.226595008136496E-01,  2.844323266438659E-04

2435655.500000000, A.D. 1956-Jul-01,  1.899567242432794E-01, -7.063962292007514E-01, -2.054480939542066E-02,  2.048724787642307E-02,  4.963997161386536E-03, -1.193670176762977E-03,  4.226406083693866E-03,  7.317795288933490E-01,  5.598207231634982E-04

2435839.500000000, A.D. 1957-Jan-01, -5.447245265804500E-01, -4.709620637527124E-01,  2.476788921833454E-02,  1.328891464981756E-02, -1.434969549171528E-02, -9.607041961782056E-04,  4.161354237543584E-03,  7.205161508868771E-01, -7.000955535421234E-04

2436020.500000000, A.D. 1957-Jul-01, -6.169936033249210E-01,  3.621789610359998E-01,  4.033312616950723E-02, -1.084461377413480E-02, -1.663846407831110E-02,  4.588718418666907E-04,  4.138599047565684E-03,  7.165762118767212E-01,  9.537902886234895E-04

2436204.500000000, A.D. 1958-Jan-01,  7.382715187247310E-02,  7.198287450770537E-01,  5.721927451127216E-03, -2.114054145220143E-02,  1.411166426651596E-03,  1.291865801562009E-03,  4.179323301921143E-03,  7.236273979380295E-01, -7.428627572769219E-04

2436385.500000000, A.D. 1958-Jul-01,  6.989968125571491E-01,  1.739651286664264E-01, -3.770039120338538E-02, -5.100874770192700E-03,  1.841389075682366E-02,  5.365992981447635E-04,  4.165913558680549E-03,  7.213055728703811E-01, -5.300809375359690E-04

2436569.500000000, A.D. 1959-Jan-01,  4.594896962854982E-01, -5.679022955364623E-01, -3.426367107488944E-02,  1.665438185916948E-02,  1.253472583231812E-02, -8.692651146851049E-04,  4.223708057811889E-03,  7.313123801930683E-01,  7.709448348412255E-04

2436750.500000000, A.D. 1959-Jul-01, -3.592574000001593E-01, -6.315183476943658E-01,  1.194034545980753E-02,  1.828604116822972E-02, -9.489968480402532E-03, -1.231560462700908E-03,  4.196794909932810E-03,  7.266525130894380E-01, -8.133346251638353E-04

2436934.500000000, A.D. 1960-Jan-01, -7.116229183832689E-01,  7.057975286083594E-02,  4.186557648010863E-02, -2.715180261132192E-03, -1.931614603244222E-02, -4.321339129177719E-05,  4.137228393335740E-03,  7.163388904535541E-01,  7.915897659455966E-04

2437116.500000000, A.D. 1960-Jul-01, -1.898086506795310E-01,  6.979164549559409E-01,  2.055249019730268E-02, -2.071064427064146E-02, -5.621015555942248E-03,  1.190609486022654E-03,  4.178926194400787E-03,  7.235586409022854E-01,  4.495859991186506E-05

2437300.500000000, A.D. 1961-Jan-01,  5.516719097936780E-01,  4.611393343856133E-01, -2.532300935487444E-02, -1.280359784519229E-02,  1.433805526367608E-02,  9.018777707663063E-04,  4.155294335558100E-03,  7.194669113835587E-01, -6.593524546188480E-04

2437481.500000000, A.D. 1961-Jul-01,  6.277694413595108E-01, -3.657876500932823E-01, -4.111673787724355E-02,  1.090221128840423E-02,  1.682355540192073E-02, -4.751743530222065E-04,  4.202996962451106E-03,  7.277263651945447E-01,  9.753170239360587E-04

2437665.500000000, A.D. 1962-Jan-01, -4.992143610492063E-02, -7.273018162988707E-01, -7.277522988013243E-03,  2.066754164951197E-02, -6.137320324580436E-04, -1.226421130049691E-03,  4.210638239480076E-03,  7.290494112988879E-01, -7.907003573055660E-04

2437846.500000000, A.D. 1962-Jul-01, -6.880074695254638E-01, -1.966917103361046E-01,  3.679126886956036E-02,  5.149707394878670E-03, -1.842343095954524E-02, -5.096639147514607E-04,  4.138252607633252E-03,  7.165162276618767E-01,  8.645695328696749E-05

2438030.500000000, A.D. 1963-Jan-01, -4.615358131531856E-01,  5.549457199092206E-01,  3.433407276318352E-02, -1.669568613044253E-02, -1.336298888141144E-02,  8.508943493362146E-04,  4.173422026151454E-03,  7.226056237125774E-01,  4.416492862242135E-04

2438211.500000000, A.D. 1963-Jul-01,  3.648149580845579E-01,  6.225568166506332E-01, -1.231806920971579E-02, -1.800287327767376E-02,  9.238703000889343E-03,  1.183457526953942E-03,  4.168062688712756E-03,  7.216776832003767E-01, -1.151037174964125E-03

2438395.500000000, A.D. 1964-Jan-01,  7.197579094146140E-01, -7.679184277750487E-02, -4.253433426912190E-02,  2.932957065182514E-03,  1.947776389866893E-02,  1.949028652208230E-05,  4.187778937590067E-03,  7.250914458699524E-01,  8.474195355807815E-04

2438577.500000000, A.D. 1964-Jul-01,  2.107823503045369E-01, -7.009127954380827E-01, -2.191532336784473E-02,  2.020684992400865E-02,  6.344516158796287E-03, -1.133081065065222E-03,  4.229116061170469E-03,  7.322487469480908E-01, -2.224290585219074E-04

2438761.500000000, A.D. 1965-Jan-01, -5.335567664818933E-01, -4.809186581768986E-01,  2.407679468917314E-02,  1.277025323457817E-02, -1.416551319314351E-02, -8.723094332314873E-04,  4.150927628811930E-03,  7.187108395479971E-01, -3.088563532176870E-05

2438942.500000000, A.D. 1965-Jul-01, -6.289399282500105E-01,  3.484536752775703E-01,  4.107806236304881E-02, -1.090376712879882E-02, -1.765172891236660E-02,  4.675063451613909E-04,  4.159467212109406E-03,  7.201894225612296E-01,  1.008358264056543E-03

2439126.500000000, A.D. 1966-Jan-01,  5.383475033885675E-02,  7.183377923503457E-01,  6.950799320527846E-03, -2.043190331227007E-02,  4.018616952544883E-04,  1.178655579032967E-03,  4.160601301538203E-03,  7.203857840587983E-01, -1.114793476131417E-03

2439307.500000000, A.D. 1966-Jul-01,  6.952892814264535E-01,  1.877331162515569E-01, -3.741216728200632E-02, -4.702023570866433E-03,  1.850866473239188E-02,  4.612678888915745E-04,  4.165068124705735E-03,  7.211591905153615E-01,  2.609211517830733E-04

2439491.500000000, A.D. 1967-Jan-01,  4.767268572281049E-01, -5.555113231309495E-01, -3.531778990412157E-02,  1.612178071772885E-02,  1.380312005768657E-02, -7.911192599455113E-04,  4.232744452376068E-03,  7.328769834105829E-01,  6.254385490627732E-05

2439672.500000000, A.D. 1967-Jul-01, -3.419201980095575E-01, -6.371449579626914E-01,  1.078747573100198E-02,  1.773614854229858E-02, -8.613284748811036E-03, -1.128080062252882E-03,  4.176700120118470E-03,  7.231732080883678E-01, -8.139206513994815E-04

2439856.500000000, A.D. 1968-Jan-01, -7.163993987208267E-01,  5.436582929209815E-02,  4.215895898225695E-02, -2.650893145877608E-03, -2.015911305349420E-02, -4.410881544652896E-05,  4.156612575090171E-03,  7.196951574831160E-01,  1.113348848829982E-03

2440038.500000000, A.D. 1968-Jul-01, -2.102606171254210E-01,  6.908775108332277E-01,  2.181960505387207E-02, -2.008182541680986E-02, -6.879771754398107E-03,  1.091271855213496E-03,  4.172776450907856E-03,  7.224938458241610E-01, -7.015304859386955E-04

2440222.500000000, A.D. 1969-Jan-01,  5.419054494077149E-01,  4.716677888502551E-01, -2.478531829662056E-02, -1.242004687006860E-02,  1.450583655361343E-02,  8.407385840961980E-04,  4.151735404451943E-03,  7.188507015644703E-01,  1.260439730647505E-04

2440403.500000000, A.D. 1969-Jul-01,  6.400286463952782E-01, -3.507884658878336E-01, -4.187327082984413E-02,  1.062961127939010E-02,  1.796638012588697E-02, -4.379959984592044E-04,  4.222226190410139E-03,  7.310558028061205E-01,  7.102017657358499E-04

2440587.500000000, A.D. 1970-Jan-01, -3.144901731630390E-02, -7.248403241561103E-01, -8.306724175558571E-03,  1.980446817654685E-02,  4.238977450141217E-05, -1.106131720529732E-03,  4.190541693402429E-03,  7.255698022102526E-01, -8.880862288476561E-04

2440768.500000000, A.D. 1970-Jul-01, -6.851963427150459E-01, -2.110668510967836E-01,  3.662249839969709E-02,  4.909718951689008E-03, -1.883334442736733E-02, -4.641263668190088E-04,  4.146260865431507E-03,  7.179028145167159E-01,  8.273762900947714E-04

2440952.500000000, A.D. 1971-Jan-01, -4.782074698664804E-01,  5.408798935226191E-01,  3.526832544881318E-02, -1.581600034588991E-02, -1.447748077718373E-02,  7.357854989416787E-04,  4.174694301895602E-03,  7.228259114289581E-01, -3.338270338279529E-04

2441133.500000000, A.D. 1971-Jul-01,  3.488027462485057E-01,  6.277988213585219E-01, -1.134873039736337E-02, -1.735220471178751E-02,  8.715880671226559E-03,  1.078111560261835E-03,  4.148428657790607E-03,  7.182781561284464E-01, -8.254632788385268E-04

2441317.500000000, A.D. 1972-Jan-01,  7.249050054030285E-01, -5.929515621415322E-02, -4.283736516661136E-02,  2.526429331400349E-03,  2.043220101985030E-02,  6.664462044634584E-05,  4.207964426309636E-03,  7.285864548996523E-01,  8.468944663549482E-04

2441499.500000000, A.D. 1972-Jul-01,  2.298884154083107E-01, -6.925454828063701E-01, -2.299864689439828E-02,  1.930635184590828E-02,  7.328313828811018E-03, -1.009113186860823E-03,  4.216511554566444E-03,  7.300663442820970E-01, -8.405753429186146E-04

2441683.500000000, A.D. 1973-Jan-01, -5.245121829066508E-01, -4.921992186984901E-01,  2.362367128445426E-02,  1.263039228308938E-02, -1.458291420657873E-02, -8.501333098781770E-04,  4.156492436007323E-03,  7.196743560457466E-01,  7.403641343033149E-04

2441864.500000000, A.D. 1973-Jul-01, -6.410204295107265E-01,  3.315714216828607E-01,  4.176806253230639E-02, -1.024568669857342E-02, -1.878008544238221E-02,  3.843434532015014E-04,  4.175150003823763E-03,  7.229048137719186E-01,  4.935755486549864E-04

2442048.500000000, A.D. 1974-Jan-01,  3.665039810954853E-02,  7.158798029833605E-01,  7.807049546276425E-03, -1.958243859849579E-02,  1.065342769323030E-04,  1.071210928451019E-03,  4.140237404075470E-03,  7.168598845127976E-01, -8.831229788324930E-04

2442229.500000000, A.D. 1974-Jul-01,  6.934715321842405E-01,  2.031546121089350E-01, -3.732962773330543E-02, -4.735869555016577E-03,  1.916951241796780E-02,  4.574174250624474E-04,  4.179049742145502E-03,  7.235800325311618E-01,  8.196866886673878E-04

2442413.500000000, A.D. 1975-Jan-01,  4.919323046880462E-01, -5.404614576639810E-01, -3.606185000936699E-02,  1.500340010595047E-02,  1.462315707628947E-02, -6.552254862464662E-04,  4.225992333348446E-03,  7.317078902417726E-01, -6.819209691062257E-04

2442594.500000000, A.D. 1975-Jul-01, -3.272382881428701E-01, -6.421266315719421E-01,  9.991020734436792E-03,  1.710571688649808E-02, -8.454008040805358E-03, -1.037926005027590E-03,  4.162828103493292E-03,  7.207713428653504E-01, -2.489995570486059E-04

2442778.500000000, A.D. 1976-Jan-01, -7.210086884403714E-01,  3.518158388743973E-02,  4.237002812418991E-02, -1.867042478354309E-03, -2.105795837822232E-02, -1.356485758139972E-04,  4.176328750207674E-03,  7.231089073815770E-01,  8.291338680888828E-04

2442960.500000000, A.D. 1976-Jul-01, -2.281671371433109E-01,  6.817605084972169E-01,  2.272435172480752E-02, -1.903675672540162E-02, -7.531235672753893E-03,  9.603399527839436E-04,  4.154256222466118E-03,  7.192871676735731E-01, -1.069272066907090E-03

2443144.500000000, A.D. 1977-Jan-01,  5.334555371495316E-01,  4.843238486245114E-01, -2.436029771007052E-02, -1.262567131132834E-02,  1.506955284789538E-02,  8.653586021241751E-04,  4.163735456787160E-03,  7.209284462181230E-01,  7.521261933216790E-04

2443325.500000000, A.D. 1977-Jul-01,  6.512524768680610E-01, -3.327068273971015E-01, -4.243331607403596E-02,  9.648326173230143E-03,  1.892916296109765E-02, -3.192957349075804E-04,  4.230835082133074E-03,  7.325463862012207E-01, -1.114822620670668E-06

2443509.500000000, A.D. 1978-Jan-01, -1.578278150556215E-02, -7.226083653463284E-01, -9.000762457023475E-03,  1.909391700311725E-02, -7.690124861437778E-06, -1.027528999238394E-03,  4.174756870038052E-03,  7.228367447669999E-01, -3.964237142407914E-04

2443690.500000000, A.D. 1978-Jul-01, -6.833858352557600E-01, -2.278660444060335E-01,  3.652635140230371E-02,  5.294026543468921E-03, -1.958633553968508E-02, -5.067465888846529E-04,  4.165879844584118E-03,  7.212997354555385E-01,  1.146109457621058E-03

2443874.500000000, A.D. 1979-Jan-01, -4.920103827582543E-01,  5.250605561908551E-01,  3.581869829778355E-02, -1.457159352459531E-02, -1.494934672765809E-02,  5.962058332997310E-04,  4.160962486092810E-03,  7.204483212258334E-01, -9.141275839096251E-04

2444055.500000000, A.D. 1979-Jul-01,  3.353594923845594E-01,  6.335767150425747E-01, -1.068513861364383E-02, -1.691103021196293E-02,  8.877596706301906E-03,  1.020834605109490E-03,  4.140686625368313E-03,  7.169376647685364E-01, -8.026319583596238E-05

2444239.500000000, A.D. 1980-Jan-01,  7.287168885441053E-01, -3.895569630811142E-02, -4.291384639830578E-02,  1.431638103900234E-03,  2.115008340350117E-02,  1.914560533374378E-04,  4.222008380314453E-03,  7.310180901571105E-01,  2.888116256151996E-04

2444421.500000000, A.D. 1980-Jul-01,  2.459763099991092E-01, -6.832214450709954E-01, -2.369810955374316E-02,  1.826105684378021E-02,  7.593164977379470E-03, -8.903701071242963E-04,  4.196133629054737E-03,  7.265380158547097E-01, -9.289612743176767E-04

2444605.500000000, A.D. 1981-Jan-01, -5.157112622376434E-01, -5.060139738827518E-01,  2.313190186673282E-02,  1.319030320922534E-02, -1.512506926598646E-02, -9.189264408952028E-04,  4.174958107408189E-03,  7.228715879375326E-01,  1.147993619891757E-03

2444786.500000000, A.D. 1981-Jul-01, -6.509547070598976E-01,  3.121833164305343E-01,  4.214458562387020E-02, -9.003180979015432E-03, -1.945998396865932E-02,  2.432041131355442E-04,  4.176688663282816E-03,  7.231712243987671E-01, -2.823253370161277E-04

2444970.500000000, A.D. 1982-Jan-01,  2.176161085916230E-02,  7.147374455114128E-01,  8.427677560620234E-03, -1.915012171252249E-02,  3.924933169396740E-04,  1.034268081912637E-03,  4.130178957716498E-03,  7.151183185126998E-01, -1.782800757269097E-04

2445151.500000000, A.D. 1982-Jul-01,  6.915215860776601E-01,  2.213653020404523E-01, -3.717061591581224E-02, -5.484197179379711E-03,  1.989255238201144E-02,  5.440729268120266E-04,  4.199029646487429E-03,  7.270394457293112E-01,  8.126885167375879E-04

2445335.500000000, A.D. 1983-Jan-01,  5.039188715683104E-01, -5.247867250320437E-01, -3.641648373003153E-02,  1.379975387471723E-02,  1.471183966078450E-02, -5.321147203302340E-04,  4.207263912531772E-03,  7.284651646989009E-01, -1.025778641817627E-03

2445516.500000000, A.D. 1983-Jul-01, -3.145834599749530E-01, -6.486447015855593E-01,  9.401283289074724E-03,  1.693979297954051E-02, -8.834027812927048E-03, -1.022775422114764E-03,  4.163948797175190E-03,  7.209653849612431E-01,  5.430929895309312E-04

2445700.500000000, A.D. 1984-Jan-01, -7.232647785070886E-01,  1.374607965547888E-02,  4.224936650910186E-02, -5.392659654488511E-04, -2.146282662468633E-02, -2.789563345094100E-04,  4.185102955507116E-03,  7.246281139351571E-01,  1.148404604031502E-04

2445882.500000000, A.D. 1984-Jul-01, -2.431115794788234E-01,  6.728526609888492E-01,  2.328392061381090E-02, -1.813889867784189E-02, -7.471251444763407E-03,  8.705447575504230E-04,  4.134142020412500E-03,  7.158045015474642E-01, -8.340341694319432E-04

2446066.500000000, A.D. 1985-Jan-01,  5.240269284570543E-01,  4.995388118547628E-01, -2.375099077530162E-02, -1.352716442280407E-02,  1.546169598997556E-02,  9.710836322021508E-04,  4.183594110484125E-03,  7.243668655178889E-01,  8.449511588969682E-04

2446247.500000000, A.D. 1985-Jul-01,  6.595475826287797E-01, -3.129851956652793E-01, -4.260820999531319E-02,  8.301386507393050E-03,  1.924999332082952E-02, -1.757362206570371E-04,  4.223551718921545E-03,  7.312853109533275E-01, -7.415925203753559E-04

2446431.500000000, A.D. 1986-Jan-01, -1.548155916054715E-03, -7.224999148909621E-01, -9.590549141660467E-03,  1.899541920400397E-02, -4.183901119608017E-04, -1.036501410653288E-03,  4.173188694884026E-03,  7.225652236559870E-01,  3.914104334381892E-04

2446612.500000000, A.D. 1986-Jul-01, -6.802614626125376E-01, -2.473468267356753E-01,  3.620973789140626E-02,  6.363577047319255E-03, -2.010803358116016E-02, -6.270928919028467E-04,  4.185745918998490E-03,  7.247394396126938E-01,  8.583156446135433E-04

2446796.500000000, A.D. 1987-Jan-01, -5.027162735966713E-01,  5.097886683124007E-01,  3.603106224626918E-02, -1.353224553131878E-02, -1.471947564516976E-02,  5.043114365062217E-04,  4.140311047621834E-03,  7.168726354975817E-01, -9.524299435337629E-04

2446977.500000000, A.D. 1987-Jul-01,  3.229666036031890E-01,  6.416011427402339E-01, -1.008564429267428E-02, -1.711114944651003E-02,  9.342194329552954E-03,  1.052967280519831E-03,  4.148982084240584E-03,  7.183739789478402E-01,  6.361768340813087E-04

2447161.500000000, A.D. 1988-Jan-01,  7.294681460268335E-01, -1.736242146425597E-02, -4.260267162432800E-02,  2.646577601435939E-05,  2.119744977221890E-02,  3.337535148664159E-04,  4.221426730868818E-03,  7.309173806775007E-01, -4.965703612235865E-04

2447343.500000000, A.D. 1988-Jul-01,  2.595995408882950E-01, -6.752144300084307E-01, -2.414955236471874E-02,  1.762989365830511E-02,  7.269013300787994E-03, -8.418682069215113E-04,  4.180332971286971E-03,  7.238022167694983E-01, -4.298130420918944E-04

2447527.500000000, A.D. 1989-Jan-01, -5.048632260205417E-01, -5.218785976749578E-01,  2.234127259275234E-02,  1.432501597927422E-02, -1.522807367486749E-02, -1.045576399272140E-03,  4.195679662486258E-03,  7.264594139799639E-01,  9.521143700190069E-04

2447708.500000000, A.D. 1989-Jul-01, -6.575730264348632E-01,  2.922781837808642E-01,  4.212643795041042E-02, -7.673494732217775E-03, -1.940596998747273E-02,  1.144499627851961E-04,  4.163197204089828E-03,  7.208352506525576E-01, -8.618295764947360E-04

2447892.500000000, A.D. 1990-Jan-01,  7.239434277846821E-03,  7.160624303520308E-01,  9.088174558522672E-03, -1.942195988938710E-02,  7.593781964436261E-04,  1.087522162629729E-03,  4.136176106822253E-03,  7.161566926917086E-01,  5.767477846689861E-04

2448073.500000000, A.D. 1990-Jul-01,  6.872633014663302E-01,  2.416674140172624E-01, -3.668479106308573E-02, -6.774983785882654E-03,  2.012644713593587E-02,  6.827591416303299E-04,  4.212882392551020E-03,  7.294379743580212E-01,  2.504144815518109E-04

2448257.500000000, A.D. 1991-Jan-01,  5.133997379381768E-01, -5.107001837590625E-01, -3.653430013087425E-02,  1.305800904177890E-02,  1.424319931471530E-02, -4.838153287698895E-04,  4.187663913420918E-03,  7.250715300524366E-01, -7.617872306050790E-04

2448438.500000000, A.D. 1991-Jul-01, -3.018397765280226E-01, -6.576822119419768E-01,  8.725647042449648E-03,  1.748391697295851E-02, -9.230981994521935E-03, -1.096477619706222E-03,  4.179693094971203E-03,  7.236914256198476E-01,  1.083533064151371E-03

2448622.500000000, A.D. 1992-Jan-01, -7.221438948754578E-01, -7.730629775399712E-03,  4.173751158148427E-02,  8.125280721364114E-04, -2.112890595523661E-02, -4.024208713129672E-04,  4.177954183068365E-03,  7.233903423571780E-01, -6.085490187105073E-04

2448804.500000000, A.D. 1992-Jul-01, -2.563929730193273E-01,  6.660894409224072E-01,  2.372510869454277E-02, -1.785085355395825E-02, -7.040111847674936E-03,  8.682260523882551E-04,  4.124445526621142E-03,  7.141256056917314E-01, -1.287056406045796E-04

2448988.500000000, A.D. 1993-Jan-01,  5.117603452763557E-01,  5.159315898761719E-01, -2.276862930508115E-02, -1.478626513079822E-02,  1.521726438535771E-02,  1.101733554577266E-03,  4.199093639018815E-03,  7.270505256926518E-01,  3.561764790346170E-04

2449169.500000000, A.D. 1993-Jul-01,  6.646424563192167E-01, -2.939420945605334E-01, -4.244007666493305E-02,  7.158859024138750E-03,  1.886517232719388E-02, -7.956196917027723E-05,  4.204453224566321E-03,  7.279785091635610E-01, -1.076693880267977E-03

2449353.500000000, A.D. 1994-Jan-01,  1.349970133238225E-02, -7.247434695955495E-01, -1.036534224519236E-02,  1.957595220422081E-02, -6.172655163820315E-04, -1.123360684519323E-03,  4.186923281605233E-03,  7.249432936287629E-01,  9.976955223598371E-04

2449534.500000000, A.D. 1994-Jul-01, -6.741155000557840E-01, -2.679119176180965E-01,  3.550976310314131E-02,  7.742412312770900E-03, -1.996225669463187E-02, -7.652561111617241E-04,  4.194591000340898E-03,  7.262709179726989E-01,  1.399921949857458E-04

2449718.500000000, A.D. 1995-Jan-01, -5.118640291871833E-01,  4.968187161163758E-01,  3.614776338576531E-02, -1.313257324428681E-02, -1.416582713442276E-02,  5.019409500472129E-04,  4.125112294935254E-03,  7.142410530465573E-01, -4.166830669682242E-04

2449899.500000000, A.D. 1995-Jul-01,  3.092853913168322E-01,  6.519464792488974E-01, -9.263411725017646E-03, -1.797216280038221E-02,  9.531910994608039E-03,  1.158798806764184E-03,  4.167897815411424E-03,  7.216491362731796E-01,  8.938332300931999E-04

2450083.500000000, A.D. 1996-Jan-01,  7.270540444386772E-01,  3.158349482030253E-03, -4.196358539316208E-02, -1.115515781569980E-03,  2.055709473120731E-02,  4.222162598394929E-04,  4.206141922965203E-03,  7.282708982275331E-01, -1.048828782067828E-03

2450265.500000000, A.D. 1996-Jul-01,  2.726927257713380E-01, -6.697216669342094E-01, -2.463044377225989E-02,  1.770355631772598E-02,  6.854295748514656E-03, -8.837801982603565E-04,  4.178758510180678E-03,  7.235296072795893E-01,  3.578686340502732E-04

2450449.500000000, A.D. 1997-Jan-01, -4.908003920300394E-01, -5.378101580137717E-01,  2.116749564551838E-02,  1.553972422819166E-02, -1.460011978277531E-02, -1.159923897689240E-03,  4.206912504272747E-03,  7.284043202449733E-01,  2.754477074466932E-04

2450630.500000000, A.D. 1997-Jul-01, -6.615601043047484E-01,  2.740530145976114E-01,  4.186468472579859E-02, -6.804569791931529E-03, -1.878835651531784E-02,  6.033628066941678E-05,  4.142780056990025E-03,  7.173001312177063E-01, -8.989931182584637E-04

2450814.500000000, A.D. 1998-Jan-01, -9.173742043698923E-03,  7.191622139331780E-01,  1.004537129993545E-02, -2.023229439659702E-02,  6.544769583442291E-04,  1.193213058529720E-03,  4.154277610585788E-03,  7.192908709116972E-01,  9.290639480012892E-04

2450995.500000000, A.D. 1998-Jul-01,  6.796721775308788E-01,  2.619186574970713E-01, -3.581245484480329E-02, -8.092271362298779E-03,  1.962259130439716E-02,  8.021000445004829E-04,  4.211925919098408E-03,  7.292723661134061E-01, -5.338116685023591E-04

2451179.500000000, A.D. 1999-Jan-01,  5.224608370445536E-01, -4.992455310524570E-01, -3.670783644000647E-02,  1.302787095549039E-02,  1.373706810238035E-02, -5.248920833848498E-04,  4.179013138346174E-03,  7.235736947797726E-01, -4.470842852711156E-05

2451360.500000000, A.D. 1999-Jul-01, -2.868074681913496E-01, -6.684071583573685E-01,  7.722595939606594E-03,  1.852847233798817E-02, -9.107289597552033E-03, -1.216445278900215E-03,  4.201014894415516E-03,  7.273831807525870E-01,  1.050174412011558E-03

2451544.500000000, A.D. 2000-Jan-01, -7.184981488870703E-01, -2.715158650752197E-02,  4.101013153837928E-02,  1.656198221347354E-03, -2.026880954515090E-02, -4.469429001471622E-04,  4.159410374411941E-03,  7.201795814189801E-01, -9.136251909381328E-04

2451726.500000000, A.D. 2000-Jul-01, -2.703423008107925E-01,  6.617018943888268E-01,  2.434105558389447E-02, -1.824350526770061E-02, -6.812372005507456E-03,  9.442292992569788E-04,  4.130714520391702E-03,  7.152110483153720E-01,  6.252913269570433E-04

2451910.500000000, A.D. 2001-Jan-01,  4.963964185650983E-01,  5.311641650767174E-01, -2.145604688962661E-02, -1.583388330022499E-02,  1.426688167558988E-02,  1.184946780813573E-03,  4.200692691092214E-03,  7.273273929765277E-01, -4.224382931321154E-04

2452091.500000000, A.D. 2001-Jul-01,  6.680657976065758E-01, -2.773303363611768E-01, -4.216991241715064E-02,  6.657735476263566E-03,  1.814942063101061E-02, -7.306215498550212E-05,  4.184769876131186E-03,  7.245704430289603E-01, -8.039225834871803E-04

2452275.500000000, A.D. 2002-Jan-01,  3.116721993742370E-02, -7.278322193516087E-01, -1.149497148770331E-02,  2.046518083371946E-02, -1.636447247981379E-04, -1.228650358721882E-03,  4.207984431009623E-03,  7.285899186060834E-01,  1.058307254176329E-03

2452456.500000000, A.D. 2002-Jul-01, -6.648260429292885E-01, -2.872449778646565E-01,  3.448435855630055E-02,  8.857697372053698E-03, -1.912742298890543E-02, -8.498258498526367E-04,  4.187519704330676E-03,  7.250465610224786E-01, -5.846209366065063E-04

2452640.500000000, A.D. 2003-Jan-01, -5.216997869239992E-01,  4.862968387323252E-01,  3.645183813548050E-02, -1.339859606276804E-02, -1.386484996388285E-02,  5.741275072187460E-04,  4.124480459934495E-03,  7.141316542074400E-01,  3.760371151071481E-04

2452821.500000000, A.D. 2003-Jul-01,  2.927196824045355E-01,  6.629731819586266E-01, -8.067591392818402E-03, -1.908789747054761E-02,  9.039855052079536E-03,  1.275542611314384E-03,  4.185889691632786E-03,  7.247643330726478E-01,  5.456775510792822E-04

2453005.500000000, A.D. 2004-Jan-01,  7.231091551977392E-01,  2.096463762117894E-02, -4.124795398620513E-02, -1.587545910282567E-03,  1.963776100818648E-02,  4.195324712651189E-04,  4.184871238182397E-03,  7.245879933240844E-01, -1.040005219252259E-03

2453187.500000000, A.D. 2004-Jul-01,  2.874663283325778E-01, -6.660671348080829E-01, -2.539625333089029E-02,  1.832075778127829E-02,  6.901895415309629E-03, -9.788434326761500E-04,  4.192434744350794E-03,  7.258975738213410E-01,  9.565181762029966E-04

2453371.500000000, A.D. 2005-Jan-01, -4.742168892178399E-01, -5.514939908633441E-01,  1.976301615033867E-02,  1.628361202033539E-02, -1.340747588074452E-02, -1.199304086534776E-03,  4.202331023722678E-03,  7.276110614780275E-01, -4.831198167261804E-04

2453552.500000000, A.D. 2005-Jul-01, -6.649945077203160E-01,  2.586118192010285E-01,  4.165148443108017E-02, -6.651489612611043E-03, -1.812408154401656E-02,  9.603965962936479E-05,  4.127910526723476E-03,  7.147255518616662E-01, -3.636325073814032E-04

2453736.500000000, A.D. 2006-Jan-01, -2.853461263351943E-02,  7.219510217128383E-01,  1.136259688983667E-02, -2.106730519897499E-02, -1.767245337874733E-04,  1.280078741524365E-03,  4.173412926763306E-03,  7.226040482023590E-01,  6.754818981387589E-04

2453917.500000000, A.D. 2006-Jul-01,  6.695641249277789E-01,  2.799548402033449E-01, -3.472569181086373E-02, -8.900856234277960E-03,  1.858996206876705E-02,  8.425985637114246E-04,  4.196289493930032E-03,  7.265650030212892E-01, -1.079881318320387E-03

2454101.500000000, A.D. 2007-Jan-01,  5.332191889983081E-01, -4.895805963510754E-01, -3.717396580881977E-02,  1.350612145838229E-02,  1.373201706234780E-02, -6.133811777507989E-04,  4.186329663376472E-03,  7.248405118185954E-01,  6.920085602484751E-04

2454282.500000000, A.D. 2007-Jul-01, -2.687194928286408E-01, -6.786242016223621E-01,  6.362279784989050E-03,  1.953969659908589E-02, -8.252433400910530E-03, -1.310258789103031E-03,  4.215659397454776E-03,  7.299187978520165E-01,  4.675416443582535E-04

2454466.500000000, A.D. 2008-Jan-01, -7.145010723278583E-01, -4.366510929426169E-02,  4.035831664901719E-02,  1.778447430313746E-03, -1.941898082749420E-02, -4.029845076393072E-04,  4.140878360184177E-03,  7.169708626227999E-01, -6.123462961661827E-04

2454648.500000000, A.D. 2008-Jul-01, -2.867461300077859E-01,  6.581852943872859E-01,  2.530199471717112E-02, -1.894972958945458E-02, -7.230709462313306E-03,  1.039372814057700E-03,  4.149023255910596E-03,  7.183811076015210E-01,  9.756843358243798E-04

2454832.500000000, A.D. 2009-Jan-01,  4.793997755084531E-01,  5.434413025486506E-01, -2.004853385990065E-02, -1.622883928985183E-02,  1.298185223321224E-02,  1.177855060009639E-03,  4.186970121696032E-03,  7.249514037390787E-01, -1.032954055123035E-03

2455013.500000000, A.D. 2009-Jul-01,  6.720928933507180E-01, -2.633109915306420E-01, -4.208288887722846E-02,  6.827867502153830E-03,  1.767980315237367E-02, -1.417502646174789E-04,  4.176033270860257E-03,  7.230577467185056E-01, -8.347882699534501E-05

2455197.500000000, A.D. 2010-Jan-01,  5.156019896566569E-02, -7.294628325601058E-01, -1.292341285567684E-02,  2.108948052037008E-02,  9.696953029943166E-04, -1.280785140849556E-03,  4.224196469913243E-03,  7.313969461269513E-01,  5.422134266829828E-04

2455378.500000000, A.D. 2010-Jul-01, -6.539988505960083E-01, -3.037175306539898E-01,  3.338336971711024E-02,  9.300554939611355E-03, -1.800910819035653E-02, -8.430773647045737E-04,  4.169081357923002E-03,  7.218540603066014E-01, -8.880120929831981E-04

2455562.500000000, A.D. 2011-Jan-01, -5.339094083897467E-01,  4.765521347996730E-01,  3.710064274069244E-02, -1.392888718976387E-02, -1.422854019761954E-02,  6.585168583565974E-04,  4.138825458771549E-03,  7.166154137617942E-01,  9.496783049696210E-04

2455743.500000000, A.D. 2011-Jul-01,  2.733288879925022E-01,  6.723223504427361E-01, -6.579674828804460E-03, -1.988611358587022E-02,  7.885784921707398E-03,  1.333253482814068E-03,  4.191806255881177E-03,  7.257887544161289E-01, -1.962447513617949E-04

2455927.500000000, A.D. 2012-Jan-01,  7.199685103862149E-01,  3.610225453317194E-02, -4.074398628147926E-02, -1.405887898283485E-03,  1.901589548108889E-02,  3.457578023675956E-04,  4.170060626284902E-03,  7.220236153674120E-01, -4.705744535048029E-04

2456109.500000000, A.D. 2012-Jul-01,  3.050072690407511E-01, -6.621590169505042E-01, -2.651224193813886E-02,  1.896931801954451E-02,  7.670634064819086E-03, -1.055904350422694E-03,  4.213306519661990E-03,  7.295114096908571E-01,  1.006968163626615E-03

2456293.500000000, A.D. 2013-Jan-01, -4.571526976556680E-01, -5.619112719080951E-01,  1.841698826242285E-02,  1.629805878483014E-02, -1.216542485069235E-02, -1.147902179941924E-03,  4.185047754387472E-03,  7.246185561575731E-01, -8.776384270746968E-04

2456474.500000000, A.D. 2013-Jul-01, -6.700186359033392E-01,  2.451219318066331E-01,  4.172583958759957E-02, -7.014221872311152E-03, -1.795393619367470E-02,  1.799967402365543E-04,  4.127579869869456E-03,  7.146683004021357E-01,  4.285433709873253E-04

2456658.500000000, A.D. 2014-Jan-01, -4.993522959873743E-02,  7.222540241446086E-01,  1.286390081089142E-02, -2.138954320351084E-02, -1.529149199323698E-03,  1.288189359594043E-03,  4.182009243935588E-03,  7.240924543815052E-01, -2.730489950906052E-05

2456839.500000000, A.D. 2014-Jul-01,  6.591217418219860E-01,  2.948961875752389E-01, -3.371636296915386E-02, -8.982805173842296E-03,  1.756366660532959E-02,  7.941693947883722E-04,  4.174952884040226E-03,  7.228706835394053E-01, -1.062541879121672E-03

2457023.500000000, A.D. 2015-Jan-01,  5.465655956571177E-01, -4.795371820764058E-01, -3.797212067446226E-02,  1.396186458112288E-02,  1.444483864454633E-02, -6.769716705404154E-04,  4.205163350175258E-03,  7.281014636012729E-01,  1.002530139780102E-03

2457204.500000000, A.D. 2015-Jul-01, -2.485553917609697E-01, -6.862017593748246E-01,  4.828954518406273E-03,  1.999855137274594E-02, -6.914719888461889E-03, -1.321602929143663E-03,  4.215242008368075E-03,  7.298465291719175E-01, -3.181994696307312E-04

2457388.500000000, A.D. 2016-Jan-01, -7.122300345417651E-01, -5.815497842542712E-02,  4.000884556144444E-02,  1.420084149090322E-03, -1.910270383857500E-02, -3.168192325146804E-04,  4.133650804584667E-03,  7.157194501633901E-01,  1.212977728584092E-04

2457570.500000000, A.D. 2016-Jul-01, -3.056895828570150E-01,  6.532715682206831E-01,  2.655334843448199E-02, -1.939674443796009E-02, -8.324853497741430E-03,  1.082037662620871E-03,  4.168447869951446E-03,  7.217443752644627E-01,  7.200947554756174E-04

2457754.500000000, A.D. 2017-Jan-01,  4.630814535425891E-01,  5.526414403230129E-01, -1.883445617206849E-02, -1.593627460155634E-02,  1.193895025577137E-02,  1.094307544571541E-03,  4.165633308916432E-03,  7.212570491279159E-01, -1.112564833446700E-03

2457935.500000000, A.D. 2017-Jul-01,  6.783871033581044E-01, -2.502514931721931E-01, -4.233705954604911E-02,  7.271894833354709E-03,  1.787065157683879E-02, -2.236152704718191E-04,  4.183274941628640E-03,  7.243116031436452E-01,  6.495403937197719E-04

2458119.500000000, A.D. 2018-Jan-01,  7.301214509970286E-02, -7.279281344002825E-01, -1.439659032072646E-02,  2.103659492489295E-02,  2.379646166751607E-03, -1.241489872716188E-03,  4.226075082322003E-03,  7.317222177824032E-01, -2.438237465198210E-04

2458300.500000000, A.D. 2018-Jul-01, -6.440089556205870E-01, -3.173115518727322E-01,  3.249780456848300E-02,  9.081368381179657E-03, -1.718448819192822E-02, -7.644583002074354E-04,  4.150706603552512E-03,  7.186725702106435E-01, -5.850914370748773E-04

2458484.500000000, A.D. 2019-Jan-01, -5.484534765804288E-01,  4.652658794950978E-01,  3.801471948417335E-02, -1.415055103897367E-02, -1.524227563372967E-02,  6.849357022259178E-04,  4.159651130465317E-03,  7.202212670374057E-01,  9.653224710576079E-04

2458665.500000000, A.D. 2019-Jul-01,  2.528557367551980E-01,  6.784526291248385E-01, -5.065224088057176E-03, -1.998690423308574E-02,  6.503883643212322E-03,  1.298616557967651E-03,  4.181808906800272E-03,  7.240577670817998E-01, -8.946858267048041E-04

2458849.500000000, A.D. 2020-Jan-01,  7.191493266607849E-01,  5.030098253113937E-02, -4.058343186830545E-02, -9.986392392066419E-04,  1.907346786854333E-02,  2.656311991244935E-04,  4.170200034464742E-03,  7.220477531455021E-01,  3.191800139749824E-04

2459031.500000000, A.D. 2020-Jul-01,  3.244552672071232E-01, -6.558398729818185E-01, -2.780590561651309E-02,  1.911082998401877E-02,  8.959876825183788E-03, -1.054735702742092E-03,  4.229045470144495E-03,  7.322365244908287E-01,  4.830308781717695E-04

2459215.500000000, A.D. 2021-Jan-01, -4.417984750910989E-01, -5.698819082629405E-01,  1.737127976484305E-02,  1.577776299963697E-02, -1.141608878371997E-02, -1.046691612879640E-03,  4.165798711666778E-03,  7.212856877263678E-01, -6.695703986309383E-04

2459396.500000000, A.D. 2021-Jul-01, -6.775272032345743E-01,  2.314011530569166E-01,  4.212844422049013E-02, -7.363117272972485E-03, -1.849910492819297E-02,  2.399600275480355E-04,  4.142155727199778E-03,  7.171920318655064E-01,  1.001276022139159E-03

2459580.500000000, A.D. 2022-Jan-01, -7.126812395166021E-02,  7.191649768657340E-01,  1.426137009684020E-02, -2.097744365125049E-02, -2.869622811692297E-03,  1.206864815432268E-03,  4.174708276263095E-03,  7.228283310156844E-01, -7.629717862512571E-04

2459761.500000000, A.D. 2022-Jul-01,  6.504433966637265E-01,  3.076872644697218E-01, -3.301337832745115E-02, -8.577289399584206E-03,  1.706846427703164E-02,  7.027611192698115E-04,  4.160129339928413E-03,  7.203040664392349E-01, -4.865899058035346E-04

2459945.500000000, A.D. 2023-Jan-01,  5.615520537537294E-01, -4.670212429435979E-01, -3.892113336164627E-02,  1.387286830953091E-02,  1.563277056524252E-02, -6.588880307733927E-04,  4.224286932914492E-03,  7.314126093100730E-01,  7.043171159470539E-04

2460126.500000000, A.D. 2023-Jul-01, -2.284702141497499E-01, -6.904497176424433E-01,  3.414569709119735E-03,  1.972764843346948E-02, -5.642860038894371E-03, -1.245830146881814E-03,  4.200398770400836E-03,  7.272765021863834E-01, -8.460646174429291E-04

2460310.500000000, A.D. 2024-Jan-01, -7.124052662623227E-01, -7.289698933500358E-02,  3.998360912898669E-02,  1.127295271866963E-03, -1.949735806722231E-02, -2.612552765354157E-04,  4.142435609945073E-03,  7.172404920606325E-01,  8.473610910762053E-04

2460492.500000000, A.D. 2024-Jul-01, -3.255643304080297E-01,  6.452457950685604E-01,  2.784315200550296E-02, -1.916914299599142E-02, -9.696582968019717E-03,  1.033460964649108E-03,  4.177219286831059E-03,  7.232630990181159E-01,  1.781457962606748E-05

2460676.500000000, A.D. 2025-Jan-01,  4.491867919800285E-01,  5.603395672055328E-01, -1.797810132631737E-02, -1.534899194351162E-02,  1.155672449489218E-02,  9.958596493044960E-04,  4.149027279879770E-03,  7.183818043301852E-01, -6.080027535511736E-04

2460857.500000000, A.D. 2025-Jul-01,  6.869455889454642E-01, -2.358172343951651E-01, -4.285502748432247E-02,  7.416494718404944E-03,  1.871179440308926E-02, -2.483132838760736E-04,  4.202024249552071E-03,  7.275579451769439E-01,  9.522350800181421E-04

2461041.500000000, A.D. 2026-Jan-01,  9.324019276738142E-02, -7.232682806967790E-01, -1.562929859873052E-02,  2.031288206901201E-02,  3.489562971840833E-03, -1.129561738379717E-03,  4.212784432621997E-03,  7.294210131220935E-01, -8.393765775066541E-04

2461222.500000000, A.D. 2026-Jul-01, -6.363759563950728E-01, -3.297632006221830E-01,  3.195975493368257E-02,  8.626358136066827E-03, -1.703914303220183E-02, -6.785455650024780E-04,  4.143665952436862E-03,  7.174535192594367E-01,  1.499599350412805E-04

2461406.500000000, A.D. 2027-Jan-01, -5.635404909783666E-01,  4.509438882027983E-01,  3.892833014814036E-02, -1.368099456158909E-02, -1.647519696073539E-02,  6.194945731280906E-04,  4.174560032276765E-03,  7.228026633651256E-01,  4.213057320227635E-04

2461587.500000000, A.D. 2027-Jul-01,  2.336438316537947E-01,  6.816088160568999E-01, -3.799762223275664E-03, -1.944235087798876E-02,  5.469678261015007E-03,  1.196106591577974E-03,  4.161558365882833E-03,  7.205514946131949E-01, -1.136559091962648E-03

2461771.500000000, A.D. 2028-Jan-01,  7.204390789449662E-01,  6.589986399930253E-02, -4.066603984431762E-02, -9.371056219522666E-04,  1.975530506410680E-02,  2.479680298555564E-04,  4.184876121360757E-03,  7.245888388202081E-01,  8.510488914758440E-04

2461953.500000000, A.D. 2028-Jul-01,  3.436851025492949E-01, -6.461855907538249E-01, -2.899017079619293E-02,  1.851994431857906E-02,  1.023762673241978E-02, -9.641418271760757E-04,  4.230407302949113E-03,  7.324723185315478E-01, -3.036664646550507E-04

2462137.500000000, A.D. 2029-Jan-01, -4.291074288652145E-01, -5.774899555998395E-01,  1.667337248913771E-02,  1.524956078738495E-02, -1.138686335300736E-02, -9.678369731949766E-04,  4.156390743362635E-03,  7.196567485101361E-01,  2.218041451194123E-05

2462318.500000000, A.D. 2029-Jul-01, -6.865893472833831E-01,  2.153874142689780E-01,  4.268108971533442E-02, -7.175507614358213E-03, -1.951986763623786E-02,  2.188755613280175E-04,  4.163256842365446E-03,  7.208455766998828E-01,  1.014967898043045E-03

2462502.500000000, A.D. 2030-Jan-01, -9.044458848138291E-02,  7.136478975920064E-01,  1.532576120378973E-02, -2.006482745199016E-02, -3.671757691322792E-03,  1.081493356478159E-03,  4.155598517199281E-03,  7.195195788020873E-01, -1.096582232582643E-03

2462683.500000000, A.D. 2030-Jul-01,  6.442529882200526E-01,  3.205480496846310E-01, -3.264038411712447E-02, -8.228142775798846E-03,  1.728599930617166E-02,  6.411026902205365E-04,  4.160291349986979E-03,  7.203321176113150E-01,  3.041124367641326E-04

2462867.500000000, A.D. 2031-Jan-01,  5.759356306364698E-01, -4.513091683159566E-01, -3.972354950111251E-02,  1.305750275854396E-02,  1.674781687869609E-02, -5.538363453937738E-04,  4.232157714472160E-03,  7.327753928917345E-01, -2.205570155305669E-05

2463048.500000000, A.D. 2031-Jul-01, -2.105697032822493E-01, -6.924897456425146E-01,  2.341032485706468E-03,  1.900195398329280E-02, -4.942784904797132E-03, -1.132686075961835E-03,  4.180322913992437E-03,  7.238004754029306E-01, -8.027897538099270E-04

2463232.500000000, A.D. 2032-Jan-01, -7.139310614506860E-01, -8.995986999346468E-02,  4.008025703447610E-02,  1.402969707317344E-03, -2.032331704804021E-02, -2.895299556239245E-04,  4.162369083395454E-03,  7.206918659991203E-01,  1.130933913037725E-03

2463414.500000000, A.D. 2032-Jul-01, -3.440878431890140E-01,  6.341010068912570E-01,  2.888579458501825E-02, -1.826905159149713E-02, -1.076945871679884E-02,  9.119340330873056E-04,  4.170047902749022E-03,  7.220214123554657E-01, -7.152476488603189E-04

2463598.500000000, A.D. 2033-Jan-01,  4.376706516636490E-01,  5.688690582391863E-01, -1.740153444678592E-02, -1.504102539537134E-02,  1.183151109496717E-02,  9.531137219925412E-04,  4.146606652922823E-03,  7.179626857648834E-01,  1.824322475119894E-04

2463779.500000000, A.D. 2033-Jul-01,  6.960316665340238E-01, -2.184790556182218E-01, -4.337522178542108E-02,  6.874817793290667E-03,  1.977601552658401E-02, -1.814414453596117E-04,  4.220772301781722E-03,  7.308040697936042E-01,  6.462960075050331E-04

2463963.500000000, A.D. 2034-Jan-01,  1.106933891445963E-01, -7.172364849827573E-01, -1.648585893118723E-02,  1.933990239247958E-02,  3.910895470554875E-03, -1.009230652338410E-03,  4.192536973286110E-03,  7.259152742127948E-01, -8.921145038934614E-04

2464144.500000000, A.D. 2034-Jul-01, -6.308844980736520E-01, -3.434534667630662E-01,  3.167131011929802E-02,  8.508274566326723E-03, -1.752122129615576E-02, -6.543442457612098E-04,  4.152668390142791E-03,  7.190122430292026E-01,  8.751752607915866E-04

2464328.500000000, A.D. 2035-Jan-01, -5.769114919781149E-01,  4.337307121113100E-01,  3.956816558184327E-02, -1.256676939929430E-02, -1.735276625605780E-02,  4.860423602172112E-04,  4.174844281908059E-03,  7.228518796631236E-01, -3.559265521731902E-04

2464509.500000000, A.D. 2035-Jul-01,  2.171035649330185E-01,  6.836092005272552E-01, -2.902200489595978E-03, -1.870646260104820E-02,  5.135712886543806E-03,  1.092754297074832E-03,  4.142556379390482E-03,  7.172614026418961E-01, -7.718114030435075E-04

2464693.500000000, A.D. 2036-Jan-01,  7.220319840641705E-01,  8.429744865322605E-02, -4.072670816774234E-02, -1.573485164630676E-03,  2.060363894773699E-02,  3.218605019605789E-04,  4.205017271663287E-03,  7.280761708909763E-01,  8.070848706660421E-04

2464875.500000000, A.D. 2036-Jul-01,  3.606044626685805E-01, -6.341381214005423E-01, -2.983229711391093E-02,  1.742646060610811E-02,  1.097598544777165E-02, -8.290872877210761E-04,  4.216748221427236E-03,  7.301073218787750E-01, -8.923314853378710E-04

2465059.500000000, A.D. 2037-Jan-01, -4.181273629857707E-01, -5.868976501220596E-01,  1.614377363740106E-02,  1.523937742005214E-02, -1.184381984885655E-02, -9.688240299473229E-04,  4.162942832111658E-03,  7.207912075098347E-01,  7.817365998183130E-04

2465240.500000000, A.D. 2037-Jul-01, -6.949867182201794E-01,  1.963172669167935E-01,  4.308592051184287E-02, -6.265099424266887E-03, -2.047044661166198E-02,  1.108758045111217E-04,  4.178392546937725E-03,  7.234662427083157E-01,  4.702858583324251E-04

2465424.500000000, A.D. 2038-Jan-01, -1.066212661860532E-01,  7.079195067287610E-01,  1.602543405662916E-02, -1.919356762916063E-02, -3.747415698487426E-03,  9.847040309119948E-04,  4.135750791984897E-03,  7.160830517104234E-01, -8.248287382428638E-04

2465605.500000000, A.D. 2038-Jul-01,  6.394802200712565E-01,  3.355340052965673E-01, -3.239614037731291E-02, -8.439331403533866E-03,  1.794062184666276E-02,  6.627610951480861E-04,  4.175054772870076E-03,  7.228883250434233E-01,  8.319850801637806E-04

2465789.500000000, A.D. 2039-Jan-01,  5.876847153750308E-01, -4.335000539001032E-01, -4.016099573694685E-02,  1.178642046692881E-02,  1.728232540922121E-02, -4.110182375428782E-04,  4.224066309700494E-03,  7.313744095847259E-01, -7.502080058349312E-04

2465970.500000000, A.D. 2039-Jul-01, -1.954256409832482E-01, -6.945653778085082E-01,  1.604952555533758E-03,  1.837698849383661E-02, -4.957062026374431E-03, -1.055088441254108E-03,  4.167246883305623E-03,  7.215364308728249E-01, -2.079236155677611E-04

2466154.500000000, A.D. 2040-Jan-01, -7.145613212356037E-01, -1.098180531752342E-01,  4.000392697055529E-02,  2.389109752821821E-03, -2.102172810091374E-02, -4.018653197586453E-04,  4.181803126596832E-03,  7.240567662705981E-01,  8.083946856535008E-04

2466336.500000000, A.D. 2040-Jul-01, -3.596570561498602E-01,  6.216083198878037E-01,  2.954337908655101E-02, -1.711571400533969E-02, -1.114984208349377E-02,  7.814516483704362E-04,  4.151239579399158E-03,  7.187648521178351E-01, -1.046184391140194E-03

2466520.500000000, A.D. 2041-Jan-01,  4.268307301082714E-01,  5.798278725974246E-01, -1.684455040340387E-02, -1.540345725276945E-02,  1.233960673809798E-02,  1.001139175965054E-03,  4.159450244996836E-03,  7.201864847967560E-01,  7.821797420950914E-04

2466701.500000000, A.D. 2041-Jul-01,  7.033236963037713E-01, -1.984169338163722E-01, -4.362077121368441E-02,  5.690930810990361E-03,  2.048769699316949E-02, -4.640101136844683E-05,  4.228122315687444E-03,  7.320766852514611E-01, -8.266275687644080E-05

2466885.500000000, A.D. 2042-Jan-01,  1.254641753919273E-01, -7.121352813752836E-01, -1.705568574108363E-02,  1.869087438006337E-02,  3.687409481971772E-03, -9.497586784493841E-04,  4.177456063303709E-03,  7.233040955934988E-01, -3.659601315742718E-04

2467066.500000000, A.D. 2042-Jul-01, -6.257800447516366E-01, -3.597514484534458E-01,  3.136975444114305E-02,  9.080830580912547E-03, -1.817642699198650E-02, -7.213761927036421E-04,  4.172810318033404E-03,  7.224997097351735E-01,  1.153999047350173E-03

2467250.500000000, A.D. 2043-Jan-01, -5.871339276030192E-01,  4.154693731531997E-01,  3.981314664104212E-02, -1.125775153748844E-02, -1.751734128660018E-02,  3.512603950292851E-04,  4.160482875909257E-03,  7.203652792967753E-01, -9.080478538499153E-04

2467431.500000000, A.D. 2043-Jul-01,  2.028689778721572E-01,  6.867536757468695E-01, -2.257540803472899E-03, -1.834557924296623E-02,  5.409637252794405E-03,  1.055476123075770E-03,  4.135817705799780E-03,  7.160946374783220E-01, -1.262880856956103E-05

2467615.500000000, A.D. 2044-Jan-01,  7.216159762718155E-01,  1.051081005348777E-01, -4.049145565534588E-02, -2.818218278805435E-03,  2.104915041228651E-02,  4.584445904989451E-04,  4.218172609697195E-03,  7.303539470625624E-01,  2.193481598050009E-04

2467797.500000000, A.D. 2044-Jul-01,  3.743825480622790E-01, -6.219324690313094E-01, -3.030172018735098E-02,  1.637103834374230E-02,  1.098330490928714E-02, -7.221707273472594E-04,  4.196225022318174E-03,  7.265538401077362E-01, -9.358699079929748E-04

2467981.500000000, A.D. 2045-Jan-01, -4.066749763979739E-01, -5.989054578917363E-01,  1.548636848348026E-02,  1.593897381277137E-02, -1.224187137111403E-02, -1.056278271062931E-03,  4.182018133568723E-03,  7.240939935737688E-01,  1.150933266566846E-03

2468162.500000000, A.D. 2045-Jul-01, -7.006787497199329E-01,  1.752557813575399E-01,  4.312451104323484E-02, -4.898090101963155E-03, -2.084121379575215E-02, -3.524777217387507E-05,  4.178877965614941E-03,  7.235502903468758E-01, -3.069249027442945E-04

2468346.500000000, A.D. 2046-Jan-01, -1.209204257260104E-01,  7.040277575157572E-01,  1.656287242791253E-02, -1.887134888962133E-02, -3.367619176782764E-03,  9.706631834682874E-04,  4.126773194288926E-03,  7.145286288550576E-01, -1.020097194410292E-04

2468527.500000000, A.D. 2046-Jul-01,  6.338827569995642E-01,  3.532052555765955E-01, -3.198745334346943E-02, -9.358909405438513E-03,  1.847427556746234E-02,  7.685765954973349E-04,  4.195048443182608E-03,  7.263501217454964E-01,  7.822331159176150E-04

2468711.500000000, A.D. 2047-Jan-01,  5.962186348966886E-01, -4.158663371576083E-01, -4.023474718201436E-02,  1.061294192208720E-02,  1.708829016583695E-02, -3.033788904711061E-04,  4.204800687929267E-03,  7.280386705799061E-01, -1.052972256211655E-03

2468892.500000000, A.D. 2047-Jul-01, -1.817641067852898E-01, -6.986509643691030E-01,  9.918535754474529E-04,  1.833746553454495E-02, -5.373948361571026E-03, -1.063138367412151E-03,  4.169397623172253E-03,  7.219088199370104E-01,  5.822988616963088E-04

2469076.500000000, A.D. 2048-Jan-01, -7.123322421559539E-01, -1.312502880171051E-01,  3.955536507843922E-02,  3.779825671420039E-03, -2.110551753169697E-02, -5.451973535471058E-04,  4.189574247003927E-03,  7.254022940589520E-01,  7.726482174608273E-05

2469258.500000000, A.D. 2048-Jul-01, -3.723899158544625E-01,  6.100799851204148E-01,  2.990341032404584E-02, -1.628260998562006E-02, -1.087888339358663E-02,  7.114604407069147E-04,  4.131680241394007E-03,  7.153782577235818E-01, -7.719470881313347E-04

2469442.500000000, A.D. 2049-Jan-01,  4.144312489414256E-01,  5.930190229733181E-01, -1.603532469171159E-02, -1.639702594096030E-02,  1.250540989644079E-02,  1.117097539293655E-03,  4.179504244219478E-03,  7.236587271258098E-01,  8.327032822080477E-04

2469623.500000000, A.D. 2049-Jul-01,  7.073951218746557E-01, -1.774483250197233E-01, -4.346843100299437E-02,  4.311897408985872E-03,  2.048593300659970E-02,  9.032947250469579E-05,  4.219628914285683E-03,  7.306060983855982E-01, -8.060510131125464E-04

2469807.500000000, A.D. 2050-Jan-01,  1.393808477662200E-01, -7.094215972483509E-01, -1.760549836694838E-02,  1.872564010437068E-02,  3.270532274024278E-03, -9.813654133146775E-04,  4.176845820816123E-03,  7.231984353821435E-01,  4.246231396241247E-04

2469988.500000000, A.D. 2050-Jul-01, -6.187492788826739E-01, -3.782862497989138E-01,  3.077967729960199E-02,  1.025913747907714E-02, -1.843507964945076E-02, -8.512943895417843E-04,  4.192320400671037E-03,  7.258777758269108E-01,  8.261730577404458E-04

2470172.500000000, A.D. 2051-Jan-01, -5.944764717305790E-01,  3.985520916109667E-01,  3.977282604481311E-02, -1.032270654765094E-02, -1.705483749748488E-02,  2.824150787900521E-04,  4.139995006754812E-03,  7.168179147177512E-01, -9.059518887786461E-04

2470353.500000000, A.D. 2051-Jul-01,  1.890640453037610E-01,  6.923717887243334E-01, -1.587163638832853E-03, -1.868065088361338E-02,  5.813489620465211E-03,  1.108954683530567E-03,  4.145222831876601E-03,  7.177230845781484E-01,  6.847998905130530E-04

2470537.500000000, A.D. 2052-Jan-01,  7.178898448955631E-01,  1.264135215022132E-01, -3.985874295300162E-02, -4.197548680264921E-03,  2.076839404164277E-02,  5.892496668779610E-04,  4.216266545956675E-03,  7.300239223563564E-01, -5.636233042150840E-04

2470719.500000000, A.D. 2052-Jul-01,  3.860712996173739E-01, -6.116216253635237E-01, -3.059655339796728E-02,  1.586401823668934E-02,  1.052585587631427E-02, -6.979258203182176E-04,  4.181045317081716E-03,  7.239255556204666E-01, -4.031420285223059E-04

2470903.500000000, A.D. 2053-Jan-01, -3.927582266070893E-01, -6.123560088637057E-01,  1.448488536138521E-02,  1.708581472149879E-02, -1.207075575801154E-02, -1.181898920263863E-03,  4.202453504871984E-03,  7.276322684316338E-01,  9.123919983009738E-04

2471084.500000000, A.D. 2053-Jul-01, -7.030562078553535E-01,  1.545440597181717E-01,  4.279498332685052E-02, -3.629002333759500E-03, -2.047935392551679E-02, -1.464612145324390E-04,  4.164798746062251E-03,  7.211125490490853E-01, -8.595574755074919E-04

2471268.500000000, A.D. 2054-Jan-01, -1.355625780625760E-01,  7.025954902744542E-01,  1.723119045796472E-02, -1.925133752136767E-02, -3.088644576354477E-03,  1.040879457293378E-03,  4.133893763304364E-03,  7.157615171616670E-01,  6.393593066154413E-04

2471449.500000000, A.D. 2054-Jul-01,  6.254975587522615E-01,  3.723071472019256E-01, -3.121263242104482E-02, -1.068325606261446E-02,  1.839804485014899E-02,  9.057952020729195E-04,  4.207947835114665E-03,  7.285835822232933E-01,  1.909194171599197E-04

2471633.500000000, A.D. 2055-Jan-01,  6.027076551580247E-01, -4.004106151751084E-01, -4.015252908979106E-02,  1.002604658216450E-02,  1.647199236617940E-02, -2.815643405914147E-04,  4.185547278956201E-03,  7.247050461555375E-01, -7.471730091522425E-04

2471814.500000000, A.D. 2055-Jul-01, -1.673864210836504E-01, -7.051743838732888E-01,  2.135169421095452E-04,  1.898980988372326E-02, -5.626703882648187E-03, -1.152207855506361E-03,  4.185912931561377E-03,  7.247683569415474E-01,  1.088520362036381E-03

2471998.500000000, A.D. 2056-Jan-01, -7.068162273357536E-01, -1.519882752770179E-01,  3.874975067188148E-02,  5.011702434615865E-03, -2.046770548137731E-02, -6.466732936016981E-04,  4.181535731882662E-03,  7.240104683110342E-01, -6.305983148702028E-04

2472180.500000000, A.D. 2056-Jul-01, -3.840953512158882E-01,  6.009732496887878E-01,  3.023260778164406E-02, -1.613263800245630E-02, -1.040551497349465E-02,  7.326355408501267E-04,  4.122976226362483E-03,  7.138712042381576E-01, -4.876986990661048E-05

2472364.500000000, A.D. 2057-Jan-01,  3.989699195834117E-01,  6.066319868917388E-01, -1.484444429680748E-02, -1.757897214960963E-02,  1.196451041268651E-02,  1.234920706807465E-03,  4.194313756335704E-03,  7.262229146612587E-01,  3.115323170551275E-04

2472545.500000000, A.D. 2057-Jul-01,  7.085494295649398E-01, -1.579248570022870E-01, -4.302966684370318E-02,  3.305721880414805E-03,  1.985349474364281E-02,  1.613630001728932E-04,  4.200013584740688E-03,  7.272098093567458E-01, -1.100145173458550E-03

2472729.500000000, A.D. 2058-Jan-01,  1.547584530611438E-01, -7.087875181063074E-01, -1.841256821072881E-02,  1.936420513600329E-02,  3.231916141681882E-03, -1.076370796493769E-03,  4.191406890930544E-03,  7.257196065184487E-01,  1.000181550845474E-03

2472910.500000000, A.D. 2058-Jul-01, -6.084510995624840E-01, -3.971725060084830E-01,  2.979799459721215E-02,  1.157284310828867E-02, -1.796983608890774E-02, -9.758574076493271E-04,  4.200063435522600E-03,  7.272184407520684E-01,  9.149537498142981E-05

2473094.500000000, A.D. 2059-Jan-01, -6.008668617414658E-01,  3.842559398629669E-01,  3.972749892492085E-02, -1.008798507291103E-02, -1.644140392508940E-02,  3.049526234555192E-04,  4.125644355553607E-03,  7.143331764868823E-01, -3.416559511163886E-04

2473275.500000000, A.D. 2059-Jul-01,  1.734476097759486E-01,  6.999099159920098E-01, -6.319340439024220E-04, -1.958746242883899E-02,  5.784755748009570E-03,  1.220284482413879E-03,  4.164618755074762E-03,  7.210813845756717E-01,  9.023090102936805E-04

2473459.500000000, A.D. 2060-Jan-01,  7.113894019318568E-01,  1.458939198548570E-01, -3.896782846660136E-02, -5.150946268218386E-03,  1.988807833096972E-02,  6.491177005156892E-04,  4.200189504300738E-03,  7.272402688843508E-01, -1.083649544685824E-03

2473641.500000000, A.D. 2060-Jul-01,  3.979327085418301E-01, -6.038349197221359E-01, -3.101102464735150E-02,  1.606210634004381E-02,  1.015974376963608E-02, -7.583993559810542E-04,  4.180488907903380E-03,  7.238292163576668E-01,  3.873125759919533E-04

2473825.500000000, A.D. 2061-Jan-01, -3.757055947446215E-01, -6.250367273331843E-01,  1.313196968547382E-02,  1.812888315686466E-02, -1.117272131677419E-02, -1.272734975536655E-03,  4.212558918180698E-03,  7.293819665069924E-01,  2.132282243898560E-04

2474006.500000000, A.D. 2061-Jul-01, -7.032986328780642E-01,  1.361501528822721E-01,  4.230451163158406E-02, -2.947686251102995E-03, -1.968871107041623E-02, -1.717961512218586E-04,  4.144535064867116E-03,  7.176040014119257E-01, -8.567191136139876E-04

2474190.500000000, A.D. 2062-Jan-01, -1.524534137067456E-01,  7.024187412412859E-01,  1.823042618923431E-02, -2.003535625807486E-02, -3.401751700136923E-03,  1.143129914092986E-03,  4.152619689214499E-03,  7.190038107248624E-01,  9.538809731493411E-04

2474371.500000000, A.D. 2062-Jul-01,  6.138855937029699E-01,  3.905680713629309E-01, -3.008530115045554E-02, -1.184949387526683E-02,  1.760074388827051E-02,  1.001526336272854E-03,  4.205846759633118E-03,  7.282197922808202E-01, -5.905857183489040E-04

2474555.500000000, A.D. 2063-Jan-01,  6.094395575410472E-01, -3.875639397914095E-01, -4.020837282752890E-02,  1.013805854247566E-02,  1.600043173439501E-02, -3.416628690755583E-04,  4.177736644689650E-03,  7.233526767545027E-01, -1.232972678407716E-05

2474736.500000000, A.D. 2063-Jul-01, -1.504079923106558E-01, -7.127374343618922E-01, -9.216165495698997E-04,  1.999731567641087E-02, -5.250117002040529E-03, -1.266160795080153E-03,  4.207091735979232E-03,  7.284353532529565E-01,  1.009514064771857E-03

2474920.500000000, A.D. 2064-Jan-01, -6.993791253403072E-01, -1.700593836000524E-01,  3.781494150904584E-02,  5.619298686473378E-03, -1.944981564957105E-02, -6.597231899921960E-04,  4.162707891269189E-03,  7.207505287639653E-01, -8.981525616399450E-04

2475102.500000000, A.D. 2064-Jul-01, -3.970618966936382E-01,  5.940174224155781E-01,  3.080744967104229E-02, -1.659054834899521E-02, -1.030045544077327E-02,  8.178318723051544E-04,  4.130460558689724E-03,  7.151670762097697E-01,  6.907755329964348E-04

2475286.500000000, A.D. 2065-Jan-01,  3.807349045277971E-01,  6.183624172284197E-01, -1.338092699907577E-02, -1.838081833000790E-02,  1.079396119557803E-02,  1.286962112822642E-03,  4.194753023094612E-03,  7.262989713428758E-01, -4.693107593185500E-04

2475467.500000000, A.D. 2065-Jul-01,  7.086667465670946E-01, -1.411877827437749E-01, -4.258149644616697E-02,  3.003448138643884E-03,  1.906361258761842E-02,  1.406893747350096E-04,  4.180596612923023E-03,  7.238478649037302E-01, -7.862095933962386E-04

2475651.500000000, A.D. 2066-Jan-01,  1.728590616986110E-01, -7.083133645561842E-01, -1.957608519033934E-02,  2.013950199302088E-02,  3.901830629080177E-03, -1.166778654811815E-03,  4.212452999372033E-03,  7.293636272337726E-01,  1.015155633592205E-03

2475832.500000000, A.D. 2066-Jul-01, -5.954311496249198E-01, -4.141001220619822E-01,  2.856161943968634E-02,  1.245974379490119E-02, -1.690370029124226E-02, -1.029622813602314E-03,  4.192059359213472E-03,  7.258325778996281E-01, -6.179151040502658E-04

2476016.500000000, A.D. 2067-Jan-01, -6.085978012521673E-01,  3.720557351233902E-01,  3.993947344496065E-02, -1.043362691300350E-02, -1.624141924268497E-02,  3.864858451766840E-04,  4.126210394061545E-03,  7.144311830164187E-01,  4.515554071187689E-04

2476197.500000000, A.D. 2067-Jul-01,  1.548101753629947E-01,  7.073544372315693E-01,  6.905187554890598E-04, -2.057252742670128E-02,  5.030806370045982E-03,  1.319362059452067E-03,  4.182037497956814E-03,  7.240973464136318E-01,  5.173857855164023E-04

2476381.500000000, A.D. 2068-Jan-01,  7.040740827678875E-01,  1.623702039702486E-01, -3.809647096051999E-02, -5.386215418344035E-03,  1.890720368636859E-02,  6.175592670701416E-04,  4.178920732397255E-03,  7.235576951856901E-01, -1.030816194541406E-03

2476563.500000000, A.D. 2068-Jul-01,  4.119143008028873E-01, -5.973974325531370E-01, -3.174954833360059E-02,  1.667053317072422E-02,  1.037913011189665E-02, -8.517019977003640E-04,  4.194971385562381E-03,  7.263367796321476E-01,  9.546625026219685E-04

2476747.500000000, A.D. 2069-Jan-01, -3.566862848485939E-01, -6.349874137999668E-01,  1.163202775722259E-02,  1.857547690474243E-02, -9.845029356610750E-03, -1.277340146664640E-03,  4.206898913157376E-03,  7.284019670162948E-01, -5.340542587210519E-04

2476928.500000000, A.D. 2069-Jul-01, -7.036857067582867E-01,  1.204893665290937E-01,  4.194739097233249E-02, -2.969647724779895E-03, -1.903542725535546E-02, -1.146860646909878E-04,  4.130407654273036E-03,  7.151579160939754E-01, -2.917938682801281E-04

2477112.500000000, A.D. 2070-Jan-01, -1.721224155749389E-01,  7.011896194876543E-01,  1.955352316014193E-02, -2.066219260724582E-02, -4.424179191672849E-03,  1.204549994327356E-03,  4.171489205845020E-03,  7.222709662505947E-01,  6.615123647727658E-04

2477293.500000000, A.D. 2070-Jul-01,  6.003913269073591E-01,  4.060610252062734E-01, -2.883211434742147E-02, -1.239132049330704E-02,  1.642031278713102E-02,  1.008872033563918E-03,  4.189487080986226E-03,  7.253872017308356E-01, -1.104348436921759E-03

2477477.500000000, A.D. 2071-Jan-01,  6.183167199711168E-01, -3.759915167877677E-01, -4.059680712710768E-02,  1.061596121066342E-02,  1.614176576517125E-02, -4.279961430289809E-04,  4.186088704844862E-03,  7.247987911421502E-01,  7.067266178809660E-04

2477658.500000000, A.D. 2071-Jul-01, -1.305034019970060E-01, -7.190390581385501E-01, -2.377105832012677E-03,  2.079121044076996E-02, -4.173573164738129E-03, -1.332715166450844E-03,  4.220690771119370E-03,  7.307899531970194E-01,  3.979343544774528E-04

2477842.500000000, A.D. 2072-Jan-01, -6.923109064440267E-01, -1.852209483725872E-01,  3.704544052996323E-02,  5.531099854486866E-03, -1.862465040010672E-02, -5.933586120171714E-04,  4.144607711407396E-03,  7.176165797704577E-01, -5.595558772895691E-04

2478024.500000000, A.D. 2072-Jul-01, -4.126099870918749E-01,  5.872944506833334E-01,  3.173122363189019E-02, -1.719162277754329E-02, -1.089900369722388E-02,  8.992449795663181E-04,  4.149414076262504E-03,  7.184487760477934E-01,  1.003613661208752E-03

2478208.500000000, A.D. 2073-Jan-01,  3.616672249863234E-01,  6.268370573077681E-01, -1.192498114255809E-02, -1.846662803605711E-02,  9.463996513930066E-03,  1.246510709364288E-03,  4.180254908811551E-03,  7.237887006708660E-01, -1.051764150904938E-03

2478389.500000000, A.D. 2073-Jul-01,  7.100350279606430E-01, -1.267364426706565E-01, -4.238724200471184E-02,  3.289329132125588E-03,  1.868125026489963E-02,  6.021909049581213E-05,  4.172821167801439E-03,  7.225015883142747E-01, -4.790137853674003E-05

2478573.500000000, A.D. 2074-Jan-01,  1.932490404064459E-01, -7.057085597349793E-01, -2.096792758882510E-02,  2.048949375006298E-02,  5.163137063701398E-03, -1.186902432535834E-03,  4.227621887464139E-03,  7.319900387905569E-01,  4.655689980399591E-04

2478754.500000000, A.D. 2074-Jul-01, -5.816532734144864E-01, -4.278462484248010E-01,  2.734886054085450E-02,  1.262388338005410E-02, -1.573375986836257E-02, -9.916185428793282E-04,  4.173270225458476E-03,  7.225793402373520E-01, -8.832422401460739E-04

2478938.500000000, A.D. 2075-Jan-01, -6.188121502491305E-01,  3.600416226475537E-01,  4.049202669873588E-02, -1.087008566242321E-02, -1.675069384907148E-02,  4.571860788514486E-04,  4.141485831849034E-03,  7.170760430810716E-01,  9.958587880123401E-04

2479119.500000000, A.D. 2075-Jul-01,  1.338265931933968E-01,  7.124978116024010E-01,  2.232865323776628E-03, -2.108401431490672E-02,  3.716253069394407E-03,  1.343351848776617E-03,  4.187022449034279E-03,  7.249604639368381E-01, -2.355716098121878E-04

2479303.500000000, A.D. 2076-Jan-01,  6.981690064625509E-01,  1.765126129927177E-01, -3.749869872507684E-02, -5.063084114803461E-03,  1.837975955891271E-02,  5.317022796924462E-04,  4.164796776366498E-03,  7.211122080068375E-01, -4.306780003116700E-04

2479485.500000000, A.D. 2076-Jul-01,  4.284858553081585E-01, -5.900192478924872E-01, -3.280347741425274E-02,  1.712993858114497E-02,  1.130378114937423E-02, -9.050277884154235E-04,  4.215728464562893E-03,  7.299307564510814E-01,  9.592361804890567E-04

2479669.500000000, A.D. 2077-Jan-01, -3.380459880542342E-01, -6.416388823005891E-01,  1.028588350928695E-02,  1.830281666484680E-02, -8.654678134037924E-03, -1.198360101080572E-03,  4.189068069932808E-03,  7.253146522159050E-01, -8.911193638174180E-04

2479850.500000000, A.D. 2077-Jul-01, -7.061327582540173E-01,  1.063022280375498E-01,  4.192011269882383E-02, -3.367405914768334E-03, -1.898944135965421E-02, -3.033884926677111E-05,  4.131336624950555E-03,  7.153187623806996E-01,  5.003977413718367E-04

2480034.500000000, A.D. 2078-Jan-01, -1.932409445324785E-01,  6.970046580833633E-01,  2.097503129857937E-02, -2.066211512546686E-02, -5.822576354611169E-03,  1.177674236236983E-03,  4.179167251484979E-03,  7.236003786425813E-01, -5.651523350239332E-05

2480215.500000000, A.D. 2078-Jul-01,  5.873062727277180E-01,  4.184801102781429E-01, -2.774766445235555E-02, -1.223208515494438E-02,  1.542946298836221E-02,  9.362495795630505E-04,  4.168084757213883E-03,  7.216815042428978E-01, -1.043446038018473E-03

2480399.500000000, A.D. 2079-Jan-01,  6.296023450298573E-01, -3.633954948842071E-01, -4.127860786393234E-02,  1.089301675939698E-02,  1.697181168991484E-02, -4.682475366706687E-04,  4.205272738079737E-03,  7.281204035298129E-01,  9.752749559477259E-04

2480580.500000000, A.D. 2079-Jul-01, -1.092177877217254E-01, -7.222922835739002E-01, -3.909108212680005E-03,  2.092919904818258E-02, -2.767957618241478E-03, -1.308888593240923E-03,  4.219094013801894E-03,  7.305134832378152E-01, -3.852766707576076E-04

2480764.500000000, A.D. 2080-Jan-01, -6.874017952838195E-01, -1.989907199189851E-01,  3.661170434366567E-02,  5.112333569243921E-03, -1.843564847798466E-02, -5.064750134404756E-04,  4.138508309410910E-03,  7.165605010522434E-01,  1.894505426556672E-04

2480946.500000000, A.D. 2080-Jul-01, -4.303127477586808E-01,  5.785033175580148E-01,  3.287706314045483E-02, -1.737267516989921E-02, -1.208803921100295E-02,  9.109290318196165E-04,  4.168452300604820E-03,  7.217451424083134E-01,  7.103081726698223E-04

2481130.500000000, A.D. 2081-Jan-01,  3.440129493856067E-01,  6.325108384071392E-01, -1.073844853119260E-02, -1.794685188497178E-02,  8.541221421969536E-03,  1.144869468312636E-03,  4.158895306102095E-03,  7.200904001056695E-01, -1.088513953595543E-03

2481311.500000000, A.D. 2081-Jul-01,  7.138542222955940E-01, -1.126220675334882E-01, -4.253398925058970E-02,  3.675011775634530E-03,  1.900675419767963E-02, -1.033457425269133E-05,  4.181095223294986E-03,  7.239341966134314E-01,  6.675776487838582E-04

2481495.500000000, A.D. 2082-Jan-01,  2.139659440129624E-01, -6.997791567036160E-01, -2.231006466776995E-02,  2.011281878908254E-02,  6.522375255684172E-03, -1.115062301800065E-03,  4.228255480768349E-03,  7.320997420704792E-01, -3.222059393582568E-04

2481676.500000000, A.D. 2082-Jul-01, -5.693321837597142E-01, -4.390719153586914E-01,  2.641492586365305E-02,  1.222160607622559E-02, -1.501499792486051E-02, -8.985104575250131E-04,  4.155247751949532E-03,  7.194588456817645E-01, -5.409953160109356E-04

2481860.500000000, A.D. 2083-Jan-01, -6.308895252789483E-01,  3.459481707247023E-01,  4.124021335725019E-02, -1.084525173398077E-02, -1.781107228415238E-02,  4.539546863097505E-04,  4.162392000606228E-03,  7.206958339911615E-01,  9.701305291024728E-04

2482041.500000000, A.D. 2083-Jul-01,  1.126090121228516E-01,  7.142556188972150E-01,  3.702081802785347E-03, -2.086286294712142E-02,  2.357833703232620E-03,  1.276464636742293E-03,  4.176205317119841E-03,  7.230875356049242E-01, -9.134783916783916E-04

2482225.500000000, A.D. 2084-Jan-01,  6.947650724847712E-01,  1.903630294092277E-01, -3.724418096766804E-02, -4.691391640407327E-03,  1.856523484156574E-02,  4.625708952893780E-04,  4.166081656855878E-03,  7.213346781672015E-01,  3.569649799062248E-04

2482407.500000000, A.D. 2084-Jul-01,  4.463598951014519E-01, -5.797770839134297E-01, -3.394953623114143E-02,  1.696787721468076E-02,  1.260457181511035E-02, -8.704704811351918E-04,  4.230468397506412E-03,  7.324828967262299E-01,  4.034088347389927E-04

2482591.500000000, A.D. 2085-Jan-01, -3.216632682225948E-01, -6.463378609179738E-01,  9.287334538129830E-03,  1.763574210185003E-02, -8.075773742882594E-03, -1.090625044983001E-03,  4.170012799620759E-03,  7.220153344372169E-01, -6.415668661512616E-04

2482772.500000000, A.D. 2085-Jul-01, -7.109288455123353E-01,  9.129406521334572E-02,  4.218583043220134E-02, -3.574336165271231E-03, -1.963150263476230E-02,  8.807678472435761E-06,  4.146862678941062E-03,  7.180070152957665E-01,  1.043486407437422E-03

2482956.500000000, A.D. 2086-Jan-01, -2.134273070018267E-01,  6.895782861292461E-01,  2.219711571154928E-02, -1.995310311322331E-02, -7.023586938208389E-03,  1.070218728394442E-03,  4.171036554248821E-03,  7.221925920562412E-01, -7.768290851562150E-04

2483137.500000000, A.D. 2086-Jul-01,  5.764514155736692E-01,  4.293182274826803E-01, -2.700447426357515E-02, -1.173280928355478E-02,  1.507450540975586E-02,  8.422298795063339E-04,  4.154118060593385E-03,  7.192632456868692E-01, -4.370841336004875E-04

2483321.500000000, A.D. 2087-Jan-01,  6.418456268492624E-01, -3.479622086923106E-01, -4.201764322871891E-02,  1.052399140133707E-02,  1.812467410435267E-02, -4.188568815563786E-04,  4.223673278400402E-03,  7.313063583246419E-01,  6.367722616941396E-04

2483502.500000000, A.D. 2087-Jul-01, -8.887998183980315E-02, -7.223330158233380E-01, -5.231086737318573E-03,  2.037647461905173E-02, -1.611320603804099E-03, -1.208416595071894E-03,  4.203418913389733E-03,  7.277994237348197E-01, -8.805026082382374E-04

2483686.500000000, A.D. 2088-Jan-01, -6.848181802860908E-01, -2.135700316886948E-01,  3.646180579886598E-02,  4.933254390401711E-03, -1.891801917030678E-02, -4.707257931958466E-04,  4.148404745225727E-03,  7.182740157961841E-01,  8.976743311474928E-04

2483868.500000000, A.D. 2088-Jul-01, -4.481733430674458E-01,  5.664816729651240E-01,  3.396673109211602E-02, -1.682981957093079E-02, -1.337451950949951E-02,  8.307723539958226E-04,  4.176440879629037E-03,  7.231283219890509E-01, -7.640504741753655E-06

2484052.500000000, A.D. 2089-Jan-01,  3.290139369977424E-01,  6.373559276578956E-01, -9.912894758112380E-03, -1.730707250262043E-02,  8.331358786957276E-03,  1.051570687044448E-03,  4.142987531181691E-03,  7.173360542604118E-01, -5.501623135879945E-04

2484233.500000000, A.D. 2089-Jul-01,  7.195010570471464E-01, -9.661297940913004E-02, -4.287828202075511E-02,  3.608180381327049E-03,  1.988587135378024E-02, -7.650071501210580E-06,  4.200094112631944E-03,  7.272237523288974E-01,  9.284409901454299E-04

2484417.500000000, A.D. 2090-Jan-01,  2.326945294381111E-01, -6.911414227188093E-01, -2.333996010828493E-02,  1.916115570821392E-02,  7.421601176126493E-03, -9.873679484995834E-04,  4.214023209893785E-03,  7.296355007577826E-01, -8.876140970438541E-04

2484598.500000000, A.D. 2090-Jul-01, -5.595884506252928E-01, -4.498291729371954E-01,  2.583177333434587E-02,  1.176052893215482E-02, -1.501119803662409E-02, -8.212006492981463E-04,  4.149350390246146E-03,  7.184377491558849E-01,  2.090724841148957E-04

2484782.500000000, A.D. 2091-Jan-01, -6.427970446890183E-01,  3.286735443854455E-01,  4.189540214655227E-02, -1.009410983748012E-02, -1.890947054805355E-02,  3.602265038197210E-04,  4.176660488695557E-03,  7.231663461202053E-01,  3.989581382027327E-04

2484963.500000000, A.D. 2091-Jul-01,  9.330238076150263E-02,  7.134284659397740E-01,  4.855022763727387E-03, -2.010420986272330E-02,  1.497116205589856E-03,  1.159649845767058E-03,  4.155601154983073E-03,  7.195200355201932E-01, -1.114708638591840E-03

2485147.500000000, A.D. 2092-Jan-01,  6.930520422893558E-01,  2.061063212214371E-01, -3.716359129559382E-02, -4.810637612029998E-03,  1.926679125540626E-02,  4.705031819626559E-04,  4.181499528615777E-03,  7.240041999096877E-01,  8.556575469883990E-04

2485329.500000000, A.D. 2092-Jul-01,  4.632182550421925E-01, -5.663656292959245E-01, -3.489291280539700E-02,  1.609802679079176E-02,  1.370982692618889E-02, -7.552194260897840E-04,  4.230576809739090E-03,  7.325016677224341E-01, -3.843309602666156E-04

2485513.500000000, A.D. 2093-Jan-01, -3.078674980836926E-01, -6.514275317543428E-01,  8.603595576575094E-03,  1.714066151616928E-02, -8.192950870600305E-03, -1.026682955455943E-03,  4.161637681538790E-03,  7.205652276933109E-01,  7.109421886366353E-05

2485694.500000000, A.D. 2093-Jul-01, -7.166334335699608E-01,  7.360238392587636E-02,  4.250983460588530E-02, -3.141403578736794E-03, -2.059923036590241E-02, -4.124399621042537E-05,  4.167939428694352E-03,  7.216563413897665E-01,  1.016174948342801E-03

2485878.500000000, A.D. 2094-Jan-01, -2.309069698681243E-01,  6.803439786461455E-01,  2.304589013311035E-02, -1.889327446481097E-02, -7.577860145518174E-03,  9.404412026937894E-04,  4.151617859539306E-03,  7.188303492937489E-01, -1.072978428906690E-03

2486059.500000000, A.D. 2094-Jul-01,  5.680017915347253E-01,  4.408512965002160E-01, -2.655362833318322E-02, -1.146577992511236E-02,  1.539435734409346E-02,  7.986366157198889E-04,  4.155488433547256E-03,  7.195005184085942E-01,  3.513995456412454E-04

2486243.500000000, A.D. 2095-Jan-01,  6.527577792030905E-01, -3.295576149451683E-01, -4.252785323485682E-02,  9.467563944121168E-03,  1.902319598848760E-02, -2.928726403769472E-04,  4.230383099051598E-03,  7.324681277566035E-01, -1.047934188499361E-04

2486424.500000000, A.D. 2095-Jul-01, -7.112901181597567E-02, -7.207842984706350E-01, -6.184890880863744E-03,  1.952632657551812E-02, -1.121301306413964E-03, -1.092952088920145E-03,  4.183276120437351E-03,  7.243118072480462E-01, -7.923550921631031E-04

2486608.500000000, A.D. 2096-Jan-01, -6.829530871960385E-01, -2.307292052821988E-01,  3.634754087016029E-02,  5.413135318517224E-03, -1.967411862955782E-02, -5.252197434035162E-04,  4.168716277894255E-03,  7.217908486591270E-01,  1.140754048454287E-03

2486790.500000000, A.D. 2096-Jul-01, -4.639360051604124E-01,  5.517982439933700E-01,  3.473829264918552E-02, -1.571016545004457E-02, -1.420168801672548E-02,  6.943576923333335E-04,  4.168486779136560E-03,  7.217511121810271E-01, -7.257824761302431E-04

2486974.500000000, A.D. 2097-Jan-01,  3.161265215151838E-01,  6.436235183381649E-01, -9.309448435288749E-03, -1.710120471666798E-02,  8.685533325856759E-03,  1.030247737052749E-03,  4.141791178737935E-03,  7.171289122559886E-01,  2.433009126622097E-04

2487155.500000000, A.D. 2097-Jul-01,  7.249495239205427E-01, -7.759353293010979E-02, -4.313098271813168E-02,  2.819997885687885E-03,  2.080710342956339E-02,  8.538265937581316E-05,  4.218235722704302E-03,  7.303648747409950E-01,  5.835122091399981E-04

2487339.500000000, A.D. 2098-Jan-01,  2.483878088552772E-01, -6.818526554095573E-01, -2.398958152389943E-02,  1.814035354427546E-02,  7.592663904528730E-03, -8.745578145898345E-04,  4.193499807959718E-03,  7.260819838686826E-01, -8.955670498218930E-04

2487520.500000000, A.D. 2098-Jul-01, -5.516339105153981E-01, -4.622961836584374E-01,  2.543105359956675E-02,  1.178161242702520E-02, -1.552963624835661E-02, -8.203564906731189E-04,  4.159433798057045E-03,  7.201836370974073E-01,  9.154499936910390E-04

2487704.500000000, A.D. 2099-Jan-01, -6.523046510686846E-01,  3.090873006236400E-01,  4.221104582730604E-02, -8.807612316322027E-03, -1.950092518973125E-02,  2.164011539473385E-04,  4.176055574314090E-03,  7.230616084418269E-01, -3.777096247345680E-04

2487885.500000000, A.D. 2099-Jul-01,  7.684477897845203E-02,  7.121886173931573E-01,  5.648917593100600E-03, -1.933369650366878E-02,  1.361499297506626E-03,  1.064911006365661E-03,  4.137261655633690E-03,  7.163446496419148E-01, -7.119949009515299E-04

2488069.500000000, A.D. 2100-Jan-01,  6.908985164981046E-01,  2.246625599550566E-01, -3.696602423790288E-02, -5.648422550684686E-03,  1.995361868068358E-02,  5.670492783321728E-04,  4.201388942339670E-03,  7.274479451430172E-01,  7.689659977938819E-04
